scenario,real_time_plot,extrude_speed_slider,extrude_angle_slider,extrude_length_slider,down_length_slider,down_speed_slider,delay_after_down,shear_length,shear_speed,delay_after_shear,back_speed,moving_speed,moving_step_angle,time_delay,variable1,variable3,search_start,search_end,ground_height,extrude_back_speed
leg,True,1.0,0.0,5.0,4.0,1.0,3.0,17.0,1.0,0.0,1.0,10.0,5.0,0.0,18.0,0.0,16.9,27.0,20.0,2.0
time,toeforce_x,toeforce_y,toeforce_x_loadcell,toeforce_yloadcell,toe_position_x,toe_position_y,toe_velocity_x,toe_velocity_y,position,position1,torque,torque1,theta command,length command,state flag,current
0.004523515701293945,-0.280065655708313,-0.5659305453300476,0.0,0.0,-0.0009336276561953127,-0.20043078064918518,0.0,0.0,-0.2708291813739156,-0.24244566820666344,-0.003607291728258133,0.05921269953250885,0.0,0.0,0.0,0.0
0.00938868522644043,-0.280065655708313,-0.5659305453300476,0.0,0.0,-0.0009336276561953127,-0.20043078064918518,0.0,0.0,-0.2708291813739156,-0.24244566820666344,-0.003607291728258133,0.05921269953250885,0.0,0.0,0.0,0.0
0.011660337448120117,-0.280065655708313,-0.5659305453300476,0.0,0.0,-0.0009336276561953127,-0.20043078064918518,0.0,0.0,-0.2708291813739156,-0.24244566820666344,-0.003607291728258133,0.05921269953250885,0.0,0.0,0.0,0.0
0.013160228729248047,-0.280065655708313,-0.5659305453300476,0.0,0.0,-0.0009336276561953127,-0.20043078064918518,0.0,0.0,-0.2708291813739156,-0.24244566820666344,1.3969838619232178e-06,6.984919309616089e-07,0.0,0.0,0.0,0.0
0.014412403106689453,-0.280065655708313,-0.5659305453300476,0.0,0.0,-0.0009336276561953127,-0.20043078064918518,0.0,0.0,-0.2708291813739156,-0.24244566820666344,1.3969838619232178e-06,6.984919309616089e-07,0.0,0.0,0.0,0.0
0.015671253204345703,-0.280065655708313,-0.5659305453300476,0.0,0.0,-0.0009336276561953127,-0.20043078064918518,0.0,0.0,-0.2708291813739156,-0.24269015107607056,1.3969838619232178e-06,0.0013740174472332,0.0,0.0,0.0,0.0
0.016943693161010742,-0.280065655708313,-0.5659305453300476,0.0,0.0,-0.0009336276561953127,-0.20043078064918518,0.0,0.0,-0.2708291813739156,-0.24269015107607056,1.3969838619232178e-06,0.0013740174472332,0.0,0.0,0.0,0.0
0.018180131912231445,-0.280065655708313,-0.5659305453300476,0.0,0.0,-0.0009336276561953127,-0.20043078064918518,0.0,0.0,-0.2708291813739156,-0.24309761472285268,1.3969838619232178e-06,0.007096035871654749,0.0,0.0,0.0,0.0
0.019494056701660156,-0.280065655708313,-0.5659305453300476,0.0,0.0,-0.0009336276561953127,-0.20043078064918518,0.0,0.0,-0.2708291813739156,-0.24309761472285268,1.3969838619232178e-06,0.007096035871654749,0.0,0.0,0.0,0.0
0.020790576934814453,-0.280065655708313,-0.5659305453300476,0.0,0.0,-0.0009336276561953127,-0.20043078064918518,0.0,0.0,-0.2711311744788549,-0.24375433620365267,-0.0016865229699760675,0.013418897986412048,0.0,0.0,0.0,0.0
0.02207779884338379,-0.280065655708313,-0.5659305453300476,0.0,0.0,-0.0009336276561953127,-0.20043078064918518,0.0,0.0,-0.2711311744788549,-0.24375433620365267,-0.0016865229699760675,0.013418897986412048,0.0,0.0,0.0,0.0
0.023670673370361328,-0.280065655708313,-0.5659305453300476,0.0,0.0,-0.0009336276561953127,-0.20043078064918518,0.0,0.0,-0.2717255873528227,-0.2444925597764848,-0.06239698454737663,0.07330488413572311,0.0,0.0,0.0,0.0
0.02528834342956543,-0.280065655708313,-0.5659305453300476,0.0,0.0,-0.0009336276561953127,-0.20043078064918518,0.0,0.0,-0.27179749270225484,-0.24490002342326692,-0.060279883444309235,0.07299017161130905,0.0,0.0,0.0,0.0
0.026599645614624023,-0.280065655708313,-0.5659305453300476,0.0,0.0,-0.0009336276561953127,-0.20043078064918518,0.0,0.0,-0.27179749270225484,-0.24490002342326692,-0.060279883444309235,0.07299017161130905,0.0,0.0,0.0,0.0
0.027945995330810547,-0.280065655708313,-0.5659305453300476,0.0,0.0,-0.0009336276561953127,-0.20043078064918518,0.0,0.0,-0.27174955580263344,-0.245321882183949,-0.05967910215258598,0.07576542347669601,0.0,0.0,0.0,0.0
0.03135490417480469,-0.280065655708313,-0.5659305453300476,0.0,0.0,-0.0009336276561953127,-0.20043078064918518,0.0,0.0,-0.27174955580263344,-0.24541295761189189,-0.05839155614376068,0.07381986826658249,0.0,0.0,0.0,0.0
0.03276681900024414,-0.280065655708313,-0.5659305453300476,0.0,0.0,-0.0009336276561953127,-0.20043078064918518,0.0,0.0,-0.27132772044864056,-0.24536502071227045,-0.10709532350301743,0.12798546254634857,0.0,0.0,0.0,0.0
0.03404974937438965,-0.280065655708313,-0.5659305453300476,0.0,0.0,-0.0009336276561953127,-0.20043078064918518,0.0,0.0,-0.27132772044864056,-0.24536502071227045,-0.10709532350301743,0.12798546254634857,0.0,0.0,0.0,0.0
0.03531980514526367,-0.280065655708313,-0.5659305453300476,0.0,0.0,-0.0009336276561953127,-0.20043078064918518,0.0,0.0,-0.2701005311369942,-0.2447178725673812,-0.09513622522354126,0.11937379837036133,0.0,0.0,0.0,0.0
0.036611080169677734,-0.280065655708313,-0.5659305453300476,0.0,0.0,-0.0009336276561953127,-0.20043078064918518,0.0,0.0,-0.2701005311369942,-0.2447178725673812,-0.09513622522354126,0.11937379837036133,0.0,0.0,0.0,0.0
0.04057002067565918,-0.00692092115059495,-0.012360724620521069,0.0,0.0,-0.0009582068305462599,-0.20044420659542084,0.0,0.0,-0.26836522941471214,-0.24326539387152768,-0.07862817496061325,0.10629893094301224,0.0,0.0,0.0,0.0
0.04210472106933594,-0.00692092115059495,-0.012360724620521069,0.0,0.0,-0.0009582068305462599,-0.20044420659542084,0.0,0.0,-0.26476036520050517,-0.24067680129197067,-0.10769231617450714,0.14305159449577332,0.0,0.0,0.0,0.0
0.04336190223693848,-0.00692092115059495,-0.012360724620521069,0.0,0.0,-0.0009582068305462599,-0.20044420659542084,0.0,0.0,-0.26476036520050517,-0.24067680129197067,-0.10769231617450714,0.14305159449577332,0.0,0.0,0.0,0.0
0.044663190841674805,-0.00692092115059495,-0.012360724620521069,0.0,0.0,-0.0009582068305462599,-0.20044420659542084,0.0,0.0,-0.26476036520050517,-0.24067680129197067,-0.10769231617450714,0.14305159449577332,0.0,0.0,0.0,0.0
0.04650068283081055,-0.00692092115059495,-0.012360724620521069,0.0,0.0,-0.0009582068305462599,-0.20044420659542084,0.0,0.0,-0.2625504694466196,-0.23904214833354218,-0.09089808166027069,0.1316361129283905,0.0,0.0,0.0,0.0
0.04840564727783203,-0.06985081732273102,-1.2025635242462158,0.0,0.0,-0.001083649112842977,-0.20061956346035004,0.0,0.0,-0.2606234201258518,-0.2374218670823244,-0.08134223520755768,0.12159394472837448,0.0,0.0,0.0,0.0
0.05022716522216797,-0.06985081732273102,-1.2025635242462158,0.0,0.0,-0.001083649112842977,-0.20061956346035004,0.0,0.0,-0.25831285220142336,-0.23586871621592806,-0.06655080616474152,0.1114945262670517,0.0,0.0,0.0,0.0
0.052285194396972656,-0.06985081732273102,-1.2025635242462158,0.0,0.0,-0.001083649112842977,-0.20061956346035004,0.0,0.0,-0.25597831582718417,-0.23446897279099596,-0.10450495779514313,0.15757396817207336,0.0,0.0,0.0,0.0
0.05427050590515137,-0.06985081732273102,-1.2025635242462158,0.0,0.0,-0.001083649112842977,-0.20061956346035004,0.0,0.0,-0.25597831582718417,-0.23446897279099596,-0.10450495779514313,0.15757396817207336,0.0,0.0,0.0,0.0
0.05687975883483887,-0.06985081732273102,-1.2025635242462158,0.0,0.0,-0.001083649112842977,-0.20061956346035004,0.0,0.0,-0.2530301965004665,-0.23240768610727464,-0.08459223806858063,0.14684519171714783,0.0,0.0,0.0,0.0
0.0594329833984375,-0.11657772958278656,-2.121241807937622,0.0,0.0,-0.0011773972073569894,-0.20061878859996796,0.0,0.0,-0.2496698385623559,-0.2308401401269783,-0.062676802277565,0.13600194454193115,0.0,0.0,0.0,0.0
0.06113791465759277,-0.11657772958278656,-2.121241807937622,0.0,0.0,-0.0011773972073569894,-0.20061878859996796,0.0,0.0,-0.24655394008696319,-0.22828031436853197,-0.04244936630129814,0.11611782759428024,0.0,0.0,0.0,0.0
0.06261467933654785,-0.11657772958278656,-2.121241807937622,0.0,0.0,-0.0011773972073569894,-0.20061878859996796,0.0,0.0,-0.24655394008696319,-0.22828031436853197,-0.04244936630129814,0.11611782759428024,0.0,0.0,0.0,0.0
0.06459784507751465,-0.11657772958278656,-2.121241807937622,0.0,0.0,-0.0011773972073569894,-0.20061878859996796,0.0,0.0,-0.2432942309127062,-0.22694287955043202,-0.07742495089769363,0.16783376038074493,0.0,0.0,0.0,0.0
0.06893730163574219,-0.19222047924995422,-2.2647106647491455,0.0,0.0,-0.001361657166853547,-0.19999448955059052,0.0,0.0,-0.2369090265204565,-0.22285864634001082,-0.03794286027550697,0.14065399765968323,0.0,0.0,0.0,0.0
0.07083463668823242,-0.19222047924995422,-2.2647106647491455,0.0,0.0,-0.001361657166853547,-0.19999448955059052,0.0,0.0,-0.2334575697477138,-0.2204857698087502,-0.015855763107538223,0.12268675863742828,0.0,0.0,0.0,0.0
0.07253670692443848,-0.19222047924995422,-2.2647106647491455,0.0,0.0,-0.001361657166853547,-0.19999448955059052,0.0,0.0,-0.2334575697477138,-0.2204857698087502,-0.015855763107538223,0.12268675863742828,0.0,0.0,0.0,0.0
0.07433462142944336,-0.19222047924995422,-2.2647106647491455,0.0,0.0,-0.001361657166853547,-0.19999448955059052,0.0,0.0,-0.23016429538104613,-0.2181464584699003,-0.04816700145602226,0.162607803940773,0.0,0.0,0.0,0.0
0.07601118087768555,-0.19222047924995422,-2.2647106647491455,0.0,0.0,-0.001361657166853547,-0.19999448955059052,0.0,0.0,-0.22677037225052485,-0.21523667930020401,-0.025307420641183853,0.14755868911743164,0.0,0.0,0.0,0.0
0.07854294776916504,-0.3308831453323364,-2.093428611755371,0.0,0.0,-0.0016982958186417818,-0.19888655841350555,0.0,0.0,-0.22280120632454645,-0.21221185625275418,0.0019295454258099198,0.12398398667573929,0.0,0.0,0.0,0.0
0.08069491386413574,-0.3308831453323364,-2.093428611755371,0.0,0.0,-0.0016982958186417818,-0.19888655841350555,0.0,0.0,-0.21911484001830736,-0.20911992622717218,0.019782302901148796,0.10627414286136627,0.0,0.0,0.0,0.0
0.08215022087097168,-0.3308831453323364,-2.093428611755371,0.0,0.0,-0.0016982958186417818,-0.19888655841350555,0.0,0.0,-0.21911484001830736,-0.20911992622717218,0.019782302901148796,0.10627414286136627,0.0,0.0,0.0,0.0
0.08363556861877441,-0.3308831453323364,-2.093428611755371,0.0,0.0,-0.0016982958186417818,-0.19888655841350555,0.0,0.0,-0.21586472758665037,-0.2069867341940187,-0.02026187628507614,0.15388847887516022,0.0,0.0,0.0,0.0
0.08609604835510254,-0.3308831453323364,-2.093428611755371,0.0,0.0,-0.0016982958186417818,-0.19888655841350555,0.0,0.0,-0.2131850595791505,-0.20487271223937595,-0.003925435245037079,0.14356018602848053,0.0,0.0,0.0,0.0
0.08919191360473633,-0.5234379768371582,-1.8994661569595337,0.0,0.0,-0.002201125491410494,-0.19776217639446259,0.0,0.0,-0.21059166862829348,-0.20278745710584392,0.008834726177155972,0.13563506305217743,0.0,0.0,0.0,0.0
0.09586524963378906,-0.5234379768371582,-1.8994661569595337,0.0,0.0,-0.002201125491410494,-0.19776217639446259,0.0,0.0,-0.20557266587525444,-0.1985690099391584,-0.01879817247390747,0.16202889382839203,0.0,0.0,0.0,0.0
0.10049915313720703,-0.6059412956237793,-1.9101231098175049,0.0,0.0,-0.002527680480852723,-0.1968325674533844,0.0,0.0,-0.1993216988459583,-0.19292205252643008,0.021685302257537842,0.12563662230968475,0.0,0.0,0.0,0.0
0.10310935974121094,-0.6059412956237793,-1.9101231098175049,0.0,0.0,-0.002527680480852723,-0.1968325674533844,0.0,0.0,-0.19715973999169412,-0.19034784335742844,-0.020628824830055237,0.1662566363811493,0.0,0.0,0.0,0.0
0.10698461532592773,-0.6059412956237793,-1.9101231098175049,0.0,0.0,-0.002527680480852723,-0.1968325674533844,0.0,0.0,-0.19269203499099075,-0.18581780634320363,0.004347893409430981,0.14050748944282532,0.0,0.0,0.0,0.0
0.11039590835571289,-0.7065203189849854,-1.5799322128295898,0.0,0.0,-0.0028165276162326336,-0.19543179869651794,0.0,0.0,-0.19095670986201943,-0.18410166299608766,0.011414619162678719,0.13298296928405762,0.0,0.0,0.0,0.0
0.11344718933105469,-0.7065203189849854,-1.5799322128295898,0.0,0.0,-0.0028165276162326336,-0.19543179869651794,0.0,0.0,-0.18973911729297305,-0.1821793886399306,-0.041458580642938614,0.17919234931468964,0.0,0.0,0.0,0.0
0.11699366569519043,-0.7065203189849854,-1.5799322128295898,0.0,0.0,-0.0028165276162326336,-0.19543179869651794,0.0,0.0,-0.18870847395111237,-0.18054474738484674,-0.03650902211666107,0.1676338165998459,0.0,0.0,0.0,0.0
0.12147784233093262,-0.7619926929473877,-1.643818974494934,0.0,0.0,-0.0029839843045920134,-0.19440586864948273,0.0,0.0,-0.18571721609607322,-0.17566956703401662,-0.07569956034421921,0.1954583078622818,0.0,0.0,0.0,0.0
0.12442946434020996,-0.7619926929473877,-1.643818974494934,0.0,0.0,-0.0029839843045920134,-0.19440586864948273,0.0,0.0,-0.1850029492697072,-0.1734357028303203,-0.07226626574993134,0.18023763597011566,0.0,0.0,0.0,0.0
0.1316370964050293,-0.7606188654899597,-1.4556753635406494,0.0,0.0,-0.002973484341055155,-0.19323843717575073,0.0,0.0,-0.18057837109398062,-0.16527204648412247,-0.04019419848918915,0.12072833627462387,0.0,0.0,0.0,0.0
0.13344597816467285,-0.7606188654899597,-1.4556753635406494,0.0,0.0,-0.002973484341055155,-0.19323843717575073,0.0,0.0,-0.17894372983889678,-0.161758269401203,-0.08452510833740234,0.15853191912174225,0.0,0.0,0.0,0.0
0.13498353958129883,-0.7606188654899597,-1.4556753635406494,0.0,0.0,-0.002973484341055155,-0.19323843717575073,0.0,0.0,-0.17894372983889678,-0.161758269401203,-0.08452510833740234,0.15853191912174225,0.0,0.0,0.0,0.0
0.13649511337280273,-0.7606188654899597,-1.4556753635406494,0.0,0.0,-0.002973484341055155,-0.19323843717575073,0.0,0.0,-0.17676260090612186,-0.15857046557637816,-0.06827449053525925,0.13744612038135529,0.0,0.0,0.0,0.0
0.13972759246826172,-0.7606188654899597,-1.4556753635406494,0.0,0.0,-0.002973484341055155,-0.19323843717575073,0.0,0.0,-0.17676260090612186,-0.15857046557637816,-0.06827449053525925,0.13744612038135529,0.0,0.0,0.0,0.0
0.1441333293914795,-0.7087379693984985,-1.8684730529785156,0.0,0.0,-0.002843147376552224,-0.19250717759132385,0.0,0.0,-0.16973504674028292,-0.14719983532684477,-0.07947862893342972,0.12037467956542969,0.0,0.0,0.0,0.0
0.14644932746887207,-0.7087379693984985,-1.8684730529785156,0.0,0.0,-0.002843147376552224,-0.19250717759132385,0.0,0.0,-0.16743887392975446,-0.14362853630504852,-0.06505908817052841,0.10415273904800415,0.0,0.0,0.0,0.0
0.14815545082092285,-0.5928911566734314,-2.320308208465576,0.0,0.0,-0.0025079043116420507,-0.19192475080490112,0.0,0.0,-0.16743887392975446,-0.14362853630504852,-0.06505908817052841,0.10415273904800415,0.0,0.0,0.0,0.0
0.1501476764678955,-0.5928911566734314,-2.320308208465576,0.0,0.0,-0.0025079043116420507,-0.19192475080490112,0.0,0.0,-0.1653296503464117,-0.14056537310057723,-0.052184492349624634,0.08458330482244492,0.0,0.0,0.0,0.0
0.1522383689880371,-0.5928911566734314,-2.320308208465576,0.0,0.0,-0.0025079043116420507,-0.19192475080490112,0.0,0.0,-0.16364227382040641,-0.138039100831197,-0.04457418993115425,0.07448389381170273,0.0,0.0,0.0,0.0
0.1539478302001953,-0.5928911566734314,-2.320308208465576,0.0,0.0,-0.0025079043116420507,-0.19192475080490112,0.0,0.0,-0.16247260644763684,-0.13506221468336857,-0.09699441492557526,0.11251089721918106,0.0,0.0,0.0,0.0
0.15622401237487793,-0.5928911566734314,-2.320308208465576,0.0,0.0,-0.0025079043116420507,-0.19192475080490112,0.0,0.0,-0.16117352348990296,-0.13307283334907938,-0.09270285069942474,0.10641693323850632,0.0,0.0,0.0,0.0
0.15897512435913086,-0.4105404317378998,-2.2432925701141357,0.0,0.0,-0.0019588712602853775,-0.1909705251455307,0.0,0.0,-0.16001344115638874,-0.1309348429446259,-0.08406256139278412,0.0979483425617218,0.0,0.0,0.0,0.0
0.16059160232543945,-0.4105404317378998,-2.2432925701141357,0.0,0.0,-0.0019588712602853775,-0.1909705251455307,0.0,0.0,-0.16001344115638874,-0.1309348429446259,-0.08406256139278412,0.0979483425617218,0.0,0.0,0.0,0.0
0.1661696434020996,-0.4105404317378998,-2.2432925701141357,0.0,0.0,-0.0019588712602853775,-0.1909705251455307,0.0,0.0,-0.15736732663795494,-0.12620827166396006,-0.12274440377950668,0.12175460904836655,0.0,0.0,0.0,0.0
0.16762542724609375,-0.4105404317378998,-2.2432925701141357,0.0,0.0,-0.0019588712602853775,-0.1909705251455307,0.0,0.0,-0.1555121709632747,-0.12377307482252267,-0.11101417988538742,0.1092519760131836,0.0,0.0,0.0,0.0
0.16915035247802734,-0.22964811325073242,-1.8538764715194702,0.0,0.0,-0.0014383286470547318,-0.18969254195690155,0.0,0.0,-0.15322078482070156,-0.1209256276663478,-0.09287531673908234,0.0881948247551918,0.0,0.0,0.0,0.0
0.17051005363464355,-0.22964811325073242,-1.8538764715194702,0.0,0.0,-0.0014383286470547318,-0.18969254195690155,0.0,0.0,-0.15322078482070156,-0.1209256276663478,-0.09287531673908234,0.0881948247551918,0.0,0.0,0.0,0.0
0.17200613021850586,-0.22964811325073242,-1.8538764715194702,0.0,0.0,-0.0014383286470547318,-0.18969254195690155,0.0,0.0,-0.15087667511055167,-0.11820759609513723,-0.13283491134643555,0.12852969765663147,0.0,0.0,0.0,0.0
0.17338275909423828,-0.22964811325073242,-1.8538764715194702,0.0,0.0,-0.0014383286470547318,-0.18969254195690155,0.0,0.0,-0.15087667511055167,-0.11820759609513723,-0.13283491134643555,0.12852969765663147,0.0,0.0,0.0,0.0
0.1747300624847412,-0.22964811325073242,-1.8538764715194702,0.0,0.0,-0.0014383286470547318,-0.18969254195690155,0.0,0.0,-0.14819220873175182,-0.11536494731026235,-0.11066196113824844,0.10841671377420425,0.0,0.0,0.0,0.0
0.17608118057250977,-0.22964811325073242,-1.8538764715194702,0.0,0.0,-0.0014383286470547318,-0.18969254195690155,0.0,0.0,-0.14819220873175182,-0.11536494731026235,-0.11066196113824844,0.10841671377420425,0.0,0.0,0.0,0.0
0.17769622802734375,-0.22964811325073242,-1.8538764715194702,0.0,0.0,-0.0014383286470547318,-0.18969254195690155,0.0,0.0,-0.14502357498543766,-0.11256063868240891,-0.09275197237730026,0.09167972952127457,0.0,0.0,0.0,0.0
0.17928004264831543,-0.09228990972042084,-1.9516023397445679,0.0,0.0,-0.0009706113487482071,-0.18865257501602173,0.0,0.0,-0.14277054070323064,-0.11010626005911618,-0.07964848726987839,0.07914847135543823,0.0,0.0,0.0,0.0
0.18064117431640625,-0.09228990972042084,-1.9516023397445679,0.0,0.0,-0.0009706113487482071,-0.18865257501602173,0.0,0.0,-0.14277054070323064,-0.11010626005911618,-0.07964848726987839,0.07914847135543823,0.0,0.0,0.0,0.0
0.1819748878479004,-0.09228990972042084,-1.9516023397445679,0.0,0.0,-0.0009706113487482071,-0.18865257501602173,0.0,0.0,-0.14016277804516292,-0.10785802414820915,-0.11817611008882523,0.12592962384223938,0.0,0.0,0.0,0.0
0.1833174228668213,-0.09228990972042084,-1.9516023397445679,0.0,0.0,-0.0009706113487482071,-0.18865257501602173,0.0,0.0,-0.14016277804516292,-0.10785802414820915,-0.11817611008882523,0.12592962384223938,0.0,0.0,0.0,0.0
0.18575668334960938,-0.09228990972042084,-1.9516023397445679,0.0,0.0,-0.0009706113487482071,-0.18865257501602173,0.0,0.0,-0.13755500368375054,-0.10586864281391996,-0.10776198655366898,0.11674569547176361,0.0,0.0,0.0,0.0
0.18994522094726562,-0.00220253923907876,-2.284087896347046,0.0,0.0,-0.0006145439692772925,-0.18790596723556519,0.0,0.0,-0.13248328906647935,-0.10186591169553086,-0.07568995654582977,0.09268452227115631,0.0,0.0,0.0,0.0
0.19147014617919922,-0.00220253923907876,-2.284087896347046,0.0,0.0,-0.0006145439692772925,-0.18790596723556519,0.0,0.0,-0.1298179927661902,-0.09998198919973988,-0.11027608066797256,0.14234058558940887,0.0,0.0,0.0,0.0
0.19284439086914062,-0.00220253923907876,-2.284087896347046,0.0,0.0,-0.0006145439692772925,-0.18790596723556519,0.0,0.0,-0.1298179927661902,-0.09998198919973988,-0.11027608066797256,0.14234058558940887,0.0,0.0,0.0,0.0
0.19418001174926758,-0.00220253923907876,-2.284087896347046,0.0,0.0,-0.0006145439692772925,-0.18790596723556519,0.0,0.0,-0.1268363199504064,-0.09742216344129356,-0.09597098082304001,0.12640467286109924,0.0,0.0,0.0,0.0
0.19581866264343262,-0.00220253923907876,-2.284087896347046,0.0,0.0,-0.0006145439692772925,-0.18790596723556519,0.0,0.0,-0.12362454767577083,-0.09543278210700437,-0.07139476388692856,0.1107262447476387,0.0,0.0,0.0,0.0
0.1972355842590332,-0.00220253923907876,-2.284087896347046,0.0,0.0,-0.0006145439692772925,-0.18790596723556519,0.0,0.0,-0.12362454767577083,-0.09543278210700437,-0.07139476388692856,0.1107262447476387,0.0,0.0,0.0,0.0
0.19871735572814941,0.007011143025010824,-2.0545928478240967,0.0,0.0,-0.0004552268947008997,-0.18683704733848572,0.0,0.0,-0.12056137276795492,-0.09305990557574377,-0.052998363971710205,0.09527673572301865,0.0,0.0,0.0,0.0
0.20009565353393555,0.007011143025010824,-2.0545928478240967,0.0,0.0,-0.0004552268947008997,-0.18683704733848572,0.0,0.0,-0.12056137276795492,-0.09305990557574377,-0.052998363971710205,0.09527673572301865,0.0,0.0,0.0,0.0
0.20143604278564453,0.007011143025010824,-2.0545928478240967,0.0,0.0,-0.0004552268947008997,-0.18683704733848572,0.0,0.0,-0.11759408336272648,-0.09084042478260282,-0.04055297374725342,0.08271684497594833,0.0,0.0,0.0,0.0
0.20283174514770508,0.007011143025010824,-2.0545928478240967,0.0,0.0,-0.0004552268947008997,-0.18683704733848572,0.0,0.0,-0.11759408336272648,-0.09084042478260282,-0.04055297374725342,0.08271684497594833,0.0,0.0,0.0,0.0
0.2041914463043213,0.007011143025010824,-2.0545928478240967,0.0,0.0,-0.0004552268947008997,-0.18683704733848572,0.0,0.0,-0.11495275551224804,-0.08919618678491896,-0.0800962895154953,0.13610465824604034,0.0,0.0,0.0,0.0
0.20555853843688965,0.007011143025010824,-2.0545928478240967,0.0,0.0,-0.0004552268947008997,-0.18683704733848572,0.0,0.0,-0.11495275551224804,-0.08919618678491896,-0.0800962895154953,0.13610465824604034,0.0,0.0,0.0,0.0
0.2078413963317871,0.007011143025010824,-2.0545928478240967,0.0,0.0,-0.0004552268947008997,-0.18683704733848572,0.0,0.0,-0.11257987898098744,-0.08778684661738688,-0.06782248616218567,0.12938129901885986,0.0,0.0,0.0,0.0
0.21337437629699707,-0.05471646040678024,-2.11387300491333,0.0,0.0,-0.0005585583858191967,-0.18576548993587494,0.0,0.0,-0.10542769589813956,-0.08491542515972898,-0.08309952169656754,0.1787116378545761,0.0,0.0,0.0,0.0
0.21478819847106934,-0.05471646040678024,-2.11387300491333,0.0,0.0,-0.0005585583858191967,-0.18576548993587494,0.0,0.0,-0.10542769589813956,-0.08491542515972898,-0.08309952169656754,0.1787116378545761,0.0,0.0,0.0,0.0
0.21610808372497559,-0.05471646040678024,-2.11387300491333,0.0,0.0,-0.0005585583858191967,-0.18576548993587494,0.0,0.0,-0.10336640921441824,-0.08409570534653706,-0.0754033699631691,0.1725318282842636,0.0,0.0,0.0,0.0
0.21739459037780762,-0.05471646040678024,-2.11387300491333,0.0,0.0,-0.0005585583858191967,-0.18576548993587494,0.0,0.0,-0.10336640921441824,-0.08409570534653706,-0.0754033699631691,0.1725318282842636,0.0,0.0,0.0,0.0
0.21872878074645996,-0.17343658208847046,-2.10162091255188,0.0,0.0,-0.000765391974709928,-0.18474912643432617,0.0,0.0,-0.10074906151709515,-0.08349169572996924,-0.05265823006629944,0.16949912905693054,0.0,0.0,0.0,0.0
0.22007513046264648,-0.17343658208847046,-2.10162091255188,0.0,0.0,-0.000765391974709928,-0.18474912643432617,0.0,0.0,-0.10074906151709515,-0.08349169572996924,-0.05265823006629944,0.16949912905693054,0.0,0.0,0.0,0.0
0.22141671180725098,-0.17343658208847046,-2.10162091255188,0.0,0.0,-0.000765391974709928,-0.18474912643432617,0.0,0.0,-0.09854396413450953,-0.08242270637941482,-0.04327410086989403,0.16331933438777924,0.0,0.0,0.0,0.0
0.22274494171142578,-0.17343658208847046,-2.10162091255188,0.0,0.0,-0.000765391974709928,-0.18474912643432617,0.0,0.0,-0.09854396413450953,-0.08242270637941482,-0.04327410086989403,0.16331933438777924,0.0,0.0,0.0,0.0
0.2245197296142578,-0.17343658208847046,-2.10162091255188,0.0,0.0,-0.000765391974709928,-0.18474912643432617,0.0,0.0,-0.09633886090025161,-0.08166530102472735,-0.0885896310210228,0.215046226978302,0.0,0.0,0.0,0.0
0.22586607933044434,-0.17343658208847046,-2.10162091255188,0.0,0.0,-0.000765391974709928,-0.18474912643432617,0.0,0.0,-0.09441659239576687,-0.08039976570438724,-0.07465644925832748,0.20652039349079132,0.0,0.0,0.0,0.0
0.22719049453735352,-0.17343658208847046,-2.10162091255188,0.0,0.0,-0.000765391974709928,-0.18474912643432617,0.0,0.0,-0.09441659239576687,-0.08039976570438724,-0.07465644925832748,0.20652039349079132,0.0,0.0,0.0,0.0
0.22853589057922363,-0.31716135144233704,-2.0509493350982666,0.0,0.0,-0.0010969422291964293,-0.18368613719940186,0.0,0.0,-0.09166022066753486,-0.07904315495610427,-0.054285962134599686,0.19976836442947388,0.0,0.0,0.0,0.0
0.22989964485168457,-0.31716135144233704,-2.0509493350982666,0.0,0.0,-0.0010969422291964293,-0.18368613719940186,0.0,0.0,-0.09166022066753486,-0.07904315495610427,-0.054285962134599686,0.19976836442947388,0.0,0.0,0.0,0.0
0.23238372802734375,-0.31716135144233704,-2.0509493350982666,0.0,0.0,-0.0010969422291964293,-0.18368613719940186,0.0,0.0,-0.08934966444645104,-0.07743726881878649,-0.04295630753040314,0.18420441448688507,0.0,0.0,0.0,0.0
0.23483943939208984,-0.31716135144233704,-2.0509493350982666,0.0,0.0,-0.0010969422291964293,-0.18368613719940186,0.0,0.0,-0.08934966444645104,-0.07743726881878649,-0.04295630753040314,0.18420441448688507,0.0,0.0,0.0,0.0
0.23692655563354492,-0.31716135144233704,-2.0509493350982666,0.0,0.0,-0.0010969422291964293,-0.18368613719940186,0.0,0.0,-0.08343904238246025,-0.07213065051969121,-0.06476230919361115,0.20310747623443604,0.0,0.0,0.0,0.0
0.23849844932556152,-0.5439839363098145,-2.4888877868652344,0.0,0.0,-0.0015723477117717266,-0.18295671045780182,0.0,0.0,-0.08012181126932648,-0.06868399211824851,-0.03990001603960991,0.18373838067054749,0.0,0.0,0.0,0.0
0.23981571197509766,-0.5439839363098145,-2.4888877868652344,0.0,0.0,-0.0015723477117717266,-0.18295671045780182,0.0,0.0,-0.08012181126932648,-0.06868399211824851,-0.03990001603960991,0.18373838067054749,0.0,0.0,0.0,0.0
0.24113059043884277,-0.5439839363098145,-2.4888877868652344,0.0,0.0,-0.0015723477117717266,-0.18295671045780182,0.0,0.0,-0.07636834968829988,-0.06486341770741745,-0.01420802902430296,0.15012133121490479,0.0,0.0,0.0,0.0
0.24243855476379395,-0.5439839363098145,-2.4888877868652344,0.0,0.0,-0.0015723477117717266,-0.18295671045780182,0.0,0.0,-0.07636834968829988,-0.06486341770741745,-0.01420802902430296,0.15012133121490479,0.0,0.0,0.0,0.0
0.24376177787780762,-0.5439839363098145,-2.4888877868652344,0.0,0.0,-0.0015723477117717266,-0.18295671045780182,0.0,0.0,-0.07304152768423842,-0.060894245929766735,-0.053714148700237274,0.18477341532707214,0.0,0.0,0.0,0.0
0.24509477615356445,-0.5439839363098145,-2.4888877868652344,0.0,0.0,-0.0015723477117717266,-0.18295671045780182,0.0,0.0,-0.07304152768423842,-0.060894245929766735,-0.053714148700237274,0.18477341532707214,0.0,0.0,0.0,0.0
0.24641895294189453,-0.5439839363098145,-2.4888877868652344,0.0,0.0,-0.0015723477117717266,-0.18295671045780182,0.0,0.0,-0.0698201703703475,-0.057375676327219585,-0.03457389399409294,0.16211408376693726,0.0,0.0,0.0,0.0
0.2479555606842041,-0.7269495725631714,-2.891692638397217,0.0,0.0,-0.0020989798940718174,-0.1823045313358307,0.0,0.0,-0.0698201703703475,-0.057375676327219585,-0.03457389399409294,0.16211408376693726,0.0,0.0,0.0,0.0
0.2496016025543213,-0.7269495725631714,-2.891692638397217,0.0,0.0,-0.0020989798940718174,-0.1823045313358307,0.0,0.0,-0.06676179383383159,-0.054024885873347424,-0.016063101589679718,0.14703649282455444,0.0,0.0,0.0,0.0
0.25109052658081055,-0.7269495725631714,-2.891692638397217,0.0,0.0,-0.0020989798940718174,-0.1823045313358307,0.0,0.0,-0.06381846702674154,-0.05004612320476904,0.0007597201038151979,0.11957067996263504,0.0,0.0,0.0,0.0
0.2524452209472656,-0.7269495725631714,-2.891692638397217,0.0,0.0,-0.0020989798940718174,-0.1823045313358307,0.0,0.0,-0.06381846702674154,-0.05004612320476904,0.0007597201038151979,0.11957067996263504,0.0,0.0,0.0,0.0
0.25866127014160156,-0.7269495725631714,-2.891692638397217,0.0,0.0,-0.0020989798940718174,-0.1823045313358307,0.0,0.0,-0.06124425785773988,-0.04640291883354065,-0.04337318241596222,0.16027840971946716,0.0,0.0,0.0,0.0
0.2608647346496582,-0.8138419389724731,-2.949086904525757,0.0,0.0,-0.0023552277125418186,-0.18144264817237854,0.0,0.0,-0.053790069966608095,-0.03636013836285184,-0.001401959452778101,0.09902393072843552,0.0,0.0,0.0,0.0
0.2622227668762207,-0.8138419389724731,-2.949086904525757,0.0,0.0,-0.0023552277125418186,-0.18144264817237854,0.0,0.0,-0.053790069966608095,-0.03636013836285184,-0.001401959452778101,0.09902393072843552,0.0,0.0,0.0,0.0
0.26357531547546387,-0.8138419389724731,-2.949086904525757,0.0,0.0,-0.0023552277125418186,-0.18144264817237854,0.0,0.0,-0.051757544252325156,-0.033186715022746185,-0.050901420414447784,0.14316324889659882,0.0,0.0,0.0,0.0
0.2650167942047119,-0.8138419389724731,-2.949086904525757,0.0,0.0,-0.0023552277125418186,-0.18144264817237854,0.0,0.0,-0.050166041525562734,-0.030435138739978013,-0.04351995140314102,0.12871508300304413,0.0,0.0,0.0,0.0
0.26637697219848633,-0.8138419389724731,-2.949086904525757,0.0,0.0,-0.0023552277125418186,-0.18144264817237854,0.0,0.0,-0.050166041525562734,-0.030435138739978013,-0.04351995140314102,0.12871508300304413,0.0,0.0,0.0,0.0
0.26799678802490234,-0.7573643326759338,-2.2919483184814453,0.0,0.0,-0.0022999297361820936,-0.18000659346580505,0.0,0.0,-0.04819104067599274,-0.0278848950949509,-0.03336333855986595,0.11752846837043762,0.0,0.0,0.0,0.0
0.26934194564819336,-0.7573643326759338,-2.2919483184814453,0.0,0.0,-0.0022999297361820936,-0.18000659346580505,0.0,0.0,-0.04819104067599274,-0.0278848950949509,-0.03336333855986595,0.11752846837043762,0.0,0.0,0.0,0.0
0.27065587043762207,-0.7573643326759338,-2.2919483184814453,0.0,0.0,-0.0022999297361820936,-0.18000659346580505,0.0,0.0,-0.04671937727244772,-0.024745028169747482,-0.0246658306568861,0.09953263401985168,0.0,0.0,0.0,0.0
0.2720060348510742,-0.7573643326759338,-2.2919483184814453,0.0,0.0,-0.0022999297361820936,-0.18000659346580505,0.0,0.0,-0.04671937727244772,-0.024745028169747482,-0.0246658306568861,0.09953263401985168,0.0,0.0,0.0,0.0
0.2733306884765625,-0.7573643326759338,-2.2919483184814453,0.0,0.0,-0.0022999297361820936,-0.18000659346580505,0.0,0.0,-0.04531482669870716,-0.022185196559628854,-0.07503259927034378,0.1412554830312729,0.0,0.0,0.0,0.0
0.2747178077697754,-0.7573643326759338,-2.2919483184814453,0.0,0.0,-0.0022999297361820936,-0.18000659346580505,0.0,0.0,-0.044111608762707664,-0.01967809729459549,-0.07048358023166656,0.12712204456329346,0.0,0.0,0.0,0.0
0.27836108207702637,-0.7573643326759338,-2.2919483184814453,0.0,0.0,-0.0022999297361820936,-0.18000659346580505,0.0,0.0,-0.044111608762707664,-0.01967809729459549,-0.07048358023166656,0.12712204456329346,0.0,0.0,0.0,0.0
0.28379321098327637,-0.6575453281402588,-1.6282206773757935,0.0,0.0,-0.001981576904654503,-0.17834612727165222,0.0,0.0,-0.04024310330392749,-0.012036955787523757,-0.10618508607149124,0.14147941768169403,0.0,0.0,0.0,0.0
0.2856404781341553,-0.6575453281402588,-1.6282206773757935,0.0,0.0,-0.001981576904654503,-0.17834612727165222,0.0,0.0,-0.0394377610496186,-0.009707222173338822,-0.1046687439084053,0.12791816890239716,0.0,0.0,0.0,0.0
0.2869536876678467,-0.6575453281402588,-1.6282206773757935,0.0,0.0,-0.001981576904654503,-0.17834612727165222,0.0,0.0,-0.03858928026698828,-0.0073535201093431765,-0.09771645814180374,0.11424247920513153,0.0,0.0,0.0,0.0
0.2883121967315674,-0.49569472670555115,-1.6802304983139038,0.0,0.0,-0.001592743443325162,-0.17726901173591614,0.0,0.0,-0.037668891209089665,-0.00573325312157668,-0.09302438795566559,0.11049453169107437,0.0,0.0,0.0,0.0
0.2896134853363037,-0.49569472670555115,-1.6802304983139038,0.0,0.0,-0.001592743443325162,-0.17726901173591614,0.0,0.0,-0.037668891209089665,-0.00573325312157668,-0.09302438795566559,0.11049453169107437,0.0,0.0,0.0,0.0
0.2908973693847656,-0.49569472670555115,-1.6802304983139038,0.0,0.0,-0.001592743443325162,-0.17726901173591614,0.0,0.0,-0.03703612354891961,-0.0035665054049800198,-0.09119333326816559,0.09541694074869156,0.0,0.0,0.0,0.0
0.29221057891845703,-0.49569472670555115,-1.6802304983139038,0.0,0.0,-0.001592743443325162,-0.17726901173591614,0.0,0.0,-0.03703612354891961,-0.0035665054049800198,-0.09119333326816559,0.09541694074869156,0.0,0.0,0.0,0.0
0.2934989929199219,-0.49569472670555115,-1.6802304983139038,0.0,0.0,-0.001592743443325162,-0.17726901173591614,0.0,0.0,-0.03631227753497054,-0.0012751215482164151,-0.14645102620124817,0.14543364942073822,0.0,0.0,0.0,0.0
0.2948000431060791,-0.49569472670555115,-1.6802304983139038,0.0,0.0,-0.001592743443325162,-0.17726901173591614,0.0,0.0,-0.03631227753497054,-0.0012751215482164151,-0.14645102620124817,0.14543364942073822,0.0,0.0,0.0,0.0
0.29611921310424805,-0.49569472670555115,-1.6802304983139038,0.0,0.0,-0.001592743443325162,-0.17726901173591614,0.0,0.0,-0.035118647564062556,0.0010018815495308532,-0.1376677006483078,0.13078521192073822,0.0,0.0,0.0,0.0
0.2974092960357666,-0.49569472670555115,-1.6802304983139038,0.0,0.0,-0.001592743443325162,-0.17726901173591614,0.0,0.0,-0.035118647564062556,0.0010018815495308532,-0.1376677006483078,0.13078521192073822,0.0,0.0,0.0,0.0
0.29872822761535645,-0.33391645550727844,-1.9392009973526,0.0,0.0,-0.001170241623185575,-0.17641480267047882,0.0,0.0,-0.03355590580673852,0.0036000618198822497,-0.12387757003307343,0.1143629252910614,0.0,0.0,0.0,0.0
0.3000495433807373,-0.33391645550727844,-1.9392009973526,0.0,0.0,-0.001170241623185575,-0.17641480267047882,0.0,0.0,-0.03355590580673852,0.0036000618198822497,-0.12387757003307343,0.1143629252910614,0.0,0.0,0.0,0.0
0.3058938980102539,-0.33391645550727844,-1.9392009973526,0.0,0.0,-0.001170241623185575,-0.17641480267047882,0.0,0.0,-0.026911849763707144,0.012569055665905203,-0.1337173581123352,0.1141200065612793,0.0,0.0,0.0,0.0
0.30733513832092285,-0.33391645550727844,-1.9392009973526,0.0,0.0,-0.001170241623185575,-0.17641480267047882,0.0,0.0,-0.026911849763707144,0.012569055665905203,-0.1337173581123352,0.1141200065612793,0.0,0.0,0.0,0.0
0.30861544609069824,-0.100921131670475,-2.0921409130096436,0.0,0.0,-0.00056727125775069,-0.17551161348819733,0.0,0.0,-0.02353229834039659,0.015953401071761516,-0.1112869381904602,0.0953516960144043,0.0,0.0,0.0,0.0
0.3098921775817871,-0.100921131670475,-2.0921409130096436,0.0,0.0,-0.00056727125775069,-0.17551161348819733,0.0,0.0,-0.020814277009612567,0.018791266114517185,-0.09143143147230148,0.07621145248413086,0.0,0.0,0.0,0.0
0.3114607334136963,-0.100921131670475,-2.0921409130096436,0.0,0.0,-0.00056727125775069,-0.17551161348819733,0.0,0.0,-0.020814277009612567,0.018791266114517185,-0.09143143147230148,0.07621145248413086,0.0,0.0,0.0,0.0
0.3129312992095947,-0.100921131670475,-2.0921409130096436,0.0,0.0,-0.00056727125775069,-0.17551161348819733,0.0,0.0,-0.017799046316008472,0.021931134502638686,-0.13131164014339447,0.12013233453035355,0.0,0.0,0.0,0.0
0.31447291374206543,-0.100921131670475,-2.0921409130096436,0.0,0.0,-0.00056727125775069,-0.17551161348819733,0.0,0.0,-0.017799046316008472,0.021931134502638686,-0.13131164014339447,0.12013233453035355,0.0,0.0,0.0,0.0
0.31636905670166016,-0.100921131670475,-2.0921409130096436,0.0,0.0,-0.00056727125775069,-0.17551161348819733,0.0,0.0,-0.01482695853948004,0.024687506230870696,-0.1145174652338028,0.10525500029325485,0.0,0.0,0.0,0.0
0.31796860694885254,0.03724796697497368,-2.6588356494903564,0.0,0.0,-0.00013813523401040584,-0.17491452395915985,0.0,0.0,-0.011313182919478646,0.027276098810427717,-0.09114287793636322,0.08983408659696579,0.0,0.0,0.0,0.0
0.31977391242980957,0.03724796697497368,-2.6588356494903564,0.0,0.0,-0.00013813523401040584,-0.17491452395915985,0.0,0.0,-0.007655598063531052,0.030152312787713294,-0.06876968592405319,0.07312571257352829,0.0,0.0,0.0,0.0
0.3234291076660156,0.03724796697497368,-2.6588356494903564,0.0,0.0,-0.00013813523401040584,-0.17491452395915985,0.0,0.0,-0.007655598063531052,0.030152312787713294,-0.06876968592405319,0.07312571257352829,0.0,0.0,0.0,0.0
0.327517032623291,0.03724796697497368,-2.6588356494903564,0.0,0.0,-0.00013813523401040584,-0.17491452395915985,0.0,0.0,0.00028754665175794515,0.03684430280452994,-0.02061866968870163,0.03138338401913643,0.0,0.0,0.0,0.0
0.33003735542297363,0.14453499019145966,-2.8128952980041504,0.0,0.0,0.0001517624914413318,-0.17417284846305847,0.0,0.0,0.0058961644103429104,0.039308263541241874,0.005388034973293543,0.03043924644589424,0.0,0.0,0.0,0.0
0.3320934772491455,0.14453499019145966,-2.8128952980041504,0.0,0.0,0.0001517624914413318,-0.17417284846305847,0.0,0.0,0.0073390650158019375,0.03983556943707756,0.01013733446598053,0.030897002667188644,0.0,0.0,0.0,0.0
0.33347034454345703,0.14453499019145966,-2.8128952980041504,0.0,0.0,0.0001517624914413318,-0.17417284846305847,0.0,0.0,0.0073390650158019375,0.03983556943707756,0.01013733446598053,0.030897002667188644,0.0,0.0,0.0,0.0
0.3350234031677246,0.14453499019145966,-2.8128952980041504,0.0,0.0,0.0001517624914413318,-0.17417284846305847,0.0,0.0,0.008580630423413263,0.04017112773442755,0.012912523001432419,0.03473077714443207,0.0,0.0,0.0,0.0
0.3365802764892578,0.14453499019145966,-2.8128952980041504,0.0,0.0,0.0001517624914413318,-0.17417284846305847,0.0,0.0,0.008580630423413263,0.04017112773442755,0.012912523001432419,0.03473077714443207,0.0,0.0,0.0,0.0
0.33892154693603516,0.055630557239055634,-2.2040350437164307,0.0,0.0,0.00015670388529542834,-0.17270806431770325,0.0,0.0,0.009491431516220361,0.03903502262823251,0.01322723738849163,0.049550872296094894,0.0,0.0,0.0,0.0
0.34124088287353516,0.055630557239055634,-2.2040350437164307,0.0,0.0,0.00015670388529542834,-0.17270806431770325,0.0,0.0,0.009745497961964769,0.036758019896214765,0.009937064722180367,0.07298266142606735,0.0,0.0,0.0,0.0
0.3427295684814453,0.055630557239055634,-2.2040350437164307,0.0,0.0,0.00015670388529542834,-0.17270806431770325,0.0,0.0,0.009501019481311879,0.03451457357909924,0.005130545701831579,0.08826051652431488,0.0,0.0,0.0,0.0
0.3449089527130127,0.055630557239055634,-2.2040350437164307,0.0,0.0,0.00015670388529542834,-0.17270806431770325,0.0,0.0,0.009501019481311879,0.03451457357909924,0.005130545701831579,0.08826051652431488,0.0,0.0,0.0,0.0
0.34994077682495117,-0.06312199681997299,-0.5257235765457153,0.0,0.0,-9.794194920687005e-05,-0.17135396599769592,0.0,0.0,0.005905752375434428,0.026748795840428184,-0.029030071571469307,0.13661178946495056,0.0,0.0,0.0,0.0
0.35152697563171387,-0.06312199681997299,-0.5257235765457153,0.0,0.0,-9.794194920687005e-05,-0.17135396599769592,0.0,0.0,0.005905752375434428,0.026748795840428184,-0.029030071571469307,0.13661178946495056,0.0,0.0,0.0,0.0
0.35389161109924316,-0.06312199681997299,-0.5257235765457153,0.0,0.0,-9.794194920687005e-05,-0.17135396599769592,0.0,0.0,0.004529963136861781,0.02497992307406309,-0.037613142281770706,0.14616763591766357,0.0,0.0,0.0,0.0
0.3563220500946045,-0.06312199681997299,-0.5257235765457153,0.0,0.0,-9.794194920687005e-05,-0.17135396599769592,0.0,0.0,0.003417827211936499,0.023800675050792388,-0.044822920113801956,0.14831338822841644,0.0,0.0,0.0,0.0
0.357835054397583,-0.06312199681997299,-0.5257235765457153,0.0,0.0,-9.794194920687005e-05,-0.17135396599769592,0.0,0.0,0.002837790799663145,0.02275085724166677,-0.04533790424466133,0.15174663066864014,0.0,0.0,0.0,0.0
0.35999298095703125,-0.2796490788459778,-0.22051508724689484,0.0,0.0,-0.0005216829595156014,-0.1707795411348343,0.0,0.0,0.0025262009521238742,0.022424886909408304,-0.04293464124202728,0.14988695085048676,0.0,0.0,0.0,0.0
0.36142444610595703,-0.2796490788459778,-0.22051508724689484,0.0,0.0,-0.0005216829595156014,-0.1707795411348343,0.0,0.0,0.0025262009521238742,0.022424886909408304,-0.04293464124202728,0.14988695085048676,0.0,0.0,0.0,0.0
0.3634939193725586,-0.2796490788459778,-0.22051508724689484,0.0,0.0,-0.0005216829595156014,-0.1707795411348343,0.0,0.0,0.0023440405872706465,0.02212288356404247,-0.04236244037747383,0.15037333965301514,0.0,0.0,0.0,0.0
0.365093469619751,-0.2796490788459778,-0.22051508724689484,0.0,0.0,-0.0005216829595156014,-0.1707795411348343,0.0,0.0,0.0021714678217794156,0.02215164599639894,-0.04256271570920944,0.146568164229393,0.0,0.0,0.0,0.0
0.3670022487640381,-0.2796490788459778,-0.22051508724689484,0.0,0.0,-0.0005216829595156014,-0.1707795411348343,0.0,0.0,0.002219404721400842,0.022463235843938213,-0.04190467670559883,0.14127527177333832,0.0,0.0,0.0,0.0
0.3686950206756592,-0.5948370099067688,-1.251998782157898,0.0,0.0,-0.0012268940918147564,-0.1712246984243393,0.0,0.0,0.002219404721400842,0.022463235843938213,-0.04190467670559883,0.14127527177333832,0.0,0.0,0.0,0.0
0.37207603454589844,-0.5948370099067688,-1.251998782157898,0.0,0.0,-0.0012268940918147564,-0.1712246984243393,0.0,0.0,0.0028713464831063356,0.023747944168625204,-0.032577741891145706,0.1294306367635727,0.0,0.0,0.0,0.0
0.374800443649292,-0.5948370099067688,-1.251998782157898,0.0,0.0,-0.0012268940918147564,-0.1712246984243393,0.0,0.0,0.0042423417391332235,0.026830286229115683,-0.02339385636150837,0.10365282744169235,0.0,0.0,0.0,0.0
0.3763151168823242,-0.5948370099067688,-1.251998782157898,0.0,0.0,-0.0012268940918147564,-0.1712246984243393,0.0,0.0,0.0042423417391332235,0.026830286229115683,-0.02339385636150837,0.10365282744169235,0.0,0.0,0.0,0.0
0.37768054008483887,-0.5948370099067688,-1.251998782157898,0.0,0.0,-0.0012268940918147564,-0.1712246984243393,0.0,0.0,0.004879902650390001,0.02784175656662947,-0.019760357216000557,0.09907518327236176,0.0,0.0,0.0,0.0
0.379488468170166,-0.6190659999847412,-1.9416041374206543,0.0,0.0,-0.0014879003865644336,-0.17183852195739746,0.0,0.0,0.005388033713231216,0.029231926655650834,-0.017700420692563057,0.09315287321805954,0.0,0.0,0.0,0.0
0.3810102939605713,-0.6190659999847412,-1.9416041374206543,0.0,0.0,-0.0014879003865644336,-0.17183852195739746,0.0,0.0,0.005388033713231216,0.029231926655650834,-0.017700420692563057,0.09315287321805954,0.0,0.0,0.0,0.0
0.38240551948547363,-0.6190659999847412,-1.9416041374206543,0.0,0.0,-0.0014879003865644336,-0.17183852195739746,0.0,0.0,0.005464732679479594,0.030636477229391394,-0.01824401505291462,0.08519920706748962,0.0,0.0,0.0,0.0
0.3838517665863037,-0.6190659999847412,-1.9416041374206543,0.0,0.0,-0.0014879003865644336,-0.17183852195739746,0.0,0.0,0.005464732679479594,0.030636477229391394,-0.01824401505291462,0.08519920706748962,0.0,0.0,0.0,0.0
0.38564062118530273,-0.6190659999847412,-1.9416041374206543,0.0,0.0,-0.0014879003865644336,-0.17183852195739746,0.0,0.0,0.00551266957910102,0.03158083473710072,-0.020160900428891182,0.07913385331630707,0.0,0.0,0.0,0.0
0.3869960308074951,-0.6190659999847412,-1.9416041374206543,0.0,0.0,-0.0014879003865644336,-0.17183852195739746,0.0,0.0,0.00551266957910102,0.03158083473710072,-0.020160900428891182,0.07913385331630707,0.0,0.0,0.0,0.0
0.3893141746520996,-0.6215759515762329,-1.8994423151016235,0.0,0.0,-0.0015237925108522177,-0.17198188602924347,0.0,0.0,0.005522257178463017,0.032453286895377915,-0.020904766395688057,0.07650171965360641,0.0,0.0,0.0,0.0
0.391510009765625,-0.6215759515762329,-1.8994423151016235,0.0,0.0,-0.0015237925108522177,-0.17198188602924347,0.0,0.0,0.005172317664934797,0.03288951151159843,-0.022278057411313057,0.07661615312099457,0.0,0.0,0.0,0.0
0.39315366744995117,-0.6215759515762329,-1.8994423151016235,0.0,0.0,-0.0015237925108522177,-0.17198188602924347,0.0,0.0,0.004136880706257893,0.03312440349007788,-0.035810697823762894,0.07773195207118988,0.0,0.0,0.0,0.0
0.3952174186706543,-0.6215759515762329,-1.8994423151016235,0.0,0.0,-0.0015237925108522177,-0.17198188602924347,0.0,0.0,0.003072681680954038,0.033397641477251085,-0.04353545978665352,0.07610116899013519,0.0,0.0,0.0,0.0
0.39750146865844727,-0.6215759515762329,-1.8994423151016235,0.0,0.0,-0.0015237925108522177,-0.17198188602924347,0.0,0.0,0.002214611104584603,0.033397641477251085,-0.049228888005018234,0.07776056230068207,0.0,0.0,0.0,0.0
0.39889073371887207,-0.4772373139858246,-1.27858567237854,0.0,0.0,-0.0012970130192115903,-0.1716490089893341,0.0,0.0,0.002214611104584603,0.033397641477251085,-0.049228888005018234,0.07776056230068207,0.0,0.0,0.0,0.0
0.4002690315246582,-0.4772373139858246,-1.27858567237854,0.0,0.0,-0.0012970130192115903,-0.1716490089893341,0.0,0.0,0.00170168624206239,0.033364087988185014,-0.049514997750520706,0.07879051566123962,0.0,0.0,0.0,0.0
0.4017353057861328,-0.4772373139858246,-1.27858567237854,0.0,0.0,-0.0012970130192115903,-0.1716490089893341,0.0,0.0,0.0007908851492552906,0.033364087988185014,-0.05635284259915352,0.07879051566123962,0.0,0.0,0.0,0.0
0.40308141708374023,-0.4772373139858246,-1.27858567237854,0.0,0.0,-0.0012970130192115903,-0.1716490089893341,0.0,0.0,0.0007908851492552906,0.033364087988185014,-0.05635284259915352,0.07879051566123962,0.0,0.0,0.0,0.0
0.40445661544799805,-0.4772373139858246,-1.27858567237854,0.0,0.0,-0.0012970130192115903,-0.1716490089893341,0.0,0.0,0.0002108486226914616,0.033364087988185014,-0.05841277912259102,0.07879051566123962,0.0,0.0,0.0,0.0
0.40581774711608887,-0.4772373139858246,-1.27858567237854,0.0,0.0,-0.0012970130192115903,-0.1716490089893341,0.0,0.0,0.0002108486226914616,0.033364087988185014,-0.05841277912259102,0.07879051566123962,0.0,0.0,0.0,0.0
0.4071688652038574,-0.4772373139858246,-1.27858567237854,0.0,0.0,-0.0012970130192115903,-0.1716490089893341,0.0,0.0,-0.00046026804058279136,0.033364087988185014,-0.06241821125149727,0.07879051566123962,0.0,0.0,0.0,0.0
0.4085361957550049,-0.3499874770641327,-1.001875877380371,0.0,0.0,-0.0009965712670236826,-0.17135296761989594,0.0,0.0,-0.00046026804058279136,0.033364087988185014,-0.06241821125149727,0.07879051566123962,0.0,0.0,0.0,0.0
0.4099247455596924,-0.3499874770641327,-1.001875877380371,0.0,0.0,-0.0009965712670236826,-0.17135296761989594,0.0,0.0,-0.0005513481315770253,0.033364087988185014,-0.06018661707639694,0.07879051566123962,0.0,0.0,0.0,0.0
0.41183996200561523,-0.3499874770641327,-1.001875877380371,0.0,0.0,-0.0009965712670236826,-0.17135296761989594,0.0,0.0,-0.0005992850311984517,0.033364087988185014,-0.05826972424983978,0.07879051566123962,0.0,0.0,0.0,0.0
0.41694116592407227,-0.3499874770641327,-1.001875877380371,0.0,0.0,-0.0009965712670236826,-0.17135296761989594,0.0,0.0,-0.000541760760795978,0.033364087988185014,-0.057096708565950394,0.07879051566123962,0.0,0.0,0.0,0.0
0.41959095001220703,-0.1944711059331894,-1.2086199522018433,0.0,0.0,-0.0006319817621260881,-0.17138554155826569,0.0,0.0,8.621262538761104e-05,0.033364087988185014,-0.04920028895139694,0.07879051566123962,0.0,0.0,0.0,0.0
0.421750545501709,-0.1944711059331894,-1.2086199522018433,0.0,0.0,-0.0006319817621260881,-0.17138554155826569,0.0,0.0,0.0009970136896220918,0.033364087988185014,-0.043249357491731644,0.07879051566123962,0.0,0.0,0.0,0.0
0.423748254776001,-0.1944711059331894,-1.2086199522018433,0.0,0.0,-0.0006319817621260881,-0.17138554155826569,0.0,0.0,0.0009970136896220918,0.033364087988185014,-0.043249357491731644,0.07879051566123962,0.0,0.0,0.0,0.0
0.4259662628173828,-0.1944711059331894,-1.2086199522018433,0.0,0.0,-0.0006319817621260881,-0.17138554155826569,0.0,0.0,0.0014332395858959268,0.033364087988185014,-0.04033111408352852,0.07879051566123962,0.0,0.0,0.0,0.0
0.4280741214752197,-0.12194978445768356,-1.3854202032089233,0.0,0.0,-0.0003899573639500886,-0.17152951657772064,0.0,0.0,0.0019221959071750471,0.033364087988185014,-0.038871996104717255,0.07879051566123962,0.0,0.0,0.0,0.0
0.42961859703063965,-0.12194978445768356,-1.3854202032089233,0.0,0.0,-0.0003899573639500886,-0.17152951657772064,0.0,0.0,0.0024159459367027857,0.03290389199631762,-0.03529571741819382,0.08394037187099457,0.0,0.0,0.0,0.0
0.43103742599487305,-0.12194978445768356,-1.3854202032089233,0.0,0.0,-0.0003899573639500886,-0.17152951657772064,0.0,0.0,0.0024159459367027857,0.03290389199631762,-0.03529571741819382,0.08394037187099457,0.0,0.0,0.0,0.0
0.43279504776000977,-0.12194978445768356,-1.3854202032089233,0.0,0.0,-0.0003899573639500886,-0.17152951657772064,0.0,0.0,0.0029768076988464253,0.03256354117933996,-0.03129027783870697,0.08740221709012985,0.0,0.0,0.0,0.0
0.4344508647918701,-0.12194978445768356,-1.3854202032089233,0.0,0.0,-0.0003899573639500886,-0.17152951657772064,0.0,0.0,0.0031158245980297057,0.032438903484822555,-0.032835233956575394,0.08591446280479431,0.0,0.0,0.0,0.0
0.4375424385070801,-0.12194978445768356,-1.3854202032089233,0.0,0.0,-0.0003899573639500886,-0.17152951657772064,0.0,0.0,0.0034274144455689764,0.0319595344886083,-0.031891096383333206,0.09097849577665329,0.0,0.0,0.0,0.0
0.439899206161499,-0.12904751300811768,-1.3718498945236206,0.0,0.0,-0.00032545352587476373,-0.1715669184923172,0.0,0.0,0.0038252908587186225,0.03133635479352975,-0.027828440070152283,0.09552750736474991,0.0,0.0,0.0,0.0
0.4417543411254883,-0.12904751300811768,-1.3718498945236206,0.0,0.0,-0.00032545352587476373,-0.1715669184923172,0.0,0.0,0.0038252908587186225,0.03133635479352975,-0.027828440070152283,0.09552750736474991,0.0,0.0,0.0,0.0
0.44408631324768066,-0.12904751300811768,-1.3718498945236206,0.0,0.0,-0.00032545352587476373,-0.1715669184923172,0.0,0.0,0.003983482773761138,0.03133635479352975,-0.02842925675213337,0.09169374406337738,0.0,0.0,0.0,0.0
0.4463322162628174,-0.12904751300811768,-1.3718498945236206,0.0,0.0,-0.00032545352587476373,-0.1715669184923172,0.0,0.0,0.003988276390577376,0.0313651186888043,-0.030060041695833206,0.090720996260643,0.0,0.0,0.0,0.0
0.4482078552246094,-0.2277635931968689,-1.2028659582138062,0.0,0.0,-0.0004945987020619214,-0.17146873474121094,0.0,0.0,0.003988276390577376,0.03121172002484851,-0.030060041695833206,0.09249483048915863,0.0,0.0,0.0,0.0
0.45015835762023926,-0.2277635931968689,-1.2028659582138062,0.0,0.0,-0.0004945987020619214,-0.17146873474121094,0.0,0.0,0.003988276390577376,0.03093368659221147,-0.030060041695833206,0.09578501433134079,0.0,0.0,0.0,0.0
0.45214104652404785,-0.2277635931968689,-1.2028659582138062,0.0,0.0,-0.0004945987020619214,-0.17146873474121094,0.0,0.0,0.003988276390577376,0.03093368659221147,-0.030060041695833206,0.09578501433134079,0.0,0.0,0.0,0.0
0.45501065254211426,-0.2277635931968689,-1.2028659582138062,0.0,0.0,-0.0004945987020619214,-0.17146873474121094,0.0,0.0,0.003988276390577376,0.03068441412901282,-0.030060041695833206,0.09561334550380707,0.0,0.0,0.0,0.0
0.45735621452331543,-0.2277635931968689,-1.2028659582138062,0.0,0.0,-0.0004945987020619214,-0.17146873474121094,0.0,0.0,0.003988276390577376,0.03075152695881728,-0.030060041695833206,0.09438309818506241,0.0,0.0,0.0,0.0
0.45995378494262695,-0.3146461546421051,-1.1987260580062866,0.0,0.0,-0.0007180212414823472,-0.17143046855926514,0.0,0.0,0.003988276390577376,0.03075152695881728,-0.030060041695833206,0.09438309818506241,0.0,0.0,0.0,0.0
0.4633753299713135,-0.3146461546421051,-1.1987260580062866,0.0,0.0,-0.0007180212414823472,-0.17143046855926514,0.0,0.0,0.003988276390577376,0.03075152695881728,-0.030060041695833206,0.09438309818506241,0.0,0.0,0.0,0.0
0.4653666019439697,-0.3146461546421051,-1.1987260580062866,0.0,0.0,-0.0007180212414823472,-0.17143046855926514,0.0,0.0,0.003197317546823842,0.031082289810703427,-0.038099516183137894,0.08991989493370056,0.0,0.0,0.0,0.0
0.4669530391693115,-0.3146461546421051,-1.1987260580062866,0.0,0.0,-0.0007180212414823472,-0.17143046855926514,0.0,0.0,0.003197317546823842,0.031082289810703427,-0.038099516183137894,0.08991989493370056,0.0,0.0,0.0,0.0
0.46945619583129883,-0.3601228892803192,-1.218644618988037,0.0,0.0,-0.0008849128498695791,-0.17143967747688293,0.0,0.0,0.003120618580575464,0.03155207084182617,-0.03735565021634102,0.08580004423856735,0.0,0.0,0.0,0.0
0.4710707664489746,-0.3601228892803192,-1.218644618988037,0.0,0.0,-0.0008849128498695791,-0.17143967747688293,0.0,0.0,0.0028617592494738584,0.03183489971992705,-0.038442838937044144,0.08542811125516891,0.0,0.0,0.0,0.0
0.47296714782714844,-0.3601228892803192,-1.218644618988037,0.0,0.0,-0.0008849128498695791,-0.17143967747688293,0.0,0.0,0.0025405819854373503,0.031858868169737764,-0.04110358655452728,0.08694444596767426,0.0,0.0,0.0,0.0
0.47458505630493164,-0.3601228892803192,-1.218644618988037,0.0,0.0,-0.0008849128498695791,-0.17143967747688293,0.0,0.0,0.0025405819854373503,0.031858868169737764,-0.04110358655452728,0.08694444596767426,0.0,0.0,0.0,0.0
0.47661590576171875,-0.3601228892803192,-1.218644618988037,0.0,0.0,-0.0008849128498695791,-0.17143967747688293,0.0,0.0,0.0022529605877087923,0.03209855266784489,-0.04290603846311569,0.08462702482938766,0.0,0.0,0.0,0.0
0.47847557067871094,-0.3931227922439575,-1.27419114112854,0.0,0.0,-0.000940103956963867,-0.17147116363048553,0.0,0.0,0.0021954362715901287,0.03217045801727703,-0.04156135022640228,0.08508478105068207,0.0,0.0,0.0,0.0
0.4802672863006592,-0.3931227922439575,-1.27419114112854,0.0,0.0,-0.000940103956963867,-0.17147116363048553,0.0,0.0,0.0019653391899802346,0.032136901602374805,-0.04385017603635788,0.08611474931240082,0.0,0.0,0.0,0.0
0.481900691986084,-0.3931227922439575,-1.27419114112854,0.0,0.0,-0.000940103956963867,-0.17147116363048553,0.0,0.0,0.0019653391899802346,0.032136901602374805,-0.04385017603635788,0.08611474931240082,0.0,0.0,0.0,0.0
0.4839286804199219,-0.3931227922439575,-1.27419114112854,0.0,0.0,-0.000940103956963867,-0.17147116363048553,0.0,0.0,0.001883846424050858,0.032136901602374805,-0.043449629098176956,0.08611474931240082,0.0,0.0,0.0,0.0
0.48883533477783203,-0.30851104855537415,-1.2917152643203735,0.0,0.0,-0.0008416013442911208,-0.17149300873279572,0.0,0.0,0.00191260849067781,0.032136901602374805,-0.04244827479124069,0.08611474931240082,0.0,0.0,0.0,0.0
0.4909660816192627,-0.30851104855537415,-1.2917152643203735,0.0,0.0,-0.0008416013442911208,-0.17149300873279572,0.0,0.0,0.00191260849067781,0.032136901602374805,-0.04244827479124069,0.08611474931240082,0.0,0.0,0.0,0.0
0.4923717975616455,-0.30851104855537415,-1.2917152643203735,0.0,0.0,-0.0008416013442911208,-0.17149300873279572,0.0,0.0,0.00191260849067781,0.032136901602374805,-0.04244827479124069,0.08611474931240082,0.0,0.0,0.0,0.0
0.49373364448547363,-0.30851104855537415,-1.2917152643203735,0.0,0.0,-0.0008416013442911208,-0.17149300873279572,0.0,0.0,0.00191260849067781,0.032136901602374805,-0.04244827479124069,0.08611474931240082,0.0,0.0,0.0,0.0
0.4951159954071045,-0.30851104855537415,-1.2917152643203735,0.0,0.0,-0.0008416013442911208,-0.17149300873279572,0.0,0.0,0.0023440405872706465,0.032136901602374805,-0.03747008740901947,0.08611474931240082,0.0,0.0,0.0,0.0
0.49646925926208496,-0.30851104855537415,-1.2917152643203735,0.0,0.0,-0.0008416013442911208,-0.17149300873279572,0.0,0.0,0.0023440405872706465,0.032136901602374805,-0.03747008740901947,0.08611474931240082,0.0,0.0,0.0,0.0
0.49849367141723633,-0.24834057688713074,-1.2873632907867432,0.0,0.0,-0.0006734591443091631,-0.17149020731449127,0.0,0.0,0.002396771286573071,0.032136901602374805,-0.03872893750667572,0.08611474931240082,0.0,0.0,0.0,0.0
0.5001797676086426,-0.24834057688713074,-1.2873632907867432,0.0,0.0,-0.0006734591443091631,-0.17149020731449127,0.0,0.0,0.002554963018750826,0.032136901602374805,-0.03781341761350632,0.08611474931240082,0.0,0.0,0.0,0.0
0.5025010108947754,-0.24834057688713074,-1.2873632907867432,0.0,0.0,-0.0006734591443091631,-0.17149020731449127,0.0,0.0,0.00264604320117744,0.032136901602374805,-0.03724121302366257,0.08611474931240082,0.0,0.0,0.0,0.0
0.506497859954834,-0.24834057688713074,-1.2873632907867432,0.0,0.0,-0.0006734591443091631,-0.17149020731449127,0.0,0.0,0.0027467106172365313,0.032136901602374805,-0.036697614938020706,0.08611474931240082,0.0,0.0,0.0,0.0
0.5095551013946533,-0.259457528591156,-1.297654628753662,0.0,0.0,-0.0006410512723959982,-0.17150530219078064,0.0,0.0,0.0030055699483381372,0.032136901602374805,-0.03426574543118477,0.08611474931240082,0.0,0.0,0.0,0.0
0.5121116638183594,-0.259457528591156,-1.297654628753662,0.0,0.0,-0.0006410512723959982,-0.17150530219078064,0.0,0.0,0.0032404608296290297,0.032136901602374805,-0.032119978219270706,0.08611474931240082,0.0,0.0,0.0,0.0
0.513573169708252,-0.259457528591156,-1.297654628753662,0.0,0.0,-0.0006410512723959982,-0.17150530219078064,0.0,0.0,0.003326747029509885,0.032136901602374805,-0.032806623727083206,0.08611474931240082,0.0,0.0,0.0,0.0
0.5149447917938232,-0.259457528591156,-1.297654628753662,0.0,0.0,-0.0006410512723959982,-0.17150530219078064,0.0,0.0,0.003326747029509885,0.032136901602374805,-0.032806623727083206,0.08611474931240082,0.0,0.0,0.0,0.0
0.5163047313690186,-0.259457528591156,-1.297654628753662,0.0,0.0,-0.0006410512723959982,-0.17150530219078064,0.0,0.0,0.0033746839291313117,0.032136901602374805,-0.033722151070833206,0.08611474931240082,0.0,0.0,0.0,0.0
0.5186252593994141,-0.2886006534099579,-1.2473610639572144,0.0,0.0,-0.0006779723917134106,-0.17148379981517792,0.0,0.0,0.0033746839291313117,0.032136901602374805,-0.033722151070833206,0.08611474931240082,0.0,0.0,0.0,0.0
0.5200717449188232,-0.2886006534099579,-1.2473610639572144,0.0,0.0,-0.0006779723917134106,-0.17148379981517792,0.0,0.0,0.0033746839291313117,0.032136901602374805,-0.033722151070833206,0.08611474931240082,0.0,0.0,0.0,0.0
0.5214922428131104,-0.2886006534099579,-1.2473610639572144,0.0,0.0,-0.0006779723917134106,-0.17148379981517792,0.0,0.0,0.0033746839291313117,0.032136901602374805,-0.033722151070833206,0.08611474931240082,0.0,0.0,0.0,0.0
0.5232536792755127,-0.2886006534099579,-1.2473610639572144,0.0,0.0,-0.0006779723917134106,-0.17148379981517792,0.0,0.0,0.0033746839291313117,0.032136901602374805,-0.033722151070833206,0.08611474931240082,0.0,0.0,0.0,0.0
0.5246460437774658,-0.2886006534099579,-1.2473610639572144,0.0,0.0,-0.0006779723917134106,-0.17148379981517792,0.0,0.0,0.0033746839291313117,0.032136901602374805,-0.033722151070833206,0.08611474931240082,0.0,0.0,0.0,0.0
0.526045560836792,-0.2886006534099579,-1.2473610639572144,0.0,0.0,-0.0006779723917134106,-0.17148379981517792,0.0,0.0,0.0033746839291313117,0.032136901602374805,-0.033722151070833206,0.08611474931240082,0.0,0.0,0.0,0.0
0.5274014472961426,-0.2886006534099579,-1.2473610639572144,0.0,0.0,-0.0006779723917134106,-0.17148379981517792,0.0,0.0,0.0033746839291313117,0.032136901602374805,-0.033722151070833206,0.08611474931240082,0.0,0.0,0.0,0.0
0.5325300693511963,-0.2933582365512848,-1.2396304607391357,0.0,0.0,-0.0007124371477402747,-0.1714637130498886,0.0,0.0,0.0033746839291313117,0.032136901602374805,-0.033722151070833206,0.08611474931240082,0.0,0.0,0.0,0.0
0.5368647575378418,-0.2933582365512848,-1.2396304607391357,0.0,0.0,-0.0007124371477402747,-0.1714637130498886,0.0,0.0,0.002708361134112342,0.032136901602374805,-0.03881477192044258,0.08611474931240082,0.0,0.0,0.0,0.0
0.5384552478790283,-0.31628820300102234,-1.2003411054611206,0.0,0.0,-0.000762019888497889,-0.17143480479717255,0.0,0.0,0.002708361134112342,0.032136901602374805,-0.03881477192044258,0.08611474931240082,0.0,0.0,0.0,0.0
0.5406692028045654,-0.31628820300102234,-1.2003411054611206,0.0,0.0,-0.000762019888497889,-0.17143480479717255,0.0,0.0,0.0024974387026321624,0.032136901602374805,-0.040617212653160095,0.08611474931240082,0.0,0.0,0.0,0.0
0.5420975685119629,-0.31628820300102234,-1.2003411054611206,0.0,0.0,-0.000762019888497889,-0.17143480479717255,0.0,0.0,0.0025262009521238742,0.032136901602374805,-0.04007362574338913,0.08611474931240082,0.0,0.0,0.0,0.0
0.544304370880127,-0.31628820300102234,-1.2003411054611206,0.0,0.0,-0.000762019888497889,-0.17143480479717255,0.0,0.0,0.0025262009521238742,0.032136901602374805,-0.038786157965660095,0.08611474931240082,0.0,0.0,0.0,0.0
0.545708417892456,-0.31628820300102234,-1.2003411054611206,0.0,0.0,-0.000762019888497889,-0.17143480479717255,0.0,0.0,0.0025262009521238742,0.032136901602374805,-0.038786157965660095,0.08611474931240082,0.0,0.0,0.0,0.0
0.5470867156982422,-0.31628820300102234,-1.2003411054611206,0.0,0.0,-0.000762019888497889,-0.17143480479717255,0.0,0.0,0.0025262009521238742,0.032136901602374805,-0.038786157965660095,0.08611474931240082,0.0,0.0,0.0,0.0
0.549048900604248,-0.31102249026298523,-1.2096264362335205,0.0,0.0,-0.0007661374402232468,-0.17143240571022034,0.0,0.0,0.0025262009521238742,0.032136901602374805,-0.038786157965660095,0.08611474931240082,0.0,0.0,0.0,0.0
0.5506513118743896,-0.31102249026298523,-1.2096264362335205,0.0,0.0,-0.0007661374402232468,-0.17143240571022034,0.0,0.0,0.0025262009521238742,0.032136901602374805,-0.038786157965660095,0.08611474931240082,0.0,0.0,0.0,0.0
0.5522210597991943,-0.31102249026298523,-1.2096264362335205,0.0,0.0,-0.0007661374402232468,-0.17143240571022034,0.0,0.0,0.0025262009521238742,0.032136901602374805,-0.038786157965660095,0.08611474931240082,0.0,0.0,0.0,0.0
0.5537023544311523,-0.31102249026298523,-1.2096264362335205,0.0,0.0,-0.0007661374402232468,-0.17143240571022034,0.0,0.0,0.0025262009521238742,0.032136901602374805,-0.038786157965660095,0.08611474931240082,0.0,0.0,0.0,0.0
0.5557904243469238,-0.31102249026298523,-1.2096264362335205,0.0,0.0,-0.0007661374402232468,-0.17143240571022034,0.0,0.0,0.0025262009521238742,0.032136901602374805,-0.038786157965660095,0.08611474931240082,0.0,0.0,0.0,0.0
0.5574893951416016,-0.31102249026298523,-1.2096264362335205,0.0,0.0,-0.0007661374402232468,-0.17143240571022034,0.0,0.0,0.0025262009521238742,0.032136901602374805,-0.038786157965660095,0.08611474931240082,0.0,0.0,0.0,0.0
0.5610923767089844,-0.2827574610710144,-1.2585201263427734,0.0,0.0,-0.0007325006299652159,-0.17145201563835144,0.0,0.0,0.0025262009521238742,0.032136901602374805,-0.038786157965660095,0.08611474931240082,0.0,0.0,0.0,0.0
0.5637097358703613,-0.2827574610710144,-1.2585201263427734,0.0,0.0,-0.0007325006299652159,-0.17145201563835144,0.0,0.0,0.0025262009521238742,0.032136901602374805,-0.038786157965660095,0.08611474931240082,0.0,0.0,0.0,0.0
0.5656909942626953,-0.2827574610710144,-1.2585201263427734,0.0,0.0,-0.0007325006299652159,-0.17145201563835144,0.0,0.0,0.0025262009521238742,0.032136901602374805,-0.038786157965660095,0.08611474931240082,0.0,0.0,0.0,0.0
0.5677816867828369,-0.2827574610710144,-1.2585201263427734,0.0,0.0,-0.0007325006299652159,-0.17145201563835144,0.0,0.0,0.0025262009521238742,0.032136901602374805,-0.038786157965660095,0.08611474931240082,0.0,0.0,0.0,0.0
0.5717496871948242,-0.2811083197593689,-1.2607300281524658,0.0,0.0,-0.0006935538840480149,-0.17147472500801086,0.0,0.0,0.0025262009521238742,0.032136901602374805,-0.038786157965660095,0.08611474931240082,0.0,0.0,0.0,0.0
0.5750043392181396,-0.2811083197593689,-1.2607300281524658,0.0,0.0,-0.0006935538840480149,-0.17147472500801086,0.0,0.0,0.003043919431462326,0.032136901602374805,-0.03403686359524727,0.08611474931240082,0.0,0.0,0.0,0.0
0.5770597457885742,-0.2811083197593689,-1.2607300281524658,0.0,0.0,-0.0006935538840480149,-0.17147472500801086,0.0,0.0,0.0030678878812730394,0.032136901602374805,-0.03469489887356758,0.08611474931240082,0.0,0.0,0.0,0.0
0.578803300857544,-0.2811083197593689,-1.2607300281524658,0.0,0.0,-0.0006935538840480149,-0.17147472500801086,0.0,0.0,0.0030678878812730394,0.032136901602374805,-0.03469489887356758,0.08611474931240082,0.0,0.0,0.0,0.0
0.5813612937927246,-0.2811083197593689,-1.2607300281524658,0.0,0.0,-0.0006935538840480149,-0.17147472500801086,0.0,0.0,0.0030678878812730394,0.032136901602374805,-0.035553205758333206,0.08611474931240082,0.0,0.0,0.0,0.0
0.5828588008880615,-0.2811083197593689,-1.2607300281524658,0.0,0.0,-0.0006935538840480149,-0.17147472500801086,0.0,0.0,0.0030678878812730394,0.032136901602374805,-0.035553205758333206,0.08611474931240082,0.0,0.0,0.0,0.0
0.5843164920806885,-0.2811083197593689,-1.2607300281524658,0.0,0.0,-0.0006935538840480149,-0.17147472500801086,0.0,0.0,0.0030678878812730394,0.032136901602374805,-0.035553205758333206,0.08611474931240082,0.0,0.0,0.0,0.0
0.5857598781585693,-0.2811083197593689,-1.2607300281524658,0.0,0.0,-0.0006935538840480149,-0.17147472500801086,0.0,0.0,0.0030678878812730394,0.032136901602374805,-0.035553205758333206,0.08611474931240082,0.0,0.0,0.0,0.0
0.588090181350708,-0.2811083197593689,-1.2607300281524658,0.0,0.0,-0.0006935538840480149,-0.17147472500801086,0.0,0.0,0.0030678878812730394,0.032136901602374805,-0.035553205758333206,0.08611474931240082,0.0,0.0,0.0,0.0
0.5908777713775635,-0.2811083197593689,-1.2607300281524658,0.0,0.0,-0.0006935538840480149,-0.17147472500801086,0.0,0.0,0.0030678878812730394,0.032136901602374805,-0.035553205758333206,0.08611474931240082,0.0,0.0,0.0,0.0
0.5937192440032959,-0.2811083197593689,-1.2607300281524658,0.0,0.0,-0.0006935538840480149,-0.17147472500801086,0.0,0.0,0.0030678878812730394,0.032136901602374805,-0.035553205758333206,0.08611474931240082,0.0,0.0,0.0,0.0
0.5953562259674072,-0.2811083197593689,-1.2607300281524658,0.0,0.0,-0.0006935538840480149,-0.17147472500801086,0.0,0.0,0.0030678878812730394,0.032136901602374805,-0.035553205758333206,0.08611474931240082,0.0,0.0,0.0,0.0
0.5974123477935791,-0.2811083197593689,-1.2607300281524658,0.0,0.0,-0.0006935538840480149,-0.17147472500801086,0.0,0.0,0.0030678878812730394,0.032136901602374805,-0.035553205758333206,0.08611474931240082,0.0,0.0,0.0,0.0
0.5989046096801758,-0.3089708089828491,-1.2127455472946167,0.0,0.0,-0.0007378421723842621,-0.17144890129566193,0.0,0.0,0.0030678878812730394,0.032136901602374805,-0.035553205758333206,0.08611474931240082,0.0,0.0,0.0,0.0
0.6003701686859131,-0.3089708089828491,-1.2127455472946167,0.0,0.0,-0.0007378421723842621,-0.17144890129566193,0.0,0.0,0.0030678878812730394,0.032136901602374805,-0.035553205758333206,0.08611474931240082,0.0,0.0,0.0,0.0
0.6021287441253662,-0.3089708089828491,-1.2127455472946167,0.0,0.0,-0.0007378421723842621,-0.17144890129566193,0.0,0.0,0.0030678878812730394,0.032136901602374805,-0.035553205758333206,0.08611474931240082,0.0,0.0,0.0,0.0
0.6036574840545654,-0.3089708089828491,-1.2127455472946167,0.0,0.0,-0.0007378421723842621,-0.17144890129566193,0.0,0.0,0.0030678878812730394,0.032136901602374805,-0.035553205758333206,0.08611474931240082,0.0,0.0,0.0,0.0
0.6050710678100586,-0.3089708089828491,-1.2127455472946167,0.0,0.0,-0.0007378421723842621,-0.17144890129566193,0.0,0.0,0.0030678878812730394,0.032136901602374805,-0.035553205758333206,0.08611474931240082,0.0,0.0,0.0,0.0
0.6064679622650146,-0.3089708089828491,-1.2127455472946167,0.0,0.0,-0.0007378421723842621,-0.17144890129566193,0.0,0.0,0.0030678878812730394,0.032136901602374805,-0.035553205758333206,0.08611474931240082,0.0,0.0,0.0,0.0
0.6081335544586182,-0.30020931363105774,-1.2281103134155273,0.0,0.0,-0.0007398809539154172,-0.17144770920276642,0.0,0.0,0.0030678878812730394,0.032136901602374805,-0.035553205758333206,0.08611474931240082,0.0,0.0,0.0,0.0
0.6100051403045654,-0.30020931363105774,-1.2281103134155273,0.0,0.0,-0.0007398809539154172,-0.17144770920276642,0.0,0.0,0.0030678878812730394,0.032136901602374805,-0.035553205758333206,0.08611474931240082,0.0,0.0,0.0,0.0
0.6114339828491211,-0.30020931363105774,-1.2281103134155273,0.0,0.0,-0.0007398809539154172,-0.17144770920276642,0.0,0.0,0.0030678878812730394,0.032136901602374805,-0.035553205758333206,0.08611474931240082,0.0,0.0,0.0,0.0
0.6130895614624023,-0.30020931363105774,-1.2281103134155273,0.0,0.0,-0.0007398809539154172,-0.17144770920276642,0.0,0.0,0.0030678878812730394,0.032136901602374805,-0.035553205758333206,0.08611474931240082,0.0,0.0,0.0,0.0
0.6144695281982422,-0.30020931363105774,-1.2281103134155273,0.0,0.0,-0.0007398809539154172,-0.17144770920276642,0.0,0.0,0.0030678878812730394,0.032136901602374805,-0.035553205758333206,0.08611474931240082,0.0,0.0,0.0,0.0
0.6158905029296875,-0.30020931363105774,-1.2281103134155273,0.0,0.0,-0.0007398809539154172,-0.17144770920276642,0.0,0.0,0.0030678878812730394,0.032136901602374805,-0.035553205758333206,0.08611474931240082,0.0,0.0,0.0,0.0
0.617276668548584,-0.30020931363105774,-1.2281103134155273,0.0,0.0,-0.0007398809539154172,-0.17144770920276642,0.0,0.0,0.0030678878812730394,0.032136901602374805,-0.035553205758333206,0.08611474931240082,0.0,0.0,0.0,0.0
0.6186544895172119,-0.30020931363105774,-1.2281103134155273,0.0,0.0,-0.0007398809539154172,-0.17144770920276642,0.0,0.0,0.0030678878812730394,0.032136901602374805,-0.035553205758333206,0.08611474931240082,0.0,0.0,0.0,0.0
0.6200957298278809,-0.30020931363105774,-1.2281103134155273,0.0,0.0,-0.0007398809539154172,-0.17144770920276642,0.0,0.0,0.0030678878812730394,0.032136901602374805,-0.035553205758333206,0.08611474931240082,0.0,0.0,0.0,0.0
0.6217873096466064,-0.30020931363105774,-1.2281103134155273,0.0,0.0,-0.0007398809539154172,-0.17144770920276642,0.0,0.0,0.0030678878812730394,0.032136901602374805,-0.035553205758333206,0.08611474931240082,0.0,0.0,0.0,0.0
0.6232120990753174,-0.30020931363105774,-1.2281103134155273,0.0,0.0,-0.0007398809539154172,-0.17144770920276642,0.0,0.0,0.0030678878812730394,0.032136901602374805,-0.035553205758333206,0.08611474931240082,0.0,0.0,0.0,0.0
0.6246237754821777,-0.30020931363105774,-1.2281103134155273,0.0,0.0,-0.0007398809539154172,-0.17144770920276642,0.0,0.0,0.0030678878812730394,0.032136901602374805,-0.035553205758333206,0.08611474931240082,0.0,0.0,0.0,0.0
0.6263883113861084,-0.30020931363105774,-1.2281103134155273,0.0,0.0,-0.0007398809539154172,-0.17144770920276642,0.0,0.0,0.0030678878812730394,0.032136901602374805,-0.035553205758333206,0.08611474931240082,0.0,0.0,0.0,0.0
0.6284911632537842,-0.30020931363105774,-1.2281103134155273,0.0,0.0,-0.0007398809539154172,-0.17144770920276642,0.0,0.0,0.0030678878812730394,0.032136901602374805,-0.035553205758333206,0.08611474931240082,0.0,0.0,0.0,0.0
0.6305108070373535,-0.30020931363105774,-1.2281103134155273,0.0,0.0,-0.0007398809539154172,-0.17144770920276642,0.0,0.0,0.0030678878812730394,0.032136901602374805,-0.035553205758333206,0.08611474931240082,0.0,0.0,0.0,0.0
0.632735013961792,-0.30020931363105774,-1.2281103134155273,0.0,0.0,-0.0007398809539154172,-0.17144770920276642,0.0,0.0,0.0030678878812730394,0.032136901602374805,-0.035553205758333206,0.08611474931240082,0.0,0.0,0.0,0.0
0.6349811553955078,-0.30020931363105774,-1.2281103134155273,0.0,0.0,-0.0007398809539154172,-0.17144770920276642,0.0,0.0,0.0030678878812730394,0.032136901602374805,-0.035553205758333206,0.08611474931240082,0.0,0.0,0.0,0.0
0.6371145248413086,-0.30020931363105774,-1.2281103134155273,0.0,0.0,-0.0007398809539154172,-0.17144770920276642,0.0,0.0,0.0030678878812730394,0.032136901602374805,-0.035553205758333206,0.08611474931240082,0.0,0.0,0.0,0.0
0.6404135227203369,-0.30020931363105774,-1.2281103134155273,0.0,0.0,-0.0007398809539154172,-0.17144770920276642,0.0,0.0,0.0030678878812730394,0.032136901602374805,-0.035553205758333206,0.08611474931240082,0.0,0.0,0.0,0.0
0.642585039138794,-0.30020931363105774,-1.2281103134155273,0.0,0.0,-0.0007398809539154172,-0.17144770920276642,0.0,0.0,0.0030678878812730394,0.032136901602374805,-0.035553205758333206,0.08611474931240082,0.0,0.0,0.0,0.0
0.644655704498291,-0.30020931363105774,-1.2281103134155273,0.0,0.0,-0.0007398809539154172,-0.17144770920276642,0.0,0.0,0.0030678878812730394,0.032136901602374805,-0.035553205758333206,0.08611474931240082,0.0,0.0,0.0,0.0
0.6468503475189209,-0.30020931363105774,-1.2281103134155273,0.0,0.0,-0.0007398809539154172,-0.17144770920276642,0.0,0.0,0.0030678878812730394,0.032136901602374805,-0.035553205758333206,0.08611474931240082,0.0,0.0,0.0,0.0
0.6492722034454346,-0.30020931363105774,-1.2281103134155273,0.0,0.0,-0.0007398809539154172,-0.17144770920276642,0.0,0.0,0.0030678878812730394,0.032136901602374805,-0.035553205758333206,0.08611474931240082,0.0,0.0,0.0,0.0
0.6516897678375244,-0.30020931363105774,-1.2281103134155273,0.0,0.0,-0.0007398809539154172,-0.17144770920276642,0.0,0.0,0.0030678878812730394,0.032136901602374805,-0.035553205758333206,0.08611474931240082,0.0,0.0,0.0,0.0
0.653728723526001,-0.30020931363105774,-1.2281103134155273,0.0,0.0,-0.0007398809539154172,-0.17144770920276642,0.0,0.0,0.0030678878812730394,0.032136901602374805,-0.035553205758333206,0.08611474931240082,0.0,0.0,0.0,0.0
0.6560823917388916,-0.30020931363105774,-1.2281103134155273,0.0,0.0,-0.0007398809539154172,-0.17144770920276642,0.0,0.0,0.0030678878812730394,0.032136901602374805,-0.035553205758333206,0.08611474931240082,0.0,0.0,0.0,0.0
0.6584088802337646,-0.30020931363105774,-1.2281103134155273,0.0,0.0,-0.0007398809539154172,-0.17144770920276642,0.0,0.0,0.0030678878812730394,0.032136901602374805,-0.035553205758333206,0.08611474931240082,0.0,0.0,0.0,0.0
0.660628080368042,-0.30020931363105774,-1.2281103134155273,0.0,0.0,-0.0007398809539154172,-0.17144770920276642,0.0,0.0,0.0030678878812730394,0.032136901602374805,-0.035553205758333206,0.08611474931240082,0.0,0.0,0.0,0.0
0.6630053520202637,-0.30020931363105774,-1.2281103134155273,0.0,0.0,-0.0007398809539154172,-0.17144770920276642,0.0,0.0,0.0030678878812730394,0.032136901602374805,-0.035553205758333206,0.08611474931240082,0.0,0.0,0.0,0.0
0.6645128726959229,-0.30020931363105774,-1.2281103134155273,0.0,0.0,-0.0007398809539154172,-0.17144770920276642,0.0,0.0,0.0030678878812730394,0.032136901602374805,-0.035553205758333206,0.08611474931240082,0.0,0.0,0.0,0.0
0.6659131050109863,-0.30020931363105774,-1.2281103134155273,0.0,0.0,-0.0007398809539154172,-0.17144770920276642,0.0,0.0,0.0030678878812730394,0.032136901602374805,-0.035553205758333206,0.08611474931240082,0.0,0.0,0.0,0.0
0.6677613258361816,-0.30020931363105774,-1.2281103134155273,0.0,0.0,-0.0007398809539154172,-0.17144770920276642,0.0,0.0,0.0030678878812730394,0.032136901602374805,-0.035553205758333206,0.08611474931240082,0.0,0.0,0.0,0.0
0.670027494430542,-0.30020931363105774,-1.2281103134155273,0.0,0.0,-0.0007398809539154172,-0.17144770920276642,0.0,0.0,0.0030678878812730394,0.032136901602374805,-0.035553205758333206,0.08611474931240082,0.0,0.0,0.0,0.0
0.6716763973236084,-0.30020931363105774,-1.2281103134155273,0.0,0.0,-0.0007398809539154172,-0.17144770920276642,0.0,0.0,0.0030678878812730394,0.032136901602374805,-0.035553205758333206,0.08611474931240082,0.0,0.0,0.0,0.0
0.6734156608581543,-0.30020931363105774,-1.2281103134155273,0.0,0.0,-0.0007398809539154172,-0.17144770920276642,0.0,0.0,0.0030678878812730394,0.032136901602374805,-0.035553205758333206,0.08611474931240082,0.0,0.0,0.0,0.0
0.6755995750427246,-0.30020931363105774,-1.2281103134155273,0.0,0.0,-0.0007398809539154172,-0.17144770920276642,0.0,0.0,0.0030678878812730394,0.032136901602374805,-0.035553205758333206,0.08611474931240082,0.0,0.0,0.0,0.0
0.6772944927215576,-0.30020931363105774,-1.2281103134155273,0.0,0.0,-0.0007398809539154172,-0.17144770920276642,0.0,0.0,0.0030678878812730394,0.032136901602374805,-0.035553205758333206,0.08611474931240082,0.0,0.0,0.0,0.0
0.6789870262145996,-0.30020931363105774,-1.2281103134155273,0.0,0.0,-0.0007398809539154172,-0.17144770920276642,0.0,0.0,0.0030678878812730394,0.032136901602374805,-0.035553205758333206,0.08611474931240082,0.0,0.0,0.0,0.0
0.6809546947479248,-0.30020931363105774,-1.2281103134155273,0.0,0.0,-0.0007398809539154172,-0.17144770920276642,0.0,0.0,0.0030678878812730394,0.032136901602374805,-0.035553205758333206,0.08611474931240082,0.0,0.0,0.0,0.0
0.6824941635131836,-0.30020931363105774,-1.2281103134155273,0.0,0.0,-0.0007398809539154172,-0.17144770920276642,0.0,0.0,0.0030678878812730394,0.032136901602374805,-0.035553205758333206,0.08611474931240082,0.0,0.0,0.0,0.0
0.6844329833984375,-0.30020931363105774,-1.2281103134155273,0.0,0.0,-0.0007398809539154172,-0.17144770920276642,0.0,0.0,0.0030678878812730394,0.032136901602374805,-0.035553205758333206,0.08611474931240082,0.0,0.0,0.0,0.0
0.6860625743865967,-0.30020931363105774,-1.2281103134155273,0.0,0.0,-0.0007398809539154172,-0.17144770920276642,0.0,0.0,0.0030678878812730394,0.032136901602374805,-0.035553205758333206,0.08611474931240082,0.0,0.0,0.0,0.0
0.6880826950073242,-0.30020931363105774,-1.2281103134155273,0.0,0.0,-0.0007398809539154172,-0.17144770920276642,0.0,0.0,0.0030678878812730394,0.032136901602374805,-0.035553205758333206,0.08611474931240082,0.0,0.0,0.0,0.0
0.6896328926086426,-0.30020931363105774,-1.2281103134155273,0.0,0.0,-0.0007398809539154172,-0.17144770920276642,0.0,0.0,0.0030678878812730394,0.032136901602374805,-0.035553205758333206,0.08611474931240082,0.0,0.0,0.0,0.0
0.69132399559021,-0.30020931363105774,-1.2281103134155273,0.0,0.0,-0.0007398809539154172,-0.17144770920276642,0.0,0.0,0.0030678878812730394,0.032136901602374805,-0.035553205758333206,0.08611474931240082,0.0,0.0,0.0,0.0
0.6928696632385254,-0.30020931363105774,-1.2281103134155273,0.0,0.0,-0.0007398809539154172,-0.17144770920276642,0.0,0.0,0.0030678878812730394,0.032136901602374805,-0.035553205758333206,0.08611474931240082,0.0,0.0,0.0,0.0
0.6948549747467041,-0.30020931363105774,-1.2281103134155273,0.0,0.0,-0.0007398809539154172,-0.17144770920276642,0.0,0.0,0.0030678878812730394,0.032136901602374805,-0.035553205758333206,0.08611474931240082,0.0,0.0,0.0,0.0
0.6966404914855957,-0.30020931363105774,-1.2281103134155273,0.0,0.0,-0.0007398809539154172,-0.17144770920276642,0.0,0.0,0.0030678878812730394,0.032136901602374805,-0.035553205758333206,0.08611474931240082,0.0,0.0,0.0,0.0
0.6983797550201416,-0.30020931363105774,-1.2281103134155273,0.0,0.0,-0.0007398809539154172,-0.17144770920276642,0.0,0.0,0.0030678878812730394,0.032136901602374805,-0.035553205758333206,0.08611474931240082,0.0,0.0,0.0,0.0
0.6999187469482422,-0.30020931363105774,-1.2281103134155273,0.0,0.0,-0.0007398809539154172,-0.17144770920276642,0.0,0.0,0.0030678878812730394,0.032136901602374805,-0.035553205758333206,0.08611474931240082,0.0,0.0,0.0,0.0
0.7017295360565186,-0.30020931363105774,-1.2281103134155273,0.0,0.0,-0.0007398809539154172,-0.17144770920276642,0.0,0.0,0.0030678878812730394,0.032136901602374805,-0.035553205758333206,0.08611474931240082,0.0,0.0,0.0,0.0
0.7031900882720947,-0.30020931363105774,-1.2281103134155273,0.0,0.0,-0.0007398809539154172,-0.17144770920276642,0.0,0.0,0.0030678878812730394,0.032136901602374805,-0.035553205758333206,0.08611474931240082,0.0,0.0,0.0,0.0
0.7049205303192139,-0.30020931363105774,-1.2281103134155273,0.0,0.0,-0.0007398809539154172,-0.17144770920276642,0.0,0.0,0.0030678878812730394,0.032136901602374805,-0.035553205758333206,0.08611474931240082,0.0,0.0,0.0,0.0
0.7068140506744385,-0.30020931363105774,-1.2281103134155273,0.0,0.0,-0.0007398809539154172,-0.17144770920276642,0.0,0.0,0.0030678878812730394,0.032136901602374805,-0.035553205758333206,0.08611474931240082,0.0,0.0,0.0,0.0
0.708428144454956,-0.30020931363105774,-1.2281103134155273,0.0,0.0,-0.0007398809539154172,-0.17144770920276642,0.0,0.0,0.0030678878812730394,0.032136901602374805,-0.035553205758333206,0.08611474931240082,0.0,0.0,0.0,0.0
0.7098915576934814,-0.30020931363105774,-1.2281103134155273,0.0,0.0,-0.0007398809539154172,-0.17144770920276642,0.0,0.0,0.0030678878812730394,0.032136901602374805,-0.035553205758333206,0.08611474931240082,0.0,0.0,0.0,0.0
0.7115976810455322,-0.30020931363105774,-1.2281103134155273,0.0,0.0,-0.0007398809539154172,-0.17144770920276642,0.0,0.0,0.0030678878812730394,0.032136901602374805,-0.035553205758333206,0.08611474931240082,0.0,0.0,0.0,0.0
0.7130947113037109,-0.30020931363105774,-1.2281103134155273,0.0,0.0,-0.0007398809539154172,-0.17144770920276642,0.0,0.0,0.0030678878812730394,0.032136901602374805,-0.035553205758333206,0.08611474931240082,0.0,0.0,0.0,0.0
0.7150692939758301,-0.30020931363105774,-1.2281103134155273,0.0,0.0,-0.0007398809539154172,-0.17144770920276642,0.0,0.0,0.0030678878812730394,0.032136901602374805,-0.035553205758333206,0.08611474931240082,0.0,0.0,0.0,0.0
0.7168292999267578,-0.30020931363105774,-1.2281103134155273,0.0,0.0,-0.0007398809539154172,-0.17144770920276642,0.0,0.0,0.0030678878812730394,0.032136901602374805,-0.035553205758333206,0.08611474931240082,0.0,0.0,0.0,0.0
0.7183752059936523,-0.30020931363105774,-1.2281103134155273,0.0,0.0,-0.0007398809539154172,-0.17144770920276642,0.0,0.0,0.0030678878812730394,0.032136901602374805,-0.035553205758333206,0.08611474931240082,0.0,0.0,0.0,0.0
0.7200260162353516,-0.30020931363105774,-1.2281103134155273,0.0,0.0,-0.0007398809539154172,-0.17144770920276642,0.0,0.0,0.0030678878812730394,0.032136901602374805,-0.035553205758333206,0.08611474931240082,0.0,0.0,0.0,0.0
0.7217063903808594,-0.30020931363105774,-1.2281103134155273,0.0,0.0,-0.0007398809539154172,-0.17144770920276642,0.0,0.0,0.0030678878812730394,0.032136901602374805,-0.035553205758333206,0.08611474931240082,0.0,0.0,0.0,0.0
0.7240958213806152,-0.30020931363105774,-1.2281103134155273,0.0,0.0,-0.0007398809539154172,-0.17144770920276642,0.0,0.0,0.0030678878812730394,0.032136901602374805,-0.035553205758333206,0.08611474931240082,0.0,0.0,0.0,0.0
0.7258479595184326,-0.30020931363105774,-1.2281103134155273,0.0,0.0,-0.0007398809539154172,-0.17144770920276642,0.0,0.0,0.0030678878812730394,0.032136901602374805,-0.035553205758333206,0.08611474931240082,0.0,0.0,0.0,0.0
0.7274138927459717,-0.30020931363105774,-1.2281103134155273,0.0,0.0,-0.0007398809539154172,-0.17144770920276642,0.0,0.0,0.0030678878812730394,0.032136901602374805,-0.035553205758333206,0.08611474931240082,0.0,0.0,0.0,0.0
0.7301006317138672,-0.30020931363105774,-1.2281103134155273,0.0,0.0,-0.0007398809539154172,-0.17144770920276642,0.0,0.0,0.0030678878812730394,0.032136901602374805,-0.035553205758333206,0.08611474931240082,0.0,0.0,0.0,0.0
0.7324559688568115,-0.30020931363105774,-1.2281103134155273,0.0,0.0,-0.0007398809539154172,-0.17144770920276642,0.0,0.0,0.0030678878812730394,0.032136901602374805,-0.035553205758333206,0.08611474931240082,0.0,0.0,0.0,0.0
0.7339634895324707,-0.30020931363105774,-1.2281103134155273,0.0,0.0,-0.0007398809539154172,-0.17144770920276642,0.0,0.0,0.0030678878812730394,0.032136901602374805,-0.035553205758333206,0.08611474931240082,0.0,0.0,0.0,0.0
0.7359590530395508,-0.30020931363105774,-1.2281103134155273,0.0,0.0,-0.0007398809539154172,-0.17144770920276642,0.0,0.0,0.0030678878812730394,0.032136901602374805,-0.035553205758333206,0.08611474931240082,0.0,0.0,0.0,0.0
0.7380139827728271,-0.30020931363105774,-1.2281103134155273,0.0,0.0,-0.0007398809539154172,-0.17144770920276642,0.0,0.0,0.0030678878812730394,0.032136901602374805,-0.035553205758333206,0.08611474931240082,0.0,0.0,0.0,0.0
0.7399873733520508,-0.30020931363105774,-1.2281103134155273,0.0,0.0,-0.0007398809539154172,-0.17144770920276642,0.0,0.0,0.0030678878812730394,0.032136901602374805,-0.035553205758333206,0.08611474931240082,0.0,0.0,0.0,0.0
0.7414510250091553,-0.30020931363105774,-1.2281103134155273,0.0,0.0,-0.0007398809539154172,-0.17144770920276642,0.0,0.0,0.0030678878812730394,0.032136901602374805,-0.035553205758333206,0.08611474931240082,0.0,0.0,0.0,0.0
0.7430076599121094,-0.30020931363105774,-1.2281103134155273,0.0,0.0,-0.0007398809539154172,-0.17144770920276642,0.0,0.0,0.0030678878812730394,0.032136901602374805,-0.035553205758333206,0.08611474931240082,0.0,0.0,0.0,0.0
0.7445240020751953,-0.30020931363105774,-1.2281103134155273,0.0,0.0,-0.0007398809539154172,-0.17144770920276642,0.0,0.0,0.0030678878812730394,0.032136901602374805,-0.035553205758333206,0.08611474931240082,0.0,0.0,0.0,0.0
0.7460229396820068,-0.30020931363105774,-1.2281103134155273,0.0,0.0,-0.0007398809539154172,-0.17144770920276642,0.0,0.0,0.0030678878812730394,0.032136901602374805,-0.035553205758333206,0.08611474931240082,0.0,0.0,0.0,0.0
0.747673511505127,-0.30020931363105774,-1.2281103134155273,0.0,0.0,-0.0007398809539154172,-0.17144770920276642,0.0,0.0,0.0030678878812730394,0.032136901602374805,-0.035553205758333206,0.08611474931240082,0.0,0.0,0.0,0.0
0.7492542266845703,-0.30020931363105774,-1.2281103134155273,0.0,0.0,-0.0007398809539154172,-0.17144770920276642,0.0,0.0,0.0030678878812730394,0.032136901602374805,-0.035553205758333206,0.08611474931240082,0.0,0.0,0.0,0.0
0.7508165836334229,-0.30020931363105774,-1.2281103134155273,0.0,0.0,-0.0007398809539154172,-0.17144770920276642,0.0,0.0,0.0030678878812730394,0.032136901602374805,-0.035553205758333206,0.08611474931240082,0.0,0.0,0.0,0.0
0.7530837059020996,-0.30020931363105774,-1.2281103134155273,0.0,0.0,-0.0007398809539154172,-0.17144770920276642,0.0,0.0,0.0030678878812730394,0.032136901602374805,-0.035553205758333206,0.08611474931240082,0.0,0.0,0.0,0.0
0.7549254894256592,-0.30020931363105774,-1.2281103134155273,0.0,0.0,-0.0007398809539154172,-0.17144770920276642,0.0,0.0,0.0030678878812730394,0.032136901602374805,-0.035553205758333206,0.08611474931240082,0.0,0.0,0.0,0.0
0.7572371959686279,-0.30020931363105774,-1.2281103134155273,0.0,0.0,-0.0007398809539154172,-0.17144770920276642,0.0,0.0,0.0030678878812730394,0.032136901602374805,-0.035553205758333206,0.08611474931240082,0.0,0.0,0.0,0.0
0.7604618072509766,-0.30020931363105774,-1.2281103134155273,0.0,0.0,-0.0007398809539154172,-0.17144770920276642,0.0,0.0,0.0030678878812730394,0.032136901602374805,-0.035553205758333206,0.08611474931240082,0.0,0.0,0.0,0.0
0.7627768516540527,-0.30020931363105774,-1.2281103134155273,0.0,0.0,-0.0007398809539154172,-0.17144770920276642,0.0,0.0,0.0030678878812730394,0.032136901602374805,-0.035553205758333206,0.08611474931240082,0.0,0.0,0.0,0.0
0.7650270462036133,-0.30020931363105774,-1.2281103134155273,0.0,0.0,-0.0007398809539154172,-0.17144770920276642,0.0,0.0,0.0030678878812730394,0.032136901602374805,-0.035553205758333206,0.08611474931240082,0.0,0.0,0.0,0.0
0.7670009136199951,-0.30020931363105774,-1.2281103134155273,0.0,0.0,-0.0007398809539154172,-0.17144770920276642,0.0,0.0,0.0030678878812730394,0.032136901602374805,-0.035553205758333206,0.08611474931240082,0.0,0.0,0.0,0.0
0.769068717956543,-0.30020931363105774,-1.2281103134155273,0.0,0.0,-0.0007398809539154172,-0.17144770920276642,0.0,0.0,0.0030678878812730394,0.032136901602374805,-0.035553205758333206,0.08611474931240082,0.0,0.0,0.0,0.0
0.7710995674133301,-0.30020931363105774,-1.2281103134155273,0.0,0.0,-0.0007398809539154172,-0.17144770920276642,0.0,0.0,0.0030678878812730394,0.032136901602374805,-0.035553205758333206,0.08611474931240082,0.0,0.0,0.0,0.0
0.7730317115783691,-0.30020931363105774,-1.2281103134155273,0.0,0.0,-0.0007398809539154172,-0.17144770920276642,0.0,0.0,0.0030678878812730394,0.032136901602374805,-0.035553205758333206,0.08611474931240082,0.0,0.0,0.0,0.0
0.7748672962188721,-0.30020931363105774,-1.2281103134155273,0.0,0.0,-0.0007398809539154172,-0.17144770920276642,0.0,0.0,0.0030678878812730394,0.032136901602374805,-0.035553205758333206,0.08611474931240082,0.0,0.0,0.0,0.0
0.7768125534057617,-0.30020931363105774,-1.2281103134155273,0.0,0.0,-0.0007398809539154172,-0.17144770920276642,0.0,0.0,0.0030678878812730394,0.032136901602374805,-0.035553205758333206,0.08611474931240082,0.0,0.0,0.0,0.0
0.7788314819335938,-0.30020931363105774,-1.2281103134155273,0.0,0.0,-0.0007398809539154172,-0.17144770920276642,0.0,0.0,0.0030678878812730394,0.032136901602374805,-0.035553205758333206,0.08611474931240082,0.0,0.0,0.0,0.0
0.7808201313018799,-0.30020931363105774,-1.2281103134155273,0.0,0.0,-0.0007398809539154172,-0.17144770920276642,0.0,0.0,0.0030678878812730394,0.032136901602374805,-0.035553205758333206,0.08611474931240082,0.0,0.0,0.0,0.0
0.7826583385467529,-0.30020931363105774,-1.2281103134155273,0.0,0.0,-0.0007398809539154172,-0.17144770920276642,0.0,0.0,0.0030678878812730394,0.032136901602374805,-0.035553205758333206,0.08611474931240082,0.0,0.0,0.0,0.0
0.7847151756286621,-0.30020931363105774,-1.2281103134155273,0.0,0.0,-0.0007398809539154172,-0.17144770920276642,0.0,0.0,0.0030678878812730394,0.032136901602374805,-0.035553205758333206,0.08611474931240082,0.0,0.0,0.0,0.0
0.7865047454833984,-0.30020931363105774,-1.2281103134155273,0.0,0.0,-0.0007398809539154172,-0.17144770920276642,0.0,0.0,0.0030678878812730394,0.032136901602374805,-0.035553205758333206,0.08611474931240082,0.0,0.0,0.0,0.0
0.788773775100708,-0.30020931363105774,-1.2281103134155273,0.0,0.0,-0.0007398809539154172,-0.17144770920276642,0.0,0.0,0.0030678878812730394,0.032136901602374805,-0.035553205758333206,0.08611474931240082,0.0,0.0,0.0,0.0
0.7911722660064697,-0.30020931363105774,-1.2281103134155273,0.0,0.0,-0.0007398809539154172,-0.17144770920276642,0.0,0.0,0.0030678878812730394,0.032136901602374805,-0.035553205758333206,0.08611474931240082,0.0,0.0,0.0,0.0
0.7931013107299805,-0.30020931363105774,-1.2281103134155273,0.0,0.0,-0.0007398809539154172,-0.17144770920276642,0.0,0.0,0.0030678878812730394,0.032136901602374805,-0.035553205758333206,0.08611474931240082,0.0,0.0,0.0,0.0
0.7953987121582031,-0.30020931363105774,-1.2281103134155273,0.0,0.0,-0.0007398809539154172,-0.17144770920276642,0.0,0.0,0.0030678878812730394,0.032136901602374805,-0.035553205758333206,0.08611474931240082,0.0,0.0,0.0,0.0
0.797147274017334,-0.30020931363105774,-1.2281103134155273,0.0,0.0,-0.0007398809539154172,-0.17144770920276642,0.0,0.0,0.0030678878812730394,0.032136901602374805,-0.035553205758333206,0.08611474931240082,0.0,0.0,0.0,0.0
0.7995645999908447,-0.30020931363105774,-1.2281103134155273,0.0,0.0,-0.0007398809539154172,-0.17144770920276642,0.0,0.0,0.0030678878812730394,0.032136901602374805,-0.035553205758333206,0.08611474931240082,0.0,0.0,0.0,0.0
0.8018202781677246,-0.30020931363105774,-1.2281103134155273,0.0,0.0,-0.0007398809539154172,-0.17144770920276642,0.0,0.0,0.0030678878812730394,0.032136901602374805,-0.035553205758333206,0.08611474931240082,0.0,0.0,0.0,0.0
0.8036620616912842,-0.30020931363105774,-1.2281103134155273,0.0,0.0,-0.0007398809539154172,-0.17144770920276642,0.0,0.0,0.0030678878812730394,0.032136901602374805,-0.035553205758333206,0.08611474931240082,0.0,0.0,0.0,0.0
0.80507493019104,-0.30020931363105774,-1.2281103134155273,0.0,0.0,-0.0007398809539154172,-0.17144770920276642,0.0,0.0,0.0030678878812730394,0.032136901602374805,-0.035553205758333206,0.08611474931240082,0.0,0.0,0.0,0.0
0.80645751953125,-0.30020931363105774,-1.2281103134155273,0.0,0.0,-0.0007398809539154172,-0.17144770920276642,0.0,0.0,0.0030678878812730394,0.032136901602374805,-0.035553205758333206,0.08611474931240082,0.0,0.0,0.0,0.0
0.8078460693359375,-0.30020931363105774,-1.2281103134155273,0.0,0.0,-0.0007398809539154172,-0.17144770920276642,0.0,0.0,0.0030678878812730394,0.032136901602374805,-0.035553205758333206,0.08611474931240082,0.0,0.0,0.0,0.0
0.8093070983886719,-0.30020931363105774,-1.2281103134155273,0.0,0.0,-0.0007398809539154172,-0.17144770920276642,0.0,0.0,0.0030678878812730394,0.032136901602374805,-0.035553205758333206,0.08611474931240082,0.0,0.0,0.0,0.0
0.8106944561004639,-0.30020931363105774,-1.2281103134155273,0.0,0.0,-0.0007398809539154172,-0.17144770920276642,0.0,0.0,0.0030678878812730394,0.032136901602374805,-0.035553205758333206,0.08611474931240082,0.0,0.0,0.0,0.0
0.8120613098144531,-0.30020931363105774,-1.2281103134155273,0.0,0.0,-0.0007398809539154172,-0.17144770920276642,0.0,0.0,0.0030678878812730394,0.032136901602374805,-0.035553205758333206,0.08611474931240082,0.0,0.0,0.0,0.0
0.8134660720825195,-0.30020931363105774,-1.2281103134155273,0.0,0.0,-0.0007398809539154172,-0.17144770920276642,0.0,0.0,0.0030678878812730394,0.032136901602374805,-0.035553205758333206,0.08611474931240082,0.0,0.0,0.0,0.0
0.8148367404937744,-0.30020931363105774,-1.2281103134155273,0.0,0.0,-0.0007398809539154172,-0.17144770920276642,0.0,0.0,0.0030678878812730394,0.032136901602374805,-0.035553205758333206,0.08611474931240082,0.0,0.0,0.0,0.0
0.8161981105804443,-0.30020931363105774,-1.2281103134155273,0.0,0.0,-0.0007398809539154172,-0.17144770920276642,0.0,0.0,0.0030678878812730394,0.032136901602374805,-0.035553205758333206,0.08611474931240082,0.0,0.0,0.0,0.0
0.8179762363433838,-0.30020931363105774,-1.2281103134155273,0.0,0.0,-0.0007398809539154172,-0.17144770920276642,0.0,0.0,0.0030678878812730394,0.032136901602374805,-0.035553205758333206,0.08611474931240082,0.0,0.0,0.0,0.0
0.8193550109863281,-0.30020931363105774,-1.2281103134155273,0.0,0.0,-0.0007398809539154172,-0.17144770920276642,0.0,0.0,0.0030678878812730394,0.032136901602374805,-0.035553205758333206,0.08611474931240082,0.0,0.0,0.0,0.0
0.8207340240478516,-0.30020931363105774,-1.2281103134155273,0.0,0.0,-0.0007398809539154172,-0.17144770920276642,0.0,0.0,0.0030678878812730394,0.032136901602374805,-0.035553205758333206,0.08611474931240082,0.0,0.0,0.0,0.0
0.8220958709716797,-0.30020931363105774,-1.2281103134155273,0.0,0.0,-0.0007398809539154172,-0.17144770920276642,0.0,0.0,0.0030678878812730394,0.032136901602374805,-0.035553205758333206,0.08611474931240082,0.0,0.0,0.0,0.0
0.8234670162200928,-0.30020931363105774,-1.2281103134155273,0.0,0.0,-0.0007398809539154172,-0.17144770920276642,0.0,0.0,0.0030678878812730394,0.032136901602374805,-0.035553205758333206,0.08611474931240082,0.0,0.0,0.0,0.0
0.8248550891876221,-0.30020931363105774,-1.2281103134155273,0.0,0.0,-0.0007398809539154172,-0.17144770920276642,0.0,0.0,0.0030678878812730394,0.032136901602374805,-0.035553205758333206,0.08611474931240082,0.0,0.0,0.0,0.0
0.8262395858764648,-0.30020931363105774,-1.2281103134155273,0.0,0.0,-0.0007398809539154172,-0.17144770920276642,0.0,0.0,0.0030678878812730394,0.032136901602374805,-0.035553205758333206,0.08611474931240082,0.0,0.0,0.0,0.0
0.827855110168457,-0.30020931363105774,-1.2281103134155273,0.0,0.0,-0.0007398809539154172,-0.17144770920276642,0.0,0.0,0.0030678878812730394,0.032136901602374805,-0.035553205758333206,0.08611474931240082,0.0,0.0,0.0,0.0
0.8293981552124023,-0.30020931363105774,-1.2281103134155273,0.0,0.0,-0.0007398809539154172,-0.17144770920276642,0.0,0.0,0.0030678878812730394,0.032136901602374805,-0.035553205758333206,0.08611474931240082,0.0,0.0,0.0,0.0
0.8308699131011963,-0.30020931363105774,-1.2281103134155273,0.0,0.0,-0.0007398809539154172,-0.17144770920276642,0.0,0.0,0.0030678878812730394,0.032136901602374805,-0.035553205758333206,0.08611474931240082,0.0,0.0,0.0,0.0
0.8323521614074707,-0.30020931363105774,-1.2281103134155273,0.0,0.0,-0.0007398809539154172,-0.17144770920276642,0.0,0.0,0.0030678878812730394,0.032136901602374805,-0.035553205758333206,0.08611474931240082,0.0,0.0,0.0,0.0
0.8337006568908691,-0.30020931363105774,-1.2281103134155273,0.0,0.0,-0.0007398809539154172,-0.17144770920276642,0.0,0.0,0.0030678878812730394,0.032136901602374805,-0.035553205758333206,0.08611474931240082,0.0,0.0,0.0,0.0
0.8350861072540283,-0.30020931363105774,-1.2281103134155273,0.0,0.0,-0.0007398809539154172,-0.17144770920276642,0.0,0.0,0.0030678878812730394,0.032136901602374805,-0.035553205758333206,0.08611474931240082,0.0,0.0,0.0,0.0
0.8364105224609375,-0.30020931363105774,-1.2281103134155273,0.0,0.0,-0.0007398809539154172,-0.17144770920276642,0.0,0.0,0.0030678878812730394,0.032136901602374805,-0.035553205758333206,0.08611474931240082,0.0,0.0,0.0,0.0
0.8383095264434814,-0.30020931363105774,-1.2281103134155273,0.0,0.0,-0.0007398809539154172,-0.17144770920276642,0.0,0.0,0.0030678878812730394,0.032136901602374805,-0.035553205758333206,0.08611474931240082,0.0,0.0,0.0,0.0
0.8399007320404053,-0.30020931363105774,-1.2281103134155273,0.0,0.0,-0.0007398809539154172,-0.17144770920276642,0.0,0.0,0.0030678878812730394,0.032136901602374805,-0.035553205758333206,0.08611474931240082,0.0,0.0,0.0,0.0
0.8413710594177246,-0.30020931363105774,-1.2281103134155273,0.0,0.0,-0.0007398809539154172,-0.17144770920276642,0.0,0.0,0.0030678878812730394,0.032136901602374805,-0.035553205758333206,0.08611474931240082,0.0,0.0,0.0,0.0
0.8428082466125488,-0.30020931363105774,-1.2281103134155273,0.0,0.0,-0.0007398809539154172,-0.17144770920276642,0.0,0.0,0.0030678878812730394,0.032136901602374805,-0.035553205758333206,0.08611474931240082,0.0,0.0,0.0,0.0
0.8442208766937256,-0.30020931363105774,-1.2281103134155273,0.0,0.0,-0.0007398809539154172,-0.17144770920276642,0.0,0.0,0.0030678878812730394,0.032136901602374805,-0.035553205758333206,0.08611474931240082,0.0,0.0,0.0,0.0
0.8456330299377441,-0.30020931363105774,-1.2281103134155273,0.0,0.0,-0.0007398809539154172,-0.17144770920276642,0.0,0.0,0.0030678878812730394,0.032136901602374805,-0.035553205758333206,0.08611474931240082,0.0,0.0,0.0,0.0
0.8475344181060791,-0.30020931363105774,-1.2281103134155273,0.0,0.0,-0.0007398809539154172,-0.17144770920276642,0.0,0.0,0.0030678878812730394,0.032136901602374805,-0.035553205758333206,0.08611474931240082,0.0,0.0,0.0,0.0
0.8491837978363037,-0.30020931363105774,-1.2281103134155273,0.0,0.0,-0.0007398809539154172,-0.17144770920276642,0.0,0.0,0.0030678878812730394,0.032136901602374805,-0.035553205758333206,0.08611474931240082,0.0,0.0,0.0,0.0
0.8513951301574707,-0.30020931363105774,-1.2281103134155273,0.0,0.0,-0.0007398809539154172,-0.17144770920276642,0.0,0.0,0.0030678878812730394,0.032136901602374805,-0.035553205758333206,0.08611474931240082,0.0,0.0,0.0,0.0
0.8530566692352295,-0.30020931363105774,-1.2281103134155273,0.0,0.0,-0.0007398809539154172,-0.17144770920276642,0.0,0.0,0.0030678878812730394,0.032136901602374805,-0.035553205758333206,0.08611474931240082,0.0,0.0,0.0,0.0
0.8552651405334473,-0.30020931363105774,-1.2281103134155273,0.0,0.0,-0.0007398809539154172,-0.17144770920276642,0.0,0.0,0.0030678878812730394,0.032136901602374805,-0.035553205758333206,0.08611474931240082,0.0,0.0,0.0,0.0
0.8570523262023926,-0.30020931363105774,-1.2281103134155273,0.0,0.0,-0.0007398809539154172,-0.17144770920276642,0.0,0.0,0.0030678878812730394,0.032136901602374805,-0.035553205758333206,0.08611474931240082,0.0,0.0,0.0,0.0
0.860260009765625,-0.30020931363105774,-1.2281103134155273,0.0,0.0,-0.0007398809539154172,-0.17144770920276642,0.0,0.0,0.0030678878812730394,0.032136901602374805,-0.035553205758333206,0.08611474931240082,0.0,0.0,0.0,0.0
0.8620939254760742,-0.30020931363105774,-1.2281103134155273,0.0,0.0,-0.0007398809539154172,-0.17144770920276642,0.0,0.0,0.0030678878812730394,0.032136901602374805,-0.035553205758333206,0.08611474931240082,0.0,0.0,0.0,0.0
0.8638558387756348,-0.30020931363105774,-1.2281103134155273,0.0,0.0,-0.0007398809539154172,-0.17144770920276642,0.0,0.0,0.0030678878812730394,0.032136901602374805,-0.035553205758333206,0.08611474931240082,0.0,0.0,0.0,0.0
0.865450382232666,-0.30020931363105774,-1.2281103134155273,0.0,0.0,-0.0007398809539154172,-0.17144770920276642,0.0,0.0,0.0030678878812730394,0.032136901602374805,-0.035553205758333206,0.08611474931240082,0.0,0.0,0.0,0.0
0.867393970489502,-0.30020931363105774,-1.2281103134155273,0.0,0.0,-0.0007398809539154172,-0.17144770920276642,0.0,0.0,0.0030678878812730394,0.032136901602374805,-0.035553205758333206,0.08611474931240082,0.0,0.0,0.0,0.0
0.86887526512146,-0.30020931363105774,-1.2281103134155273,0.0,0.0,-0.0007398809539154172,-0.17144770920276642,0.0,0.0,0.0030678878812730394,0.032136901602374805,-0.035553205758333206,0.08611474931240082,0.0,0.0,0.0,0.0
0.8703289031982422,-0.30020931363105774,-1.2281103134155273,0.0,0.0,-0.0007398809539154172,-0.17144770920276642,0.0,0.0,0.0030678878812730394,0.032136901602374805,-0.035553205758333206,0.08611474931240082,0.0,0.0,0.0,0.0
0.8717555999755859,-0.30020931363105774,-1.2281103134155273,0.0,0.0,-0.0007398809539154172,-0.17144770920276642,0.0,0.0,0.0030678878812730394,0.032136901602374805,-0.035553205758333206,0.08611474931240082,0.0,0.0,0.0,0.0
0.8738205432891846,-0.30020931363105774,-1.2281103134155273,0.0,0.0,-0.0007398809539154172,-0.17144770920276642,0.0,0.0,0.0030678878812730394,0.032136901602374805,-0.035553205758333206,0.08611474931240082,0.0,0.0,0.0,0.0
0.8753008842468262,-0.30020931363105774,-1.2281103134155273,0.0,0.0,-0.0007398809539154172,-0.17144770920276642,0.0,0.0,0.0030678878812730394,0.032136901602374805,-0.035553205758333206,0.08611474931240082,0.0,0.0,0.0,0.0
0.8767199516296387,-0.30020931363105774,-1.2281103134155273,0.0,0.0,-0.0007398809539154172,-0.17144770920276642,0.0,0.0,0.0030678878812730394,0.032136901602374805,-0.035553205758333206,0.08611474931240082,0.0,0.0,0.0,0.0
0.8782296180725098,-0.30020931363105774,-1.2281103134155273,0.0,0.0,-0.0007398809539154172,-0.17144770920276642,0.0,0.0,0.0030678878812730394,0.032136901602374805,-0.035553205758333206,0.08611474931240082,0.0,0.0,0.0,0.0
0.8797507286071777,-0.30020931363105774,-1.2281103134155273,0.0,0.0,-0.0007398809539154172,-0.17144770920276642,0.0,0.0,0.0030678878812730394,0.032136901602374805,-0.035553205758333206,0.08611474931240082,0.0,0.0,0.0,0.0
0.8811953067779541,-0.30020931363105774,-1.2281103134155273,0.0,0.0,-0.0007398809539154172,-0.17144770920276642,0.0,0.0,0.0030678878812730394,0.032136901602374805,-0.035553205758333206,0.08611474931240082,0.0,0.0,0.0,0.0
0.8826432228088379,-0.30020931363105774,-1.2281103134155273,0.0,0.0,-0.0007398809539154172,-0.17144770920276642,0.0,0.0,0.0030678878812730394,0.032136901602374805,-0.035553205758333206,0.08611474931240082,0.0,0.0,0.0,0.0
0.8840231895446777,-0.30020931363105774,-1.2281103134155273,0.0,0.0,-0.0007398809539154172,-0.17144770920276642,0.0,0.0,0.0030678878812730394,0.032136901602374805,-0.035553205758333206,0.08611474931240082,0.0,0.0,0.0,0.0
0.8853816986083984,-0.30020931363105774,-1.2281103134155273,0.0,0.0,-0.0007398809539154172,-0.17144770920276642,0.0,0.0,0.0030678878812730394,0.032136901602374805,-0.035553205758333206,0.08611474931240082,0.0,0.0,0.0,0.0
0.8871006965637207,-0.30020931363105774,-1.2281103134155273,0.0,0.0,-0.0007398809539154172,-0.17144770920276642,0.0,0.0,0.0030678878812730394,0.032136901602374805,-0.035553205758333206,0.08611474931240082,0.0,0.0,0.0,0.0
0.8884727954864502,-0.30020931363105774,-1.2281103134155273,0.0,0.0,-0.0007398809539154172,-0.17144770920276642,0.0,0.0,0.0030678878812730394,0.032136901602374805,-0.035553205758333206,0.08611474931240082,0.0,0.0,0.0,0.0
0.8898320198059082,-0.30020931363105774,-1.2281103134155273,0.0,0.0,-0.0007398809539154172,-0.17144770920276642,0.0,0.0,0.0030678878812730394,0.032136901602374805,-0.035553205758333206,0.08611474931240082,0.0,0.0,0.0,0.0
0.8919484615325928,-0.30020931363105774,-1.2281103134155273,0.0,0.0,-0.0007398809539154172,-0.17144770920276642,0.0,0.0,0.0030678878812730394,0.032136901602374805,-0.035553205758333206,0.08611474931240082,0.0,0.0,0.0,0.0
0.8936123847961426,-0.30020931363105774,-1.2281103134155273,0.0,0.0,-0.0007398809539154172,-0.17144770920276642,0.0,0.0,0.0030678878812730394,0.032136901602374805,-0.035553205758333206,0.08611474931240082,0.0,0.0,0.0,0.0
0.8951239585876465,-0.30020931363105774,-1.2281103134155273,0.0,0.0,-0.0007398809539154172,-0.17144770920276642,0.0,0.0,0.0030678878812730394,0.032136901602374805,-0.035553205758333206,0.08611474931240082,0.0,0.0,0.0,0.0
0.896841287612915,-0.30020931363105774,-1.2281103134155273,0.0,0.0,-0.0007398809539154172,-0.17144770920276642,0.0,0.0,0.0030678878812730394,0.032136901602374805,-0.035553205758333206,0.08611474931240082,0.0,0.0,0.0,0.0
0.8982653617858887,-0.30020931363105774,-1.2281103134155273,0.0,0.0,-0.0007398809539154172,-0.17144770920276642,0.0,0.0,0.0030678878812730394,0.032136901602374805,-0.035553205758333206,0.08611474931240082,0.0,0.0,0.0,0.0
0.8998863697052002,-0.30020931363105774,-1.2281103134155273,0.0,0.0,-0.0007398809539154172,-0.17144770920276642,0.0,0.0,0.0030678878812730394,0.032136901602374805,-0.035553205758333206,0.08611474931240082,0.0,0.0,0.0,0.0
0.9013912677764893,-0.30020931363105774,-1.2281103134155273,0.0,0.0,-0.0007398809539154172,-0.17144770920276642,0.0,0.0,0.0030678878812730394,0.032136901602374805,-0.035553205758333206,0.08611474931240082,0.0,0.0,0.0,0.0
0.9028129577636719,-0.30020931363105774,-1.2281103134155273,0.0,0.0,-0.0007398809539154172,-0.17144770920276642,0.0,0.0,0.0030678878812730394,0.032136901602374805,-0.035553205758333206,0.08611474931240082,0.0,0.0,0.0,0.0
0.9042346477508545,-0.30020931363105774,-1.2281103134155273,0.0,0.0,-0.0007398809539154172,-0.17144770920276642,0.0,0.0,0.0030678878812730394,0.032136901602374805,-0.035553205758333206,0.08611474931240082,0.0,0.0,0.0,0.0
0.905695915222168,-0.30020931363105774,-1.2281103134155273,0.0,0.0,-0.0007398809539154172,-0.17144770920276642,0.0,0.0,0.0030678878812730394,0.032136901602374805,-0.035553205758333206,0.08611474931240082,0.0,0.0,0.0,0.0
0.9072000980377197,-0.30020931363105774,-1.2281103134155273,0.0,0.0,-0.0007398809539154172,-0.17144770920276642,0.0,0.0,0.0030678878812730394,0.032136901602374805,-0.035553205758333206,0.08611474931240082,0.0,0.0,0.0,0.0
0.9088113307952881,-0.30020931363105774,-1.2281103134155273,0.0,0.0,-0.0007398809539154172,-0.17144770920276642,0.0,0.0,0.0030678878812730394,0.032136901602374805,-0.035553205758333206,0.08611474931240082,0.0,0.0,0.0,0.0
0.910825252532959,-0.30020931363105774,-1.2281103134155273,0.0,0.0,-0.0007398809539154172,-0.17144770920276642,0.0,0.0,0.0030678878812730394,0.032136901602374805,-0.035553205758333206,0.08611474931240082,0.0,0.0,0.0,0.0
0.9125077724456787,-0.30020931363105774,-1.2281103134155273,0.0,0.0,-0.0007398809539154172,-0.17144770920276642,0.0,0.0,0.0030678878812730394,0.032136901602374805,-0.035553205758333206,0.08611474931240082,0.0,0.0,0.0,0.0
0.9145596027374268,-0.30020931363105774,-1.2281103134155273,0.0,0.0,-0.0007398809539154172,-0.17144770920276642,0.0,0.0,0.0030678878812730394,0.032136901602374805,-0.035553205758333206,0.08611474931240082,0.0,0.0,0.0,0.0
0.9162840843200684,-0.30020931363105774,-1.2281103134155273,0.0,0.0,-0.0007398809539154172,-0.17144770920276642,0.0,0.0,0.0030678878812730394,0.032136901602374805,-0.035553205758333206,0.08611474931240082,0.0,0.0,0.0,0.0
0.9185147285461426,-0.30020931363105774,-1.2281103134155273,0.0,0.0,-0.0007398809539154172,-0.17144770920276642,0.0,0.0,0.0030678878812730394,0.032136901602374805,-0.035553205758333206,0.08611474931240082,0.0,0.0,0.0,0.0
0.9206070899963379,-0.30020931363105774,-1.2281103134155273,0.0,0.0,-0.0007398809539154172,-0.17144770920276642,0.0,0.0,0.0030678878812730394,0.032136901602374805,-0.035553205758333206,0.08611474931240082,0.0,0.0,0.0,0.0
0.9226648807525635,-0.30020931363105774,-1.2281103134155273,0.0,0.0,-0.0007398809539154172,-0.17144770920276642,0.0,0.0,0.0030678878812730394,0.032136901602374805,-0.035553205758333206,0.08611474931240082,0.0,0.0,0.0,0.0
0.9242281913757324,-0.30020931363105774,-1.2281103134155273,0.0,0.0,-0.0007398809539154172,-0.17144770920276642,0.0,0.0,0.0030678878812730394,0.032136901602374805,-0.035553205758333206,0.08611474931240082,0.0,0.0,0.0,0.0
0.9257850646972656,-0.30020931363105774,-1.2281103134155273,0.0,0.0,-0.0007398809539154172,-0.17144770920276642,0.0,0.0,0.0030678878812730394,0.032136901602374805,-0.035553205758333206,0.08611474931240082,0.0,0.0,0.0,0.0
0.9272851943969727,-0.30020931363105774,-1.2281103134155273,0.0,0.0,-0.0007398809539154172,-0.17144770920276642,0.0,0.0,0.0030678878812730394,0.032136901602374805,-0.035553205758333206,0.08611474931240082,0.0,0.0,0.0,0.0
0.9288027286529541,-0.30020931363105774,-1.2281103134155273,0.0,0.0,-0.0007398809539154172,-0.17144770920276642,0.0,0.0,0.0030678878812730394,0.032136901602374805,-0.035553205758333206,0.08611474931240082,0.0,0.0,0.0,0.0
0.9302670955657959,-0.30020931363105774,-1.2281103134155273,0.0,0.0,-0.0007398809539154172,-0.17144770920276642,0.0,0.0,0.0030678878812730394,0.032136901602374805,-0.035553205758333206,0.08611474931240082,0.0,0.0,0.0,0.0
0.931769609451294,-0.30020931363105774,-1.2281103134155273,0.0,0.0,-0.0007398809539154172,-0.17144770920276642,0.0,0.0,0.0030678878812730394,0.032136901602374805,-0.035553205758333206,0.08611474931240082,0.0,0.0,0.0,0.0
0.9332623481750488,-0.30020931363105774,-1.2281103134155273,0.0,0.0,-0.0007398809539154172,-0.17144770920276642,0.0,0.0,0.0030678878812730394,0.032136901602374805,-0.035553205758333206,0.08611474931240082,0.0,0.0,0.0,0.0
0.9350278377532959,-0.30020931363105774,-1.2281103134155273,0.0,0.0,-0.0007398809539154172,-0.17144770920276642,0.0,0.0,0.0030678878812730394,0.032136901602374805,-0.035553205758333206,0.08611474931240082,0.0,0.0,0.0,0.0
0.9372467994689941,-0.30020931363105774,-1.2281103134155273,0.0,0.0,-0.0007398809539154172,-0.17144770920276642,0.0,0.0,0.0030678878812730394,0.032136901602374805,-0.035553205758333206,0.08611474931240082,0.0,0.0,0.0,0.0
0.939197301864624,-0.30020931363105774,-1.2281103134155273,0.0,0.0,-0.0007398809539154172,-0.17144770920276642,0.0,0.0,0.0030678878812730394,0.032136901602374805,-0.035553205758333206,0.08611474931240082,0.0,0.0,0.0,0.0
0.9410614967346191,-0.30020931363105774,-1.2281103134155273,0.0,0.0,-0.0007398809539154172,-0.17144770920276642,0.0,0.0,0.0030678878812730394,0.032136901602374805,-0.035553205758333206,0.08611474931240082,0.0,0.0,0.0,0.0
0.942887544631958,-0.30020931363105774,-1.2281103134155273,0.0,0.0,-0.0007398809539154172,-0.17144770920276642,0.0,0.0,0.0030678878812730394,0.032136901602374805,-0.035553205758333206,0.08611474931240082,0.0,0.0,0.0,0.0
0.9447143077850342,-0.30020931363105774,-1.2281103134155273,0.0,0.0,-0.0007398809539154172,-0.17144770920276642,0.0,0.0,0.0030678878812730394,0.032136901602374805,-0.035553205758333206,0.08611474931240082,0.0,0.0,0.0,0.0
0.9470269680023193,-0.30020931363105774,-1.2281103134155273,0.0,0.0,-0.0007398809539154172,-0.17144770920276642,0.0,0.0,0.0030678878812730394,0.032136901602374805,-0.035553205758333206,0.08611474931240082,0.0,0.0,0.0,0.0
0.9495751857757568,-0.30020931363105774,-1.2281103134155273,0.0,0.0,-0.0007398809539154172,-0.17144770920276642,0.0,0.0,0.0030678878812730394,0.032136901602374805,-0.035553205758333206,0.08611474931240082,0.0,0.0,0.0,0.0
0.9511911869049072,-0.30020931363105774,-1.2281103134155273,0.0,0.0,-0.0007398809539154172,-0.17144770920276642,0.0,0.0,0.0030678878812730394,0.032136901602374805,-0.035553205758333206,0.08611474931240082,0.0,0.0,0.0,0.0
0.9528157711029053,-0.30020931363105774,-1.2281103134155273,0.0,0.0,-0.0007398809539154172,-0.17144770920276642,0.0,0.0,0.0030678878812730394,0.032136901602374805,-0.035553205758333206,0.08611474931240082,0.0,0.0,0.0,0.0
0.954216718673706,-0.30020931363105774,-1.2281103134155273,0.0,0.0,-0.0007398809539154172,-0.17144770920276642,0.0,0.0,0.0030678878812730394,0.032136901602374805,-0.035553205758333206,0.08611474931240082,0.0,0.0,0.0,0.0
0.955655574798584,-0.30020931363105774,-1.2281103134155273,0.0,0.0,-0.0007398809539154172,-0.17144770920276642,0.0,0.0,0.0030678878812730394,0.032136901602374805,-0.035553205758333206,0.08611474931240082,0.0,0.0,0.0,0.0
0.9571466445922852,-0.30020931363105774,-1.2281103134155273,0.0,0.0,-0.0007398809539154172,-0.17144770920276642,0.0,0.0,0.0030678878812730394,0.032136901602374805,-0.035553205758333206,0.08611474931240082,0.0,0.0,0.0,0.0
0.9585390090942383,-0.30020931363105774,-1.2281103134155273,0.0,0.0,-0.0007398809539154172,-0.17144770920276642,0.0,0.0,0.0030678878812730394,0.032136901602374805,-0.035553205758333206,0.08611474931240082,0.0,0.0,0.0,0.0
0.960106611251831,-0.30020931363105774,-1.2281103134155273,0.0,0.0,-0.0007398809539154172,-0.17144770920276642,0.0,0.0,0.0030678878812730394,0.032136901602374805,-0.035553205758333206,0.08611474931240082,0.0,0.0,0.0,0.0
0.9618208408355713,-0.30020931363105774,-1.2281103134155273,0.0,0.0,-0.0007398809539154172,-0.17144770920276642,0.0,0.0,0.0030678878812730394,0.032136901602374805,-0.035553205758333206,0.08611474931240082,0.0,0.0,0.0,0.0
0.9636592864990234,-0.30020931363105774,-1.2281103134155273,0.0,0.0,-0.0007398809539154172,-0.17144770920276642,0.0,0.0,0.0030678878812730394,0.032136901602374805,-0.035553205758333206,0.08611474931240082,0.0,0.0,0.0,0.0
0.965357780456543,-0.30020931363105774,-1.2281103134155273,0.0,0.0,-0.0007398809539154172,-0.17144770920276642,0.0,0.0,0.0030678878812730394,0.032136901602374805,-0.035553205758333206,0.08611474931240082,0.0,0.0,0.0,0.0
0.9669935703277588,-0.30020931363105774,-1.2281103134155273,0.0,0.0,-0.0007398809539154172,-0.17144770920276642,0.0,0.0,0.0030678878812730394,0.032136901602374805,-0.035553205758333206,0.08611474931240082,0.0,0.0,0.0,0.0
0.9688429832458496,-0.30020931363105774,-1.2281103134155273,0.0,0.0,-0.0007398809539154172,-0.17144770920276642,0.0,0.0,0.0030678878812730394,0.032136901602374805,-0.035553205758333206,0.08611474931240082,0.0,0.0,0.0,0.0
0.9704434871673584,-0.30020931363105774,-1.2281103134155273,0.0,0.0,-0.0007398809539154172,-0.17144770920276642,0.0,0.0,0.0030678878812730394,0.032136901602374805,-0.035553205758333206,0.08611474931240082,0.0,0.0,0.0,0.0
0.9719483852386475,-0.30020931363105774,-1.2281103134155273,0.0,0.0,-0.0007398809539154172,-0.17144770920276642,0.0,0.0,0.0030678878812730394,0.032136901602374805,-0.035553205758333206,0.08611474931240082,0.0,0.0,0.0,0.0
0.9736955165863037,-0.30020931363105774,-1.2281103134155273,0.0,0.0,-0.0007398809539154172,-0.17144770920276642,0.0,0.0,0.0030678878812730394,0.032136901602374805,-0.035553205758333206,0.08611474931240082,0.0,0.0,0.0,0.0
0.9752931594848633,-0.30020931363105774,-1.2281103134155273,0.0,0.0,-0.0007398809539154172,-0.17144770920276642,0.0,0.0,0.0030678878812730394,0.032136901602374805,-0.035553205758333206,0.08611474931240082,0.0,0.0,0.0,0.0
0.9768602848052979,-0.30020931363105774,-1.2281103134155273,0.0,0.0,-0.0007398809539154172,-0.17144770920276642,0.0,0.0,0.0030678878812730394,0.032136901602374805,-0.035553205758333206,0.08611474931240082,0.0,0.0,0.0,0.0
0.9785165786743164,-0.30020931363105774,-1.2281103134155273,0.0,0.0,-0.0007398809539154172,-0.17144770920276642,0.0,0.0,0.0030678878812730394,0.032136901602374805,-0.035553205758333206,0.08611474931240082,0.0,0.0,0.0,0.0
0.9807741641998291,-0.30020931363105774,-1.2281103134155273,0.0,0.0,-0.0007398809539154172,-0.17144770920276642,0.0,0.0,0.0030678878812730394,0.032136901602374805,-0.035553205758333206,0.08611474931240082,0.0,0.0,0.0,0.0
0.9828794002532959,-0.30020931363105774,-1.2281103134155273,0.0,0.0,-0.0007398809539154172,-0.17144770920276642,0.0,0.0,0.0030678878812730394,0.032136901602374805,-0.035553205758333206,0.08611474931240082,0.0,0.0,0.0,0.0
0.9847846031188965,-0.30020931363105774,-1.2281103134155273,0.0,0.0,-0.0007398809539154172,-0.17144770920276642,0.0,0.0,0.0030678878812730394,0.032136901602374805,-0.035553205758333206,0.08611474931240082,0.0,0.0,0.0,0.0
0.9863326549530029,-0.30020931363105774,-1.2281103134155273,0.0,0.0,-0.0007398809539154172,-0.17144770920276642,0.0,0.0,0.0030678878812730394,0.032136901602374805,-0.035553205758333206,0.08611474931240082,0.0,0.0,0.0,0.0
0.9881007671356201,-0.30020931363105774,-1.2281103134155273,0.0,0.0,-0.0007398809539154172,-0.17144770920276642,0.0,0.0,0.0030678878812730394,0.032136901602374805,-0.035553205758333206,0.08611474931240082,0.0,0.0,0.0,0.0
0.9901325702667236,-0.30020931363105774,-1.2281103134155273,0.0,0.0,-0.0007398809539154172,-0.17144770920276642,0.0,0.0,0.0030678878812730394,0.032136901602374805,-0.035553205758333206,0.08611474931240082,0.0,0.0,0.0,0.0
0.9920454025268555,-0.30020931363105774,-1.2281103134155273,0.0,0.0,-0.0007398809539154172,-0.17144770920276642,0.0,0.0,0.0030678878812730394,0.032136901602374805,-0.035553205758333206,0.08611474931240082,0.0,0.0,0.0,0.0
0.993868350982666,-0.30020931363105774,-1.2281103134155273,0.0,0.0,-0.0007398809539154172,-0.17144770920276642,0.0,0.0,0.0030678878812730394,0.032136901602374805,-0.035553205758333206,0.08611474931240082,0.0,0.0,0.0,0.0
0.9965472221374512,-0.30020931363105774,-1.2281103134155273,0.0,0.0,-0.0007398809539154172,-0.17144770920276642,0.0,0.0,0.0030678878812730394,0.032136901602374805,-0.035553205758333206,0.08611474931240082,0.0,0.0,0.0,0.0
0.9983348846435547,-0.30020931363105774,-1.2281103134155273,0.0,0.0,-0.0007398809539154172,-0.17144770920276642,0.0,0.0,0.0030678878812730394,0.032136901602374805,-0.035553205758333206,0.08611474931240082,0.0,0.0,0.0,0.0
1.0005929470062256,-0.30020931363105774,-1.2281103134155273,0.0,0.0,-0.0007398809539154172,-0.17144770920276642,0.0,0.0,0.0030678878812730394,0.032136901602374805,-0.035553205758333206,0.08611474931240082,0.0,0.0,0.0,0.0
1.0027976036071777,-0.30020931363105774,-1.2281103134155273,0.0,0.0,-0.0007398809539154172,-0.17144770920276642,0.0,0.0,0.0030678878812730394,0.032136901602374805,-0.035553205758333206,0.08611474931240082,0.0,0.0,0.0,0.0
1.0045957565307617,-0.30020931363105774,-1.2281103134155273,0.0,0.0,-0.0007398809539154172,-0.17144770920276642,0.0,0.0,0.0030678878812730394,0.032136901602374805,-0.035553205758333206,0.08611474931240082,0.0,0.0,0.0,0.0
1.0067505836486816,-0.30020931363105774,-1.2281103134155273,0.0,0.0,-0.0007398809539154172,-0.17144770920276642,0.0,0.0,0.0030678878812730394,0.032136901602374805,-0.035553205758333206,0.08611474931240082,0.0,0.0,0.0,0.0
1.009023666381836,-0.30020931363105774,-1.2281103134155273,0.0,0.0,-0.0007398809539154172,-0.17144770920276642,0.0,0.0,0.0030678878812730394,0.032136901602374805,-0.035553205758333206,0.08611474931240082,0.0,0.0,0.0,0.0
1.0112056732177734,-0.30020931363105774,-1.2281103134155273,0.0,0.0,-0.0007398809539154172,-0.17144770920276642,0.0,0.0,0.0030678878812730394,0.032136901602374805,-0.035553205758333206,0.08611474931240082,0.0,0.0,0.0,0.0
1.0130374431610107,-0.30020931363105774,-1.2281103134155273,0.0,0.0,-0.0007398809539154172,-0.17144770920276642,0.0,0.0,0.0030678878812730394,0.032136901602374805,-0.035553205758333206,0.08611474931240082,0.0,0.0,0.0,0.0
1.0147366523742676,-0.30020931363105774,-1.2281103134155273,0.0,0.0,-0.0007398809539154172,-0.17144770920276642,0.0,0.0,0.0030678878812730394,0.032136901602374805,-0.035553205758333206,0.08611474931240082,0.0,0.0,0.0,0.0
1.0164217948913574,-0.30020931363105774,-1.2281103134155273,0.0,0.0,-0.0007398809539154172,-0.17144770920276642,0.0,0.0,0.0030678878812730394,0.032136901602374805,-0.035553205758333206,0.08611474931240082,0.0,0.0,0.0,0.0
1.018211841583252,-0.30020931363105774,-1.2281103134155273,0.0,0.0,-0.0007398809539154172,-0.17144770920276642,0.0,0.0,0.0030678878812730394,0.032136901602374805,-0.035553205758333206,0.08611474931240082,0.0,0.0,0.0,0.0
1.0198814868927002,-0.30020931363105774,-1.2281103134155273,0.0,0.0,-0.0007398809539154172,-0.17144770920276642,0.0,0.0,0.0030678878812730394,0.032136901602374805,-0.035553205758333206,0.08611474931240082,0.0,0.0,0.0,0.0
1.0213708877563477,-0.30020931363105774,-1.2281103134155273,0.0,0.0,-0.0007398809539154172,-0.17144770920276642,0.0,0.0,0.0030678878812730394,0.032136901602374805,-0.035553205758333206,0.08611474931240082,0.0,0.0,0.0,0.0
1.0228676795959473,-0.30020931363105774,-1.2281103134155273,0.0,0.0,-0.0007398809539154172,-0.17144770920276642,0.0,0.0,0.0030678878812730394,0.032136901602374805,-0.035553205758333206,0.08611474931240082,0.0,0.0,0.0,0.0
1.0244731903076172,-0.30020931363105774,-1.2281103134155273,0.0,0.0,-0.0007398809539154172,-0.17144770920276642,0.0,0.0,0.0030678878812730394,0.032136901602374805,-0.035553205758333206,0.08611474931240082,0.0,0.0,0.0,0.0
1.0264925956726074,-0.30020931363105774,-1.2281103134155273,0.0,0.0,-0.0007398809539154172,-0.17144770920276642,0.0,0.0,0.0030678878812730394,0.032136901602374805,-0.035553205758333206,0.08611474931240082,0.0,0.0,0.0,0.0
1.028364896774292,-0.30020931363105774,-1.2281103134155273,0.0,0.0,-0.0007398809539154172,-0.17144770920276642,0.0,0.0,0.0030678878812730394,0.032136901602374805,-0.035553205758333206,0.08611474931240082,0.0,0.0,0.0,0.0
1.0298430919647217,-0.30020931363105774,-1.2281103134155273,0.0,0.0,-0.0007398809539154172,-0.17144770920276642,0.0,0.0,0.0030678878812730394,0.032136901602374805,-0.035553205758333206,0.08611474931240082,0.0,0.0,0.0,0.0
1.0312097072601318,-0.30020931363105774,-1.2281103134155273,0.0,0.0,-0.0007398809539154172,-0.17144770920276642,0.0,0.0,0.0030678878812730394,0.032136901602374805,-0.035553205758333206,0.08611474931240082,0.0,0.0,0.0,0.0
1.0326626300811768,-0.30020931363105774,-1.2281103134155273,0.0,0.0,-0.0007398809539154172,-0.17144770920276642,0.0,0.0,0.0030678878812730394,0.032136901602374805,-0.035553205758333206,0.08611474931240082,0.0,0.0,0.0,0.0
1.0341987609863281,-0.30020931363105774,-1.2281103134155273,0.0,0.0,-0.0007398809539154172,-0.17144770920276642,0.0,0.0,0.0030678878812730394,0.032136901602374805,-0.035553205758333206,0.08611474931240082,0.0,0.0,0.0,0.0
1.0359747409820557,-0.30020931363105774,-1.2281103134155273,0.0,0.0,-0.0007398809539154172,-0.17144770920276642,0.0,0.0,0.0030678878812730394,0.032136901602374805,-0.035553205758333206,0.08611474931240082,0.0,0.0,0.0,0.0
1.0374329090118408,-0.30020931363105774,-1.2281103134155273,0.0,0.0,-0.0007398809539154172,-0.17144770920276642,0.0,0.0,0.0030678878812730394,0.032136901602374805,-0.035553205758333206,0.08611474931240082,0.0,0.0,0.0,0.0
1.0387868881225586,-0.30020931363105774,-1.2281103134155273,0.0,0.0,-0.0007398809539154172,-0.17144770920276642,0.0,0.0,0.0030678878812730394,0.032136901602374805,-0.035553205758333206,0.08611474931240082,0.0,0.0,0.0,0.0
1.0403368473052979,-0.30020931363105774,-1.2281103134155273,0.0,0.0,-0.0007398809539154172,-0.17144770920276642,0.0,0.0,0.0030678878812730394,0.032136901602374805,-0.035553205758333206,0.08611474931240082,0.0,0.0,0.0,0.0
1.0424189567565918,-0.30020931363105774,-1.2281103134155273,0.0,0.0,-0.0007398809539154172,-0.17144770920276642,0.0,0.0,0.0030678878812730394,0.032136901602374805,-0.035553205758333206,0.08611474931240082,0.0,0.0,0.0,0.0
1.0439472198486328,-0.30020931363105774,-1.2281103134155273,0.0,0.0,-0.0007398809539154172,-0.17144770920276642,0.0,0.0,0.0030678878812730394,0.032136901602374805,-0.035553205758333206,0.08611474931240082,0.0,0.0,0.0,0.0
1.0463604927062988,-0.30020931363105774,-1.2281103134155273,0.0,0.0,-0.0007398809539154172,-0.17144770920276642,0.0,0.0,0.0030678878812730394,0.032136901602374805,-0.035553205758333206,0.08611474931240082,0.0,0.0,0.0,0.0
1.0487744808197021,-0.30020931363105774,-1.2281103134155273,0.0,0.0,-0.0007398809539154172,-0.17144770920276642,0.0,0.0,0.0030678878812730394,0.032136901602374805,-0.035553205758333206,0.08611474931240082,0.0,0.0,0.0,0.0
1.0504274368286133,-0.30020931363105774,-1.2281103134155273,0.0,0.0,-0.0007398809539154172,-0.17144770920276642,0.0,0.0,0.0030678878812730394,0.032136901602374805,-0.035553205758333206,0.08611474931240082,0.0,0.0,0.0,0.0
1.0519068241119385,-0.30020931363105774,-1.2281103134155273,0.0,0.0,-0.0007398809539154172,-0.17144770920276642,0.0,0.0,0.0030678878812730394,0.032136901602374805,-0.035553205758333206,0.08611474931240082,0.0,0.0,0.0,0.0
1.0535972118377686,-0.30020931363105774,-1.2281103134155273,0.0,0.0,-0.0007398809539154172,-0.17144770920276642,0.0,0.0,0.0030678878812730394,0.032136901602374805,-0.035553205758333206,0.08611474931240082,0.0,0.0,0.0,0.0
1.0558676719665527,-0.30020931363105774,-1.2281103134155273,0.0,0.0,-0.0007398809539154172,-0.17144770920276642,0.0,0.0,0.0030678878812730394,0.032136901602374805,-0.035553205758333206,0.08611474931240082,0.0,0.0,0.0,0.0
1.0575904846191406,-0.30020931363105774,-1.2281103134155273,0.0,0.0,-0.0007398809539154172,-0.17144770920276642,0.0,0.0,0.0030678878812730394,0.032136901602374805,-0.035553205758333206,0.08611474931240082,0.0,0.0,0.0,0.0
1.0603468418121338,-0.30020931363105774,-1.2281103134155273,0.0,0.0,-0.0007398809539154172,-0.17144770920276642,0.0,0.0,0.0030678878812730394,0.032136901602374805,-0.035553205758333206,0.08611474931240082,0.0,0.0,0.0,0.0
1.0621094703674316,-0.30020931363105774,-1.2281103134155273,0.0,0.0,-0.0007398809539154172,-0.17144770920276642,0.0,0.0,0.0030678878812730394,0.032136901602374805,-0.035553205758333206,0.08611474931240082,0.0,0.0,0.0,0.0
1.0637257099151611,-0.30020931363105774,-1.2281103134155273,0.0,0.0,-0.0007398809539154172,-0.17144770920276642,0.0,0.0,0.0030678878812730394,0.032136901602374805,-0.035553205758333206,0.08611474931240082,0.0,0.0,0.0,0.0
1.0659840106964111,-0.30020931363105774,-1.2281103134155273,0.0,0.0,-0.0007398809539154172,-0.17144770920276642,0.0,0.0,0.0030678878812730394,0.032136901602374805,-0.035553205758333206,0.08611474931240082,0.0,0.0,0.0,0.0
1.0678086280822754,-0.30020931363105774,-1.2281103134155273,0.0,0.0,-0.0007398809539154172,-0.17144770920276642,0.0,0.0,0.0030678878812730394,0.032136901602374805,-0.035553205758333206,0.08611474931240082,0.0,0.0,0.0,0.0
1.069620132446289,-0.30020931363105774,-1.2281103134155273,0.0,0.0,-0.0007398809539154172,-0.17144770920276642,0.0,0.0,0.0030678878812730394,0.032136901602374805,-0.035553205758333206,0.08611474931240082,0.0,0.0,0.0,0.0
1.0713818073272705,-0.30020931363105774,-1.2281103134155273,0.0,0.0,-0.0007398809539154172,-0.17144770920276642,0.0,0.0,0.0030678878812730394,0.032136901602374805,-0.035553205758333206,0.08611474931240082,0.0,0.0,0.0,0.0
1.0731914043426514,-0.30020931363105774,-1.2281103134155273,0.0,0.0,-0.0007398809539154172,-0.17144770920276642,0.0,0.0,0.0030678878812730394,0.032136901602374805,-0.035553205758333206,0.08611474931240082,0.0,0.0,0.0,0.0
1.0754289627075195,-0.30020931363105774,-1.2281103134155273,0.0,0.0,-0.0007398809539154172,-0.17144770920276642,0.0,0.0,0.0030678878812730394,0.032136901602374805,-0.035553205758333206,0.08611474931240082,0.0,0.0,0.0,0.0
1.0774686336517334,-0.30020931363105774,-1.2281103134155273,0.0,0.0,-0.0007398809539154172,-0.17144770920276642,0.0,0.0,0.0030678878812730394,0.032136901602374805,-0.035553205758333206,0.08611474931240082,0.0,0.0,0.0,0.0
1.0794956684112549,-0.30020931363105774,-1.2281103134155273,0.0,0.0,-0.0007398809539154172,-0.17144770920276642,0.0,0.0,0.0030678878812730394,0.032136901602374805,-0.035553205758333206,0.08611474931240082,0.0,0.0,0.0,0.0
1.0811421871185303,-0.30020931363105774,-1.2281103134155273,0.0,0.0,-0.0007398809539154172,-0.17144770920276642,0.0,0.0,0.0030678878812730394,0.032136901602374805,-0.035553205758333206,0.08611474931240082,0.0,0.0,0.0,0.0
1.0831351280212402,-0.30020931363105774,-1.2281103134155273,0.0,0.0,-0.0007398809539154172,-0.17144770920276642,0.0,0.0,0.0030678878812730394,0.032136901602374805,-0.035553205758333206,0.08611474931240082,0.0,0.0,0.0,0.0
1.084681510925293,-0.30020931363105774,-1.2281103134155273,0.0,0.0,-0.0007398809539154172,-0.17144770920276642,0.0,0.0,0.0030678878812730394,0.032136901602374805,-0.035553205758333206,0.08611474931240082,0.0,0.0,0.0,0.0
1.0863349437713623,-0.30020931363105774,-1.2281103134155273,0.0,0.0,-0.0007398809539154172,-0.17144770920276642,0.0,0.0,0.0030678878812730394,0.032136901602374805,-0.035553205758333206,0.08611474931240082,0.0,0.0,0.0,0.0
1.0881483554840088,-0.30020931363105774,-1.2281103134155273,0.0,0.0,-0.0007398809539154172,-0.17144770920276642,0.0,0.0,0.0030678878812730394,0.032136901602374805,-0.035553205758333206,0.08611474931240082,0.0,0.0,0.0,0.0
1.0897297859191895,-0.30020931363105774,-1.2281103134155273,0.0,0.0,-0.0007398809539154172,-0.17144770920276642,0.0,0.0,0.0030678878812730394,0.032136901602374805,-0.035553205758333206,0.08611474931240082,0.0,0.0,0.0,0.0
1.0912370681762695,-0.30020931363105774,-1.2281103134155273,0.0,0.0,-0.0007398809539154172,-0.17144770920276642,0.0,0.0,0.0030678878812730394,0.032136901602374805,-0.035553205758333206,0.08611474931240082,0.0,0.0,0.0,0.0
1.093522548675537,-0.30020931363105774,-1.2281103134155273,0.0,0.0,-0.0007398809539154172,-0.17144770920276642,0.0,0.0,0.0030678878812730394,0.032136901602374805,-0.035553205758333206,0.08611474931240082,0.0,0.0,0.0,0.0
1.0949666500091553,-0.30020931363105774,-1.2281103134155273,0.0,0.0,-0.0007398809539154172,-0.17144770920276642,0.0,0.0,0.0030678878812730394,0.032136901602374805,-0.035553205758333206,0.08611474931240082,0.0,0.0,0.0,0.0
1.096754550933838,-0.30020931363105774,-1.2281103134155273,0.0,0.0,-0.0007398809539154172,-0.17144770920276642,0.0,0.0,0.0030678878812730394,0.032136901602374805,-0.035553205758333206,0.08611474931240082,0.0,0.0,0.0,0.0
1.0983333587646484,-0.30020931363105774,-1.2281103134155273,0.0,0.0,-0.0007398809539154172,-0.17144770920276642,0.0,0.0,0.0030678878812730394,0.032136901602374805,-0.035553205758333206,0.08611474931240082,0.0,0.0,0.0,0.0
1.1011550426483154,-0.30020931363105774,-1.2281103134155273,0.0,0.0,-0.0007398809539154172,-0.17144770920276642,0.0,0.0,0.0030678878812730394,0.032136901602374805,-0.035553205758333206,0.08611474931240082,0.0,0.0,0.0,0.0
1.1026391983032227,-0.30020931363105774,-1.2281103134155273,0.0,0.0,-0.0007398809539154172,-0.17144770920276642,0.0,0.0,0.0030678878812730394,0.032136901602374805,-0.035553205758333206,0.08611474931240082,0.0,0.0,0.0,0.0
1.1042087078094482,-0.30020931363105774,-1.2281103134155273,0.0,0.0,-0.0007398809539154172,-0.17144770920276642,0.0,0.0,0.0030678878812730394,0.032136901602374805,-0.035553205758333206,0.08611474931240082,0.0,0.0,0.0,0.0
1.1057851314544678,-0.30020931363105774,-1.2281103134155273,0.0,0.0,-0.0007398809539154172,-0.17144770920276642,0.0,0.0,0.0030678878812730394,0.032136901602374805,-0.035553205758333206,0.08611474931240082,0.0,0.0,0.0,0.0
1.1087367534637451,-0.30020931363105774,-1.2281103134155273,0.0,0.0,-0.0007398809539154172,-0.17144770920276642,0.0,0.0,0.0030678878812730394,0.032136901602374805,-0.035553205758333206,0.08611474931240082,0.0,0.0,0.0,0.0
1.1106739044189453,-0.30020931363105774,-1.2281103134155273,0.0,0.0,-0.0007398809539154172,-0.17144770920276642,0.0,0.0,0.0030678878812730394,0.032136901602374805,-0.035553205758333206,0.08611474931240082,0.0,0.0,0.0,0.0
1.1122713088989258,-0.30020931363105774,-1.2281103134155273,0.0,0.0,-0.0007398809539154172,-0.17144770920276642,0.0,0.0,0.0030678878812730394,0.032136901602374805,-0.035553205758333206,0.08611474931240082,0.0,0.0,0.0,0.0
1.113677978515625,-0.30020931363105774,-1.2281103134155273,0.0,0.0,-0.0007398809539154172,-0.17144770920276642,0.0,0.0,0.0030678878812730394,0.032136901602374805,-0.035553205758333206,0.08611474931240082,0.0,0.0,0.0,0.0
1.115264654159546,-0.30020931363105774,-1.2281103134155273,0.0,0.0,-0.0007398809539154172,-0.17144770920276642,0.0,0.0,0.0030678878812730394,0.032136901602374805,-0.035553205758333206,0.08611474931240082,0.0,0.0,0.0,0.0
1.1171932220458984,-0.30020931363105774,-1.2281103134155273,0.0,0.0,-0.0007398809539154172,-0.17144770920276642,0.0,0.0,0.0030678878812730394,0.032136901602374805,-0.035553205758333206,0.08611474931240082,0.0,0.0,0.0,0.0
1.1187551021575928,-0.30020931363105774,-1.2281103134155273,0.0,0.0,-0.0007398809539154172,-0.17144770920276642,0.0,0.0,0.0030678878812730394,0.032136901602374805,-0.035553205758333206,0.08611474931240082,0.0,0.0,0.0,0.0
1.1203734874725342,-0.30020931363105774,-1.2281103134155273,0.0,0.0,-0.0007398809539154172,-0.17144770920276642,0.0,0.0,0.0030678878812730394,0.032136901602374805,-0.035553205758333206,0.08611474931240082,0.0,0.0,0.0,0.0
1.1219558715820312,-0.30020931363105774,-1.2281103134155273,0.0,0.0,-0.0007398809539154172,-0.17144770920276642,0.0,0.0,0.0030678878812730394,0.032136901602374805,-0.035553205758333206,0.08611474931240082,0.0,0.0,0.0,0.0
1.1236741542816162,-0.30020931363105774,-1.2281103134155273,0.0,0.0,-0.0007398809539154172,-0.17144770920276642,0.0,0.0,0.0030678878812730394,0.032136901602374805,-0.035553205758333206,0.08611474931240082,0.0,0.0,0.0,0.0
1.125662088394165,-0.30020931363105774,-1.2281103134155273,0.0,0.0,-0.0007398809539154172,-0.17144770920276642,0.0,0.0,0.0030678878812730394,0.032136901602374805,-0.035553205758333206,0.08611474931240082,0.0,0.0,0.0,0.0
1.1273369789123535,-0.30020931363105774,-1.2281103134155273,0.0,0.0,-0.0007398809539154172,-0.17144770920276642,0.0,0.0,0.0030678878812730394,0.032136901602374805,-0.035553205758333206,0.08611474931240082,0.0,0.0,0.0,0.0
1.129002571105957,-0.30020931363105774,-1.2281103134155273,0.0,0.0,-0.0007398809539154172,-0.17144770920276642,0.0,0.0,0.0030678878812730394,0.032136901602374805,-0.035553205758333206,0.08611474931240082,0.0,0.0,0.0,0.0
1.1310737133026123,-0.30020931363105774,-1.2281103134155273,0.0,0.0,-0.0007398809539154172,-0.17144770920276642,0.0,0.0,0.0030678878812730394,0.032136901602374805,-0.035553205758333206,0.08611474931240082,0.0,0.0,0.0,0.0
1.1327588558197021,-0.30020931363105774,-1.2281103134155273,0.0,0.0,-0.0007398809539154172,-0.17144770920276642,0.0,0.0,0.0030678878812730394,0.032136901602374805,-0.035553205758333206,0.08611474931240082,0.0,0.0,0.0,0.0
1.1349704265594482,-0.30020931363105774,-1.2281103134155273,0.0,0.0,-0.0007398809539154172,-0.17144770920276642,0.0,0.0,0.0030678878812730394,0.032136901602374805,-0.035553205758333206,0.08611474931240082,0.0,0.0,0.0,0.0
1.1364431381225586,-0.30020931363105774,-1.2281103134155273,0.0,0.0,-0.0007398809539154172,-0.17144770920276642,0.0,0.0,0.0030678878812730394,0.032136901602374805,-0.035553205758333206,0.08611474931240082,0.0,0.0,0.0,0.0
1.1378250122070312,-0.30020931363105774,-1.2281103134155273,0.0,0.0,-0.0007398809539154172,-0.17144770920276642,0.0,0.0,0.0030678878812730394,0.032136901602374805,-0.035553205758333206,0.08611474931240082,0.0,0.0,0.0,0.0
1.1403241157531738,-0.30020931363105774,-1.2281103134155273,0.0,0.0,-0.0007398809539154172,-0.17144770920276642,0.0,0.0,0.0030678878812730394,0.032136901602374805,-0.035553205758333206,0.08611474931240082,0.0,0.0,0.0,0.0
1.142768383026123,-0.30020931363105774,-1.2281103134155273,0.0,0.0,-0.0007398809539154172,-0.17144770920276642,0.0,0.0,0.0030678878812730394,0.032136901602374805,-0.035553205758333206,0.08611474931240082,0.0,0.0,0.0,0.0
1.1443147659301758,-0.30020931363105774,-1.2281103134155273,0.0,0.0,-0.0007398809539154172,-0.17144770920276642,0.0,0.0,0.0030678878812730394,0.032136901602374805,-0.035553205758333206,0.08611474931240082,0.0,0.0,0.0,0.0
1.1457252502441406,-0.30020931363105774,-1.2281103134155273,0.0,0.0,-0.0007398809539154172,-0.17144770920276642,0.0,0.0,0.0030678878812730394,0.032136901602374805,-0.035553205758333206,0.08611474931240082,0.0,0.0,0.0,0.0
1.1476585865020752,-0.30020931363105774,-1.2281103134155273,0.0,0.0,-0.0007398809539154172,-0.17144770920276642,0.0,0.0,0.0030678878812730394,0.032136901602374805,-0.035553205758333206,0.08611474931240082,0.0,0.0,0.0,0.0
1.1491072177886963,-0.30020931363105774,-1.2281103134155273,0.0,0.0,-0.0007398809539154172,-0.17144770920276642,0.0,0.0,0.0030678878812730394,0.032136901602374805,-0.035553205758333206,0.08611474931240082,0.0,0.0,0.0,0.0
1.1507165431976318,-0.30020931363105774,-1.2281103134155273,0.0,0.0,-0.0007398809539154172,-0.17144770920276642,0.0,0.0,0.0030678878812730394,0.032136901602374805,-0.035553205758333206,0.08611474931240082,0.0,0.0,0.0,0.0
1.1521506309509277,-0.30020931363105774,-1.2281103134155273,0.0,0.0,-0.0007398809539154172,-0.17144770920276642,0.0,0.0,0.0030678878812730394,0.032136901602374805,-0.035553205758333206,0.08611474931240082,0.0,0.0,0.0,0.0
1.153568983078003,-0.30020931363105774,-1.2281103134155273,0.0,0.0,-0.0007398809539154172,-0.17144770920276642,0.0,0.0,0.0030678878812730394,0.032136901602374805,-0.035553205758333206,0.08611474931240082,0.0,0.0,0.0,0.0
1.154999017715454,-0.30020931363105774,-1.2281103134155273,0.0,0.0,-0.0007398809539154172,-0.17144770920276642,0.0,0.0,0.0030678878812730394,0.032136901602374805,-0.035553205758333206,0.08611474931240082,0.0,0.0,0.0,0.0
1.1568219661712646,-0.30020931363105774,-1.2281103134155273,0.0,0.0,-0.0007398809539154172,-0.17144770920276642,0.0,0.0,0.0030678878812730394,0.032136901602374805,-0.035553205758333206,0.08611474931240082,0.0,0.0,0.0,0.0
1.1582701206207275,-0.30020931363105774,-1.2281103134155273,0.0,0.0,-0.0007398809539154172,-0.17144770920276642,0.0,0.0,0.0030678878812730394,0.032136901602374805,-0.035553205758333206,0.08611474931240082,0.0,0.0,0.0,0.0
1.159719705581665,-0.30020931363105774,-1.2281103134155273,0.0,0.0,-0.0007398809539154172,-0.17144770920276642,0.0,0.0,0.0030678878812730394,0.032136901602374805,-0.035553205758333206,0.08611474931240082,0.0,0.0,0.0,0.0
1.1611354351043701,-0.30020931363105774,-1.2281103134155273,0.0,0.0,-0.0007398809539154172,-0.17144770920276642,0.0,0.0,0.0030678878812730394,0.032136901602374805,-0.035553205758333206,0.08611474931240082,0.0,0.0,0.0,0.0
1.1625285148620605,-0.30020931363105774,-1.2281103134155273,0.0,0.0,-0.0007398809539154172,-0.17144770920276642,0.0,0.0,0.0030678878812730394,0.032136901602374805,-0.035553205758333206,0.08611474931240082,0.0,0.0,0.0,0.0
1.1639413833618164,-0.30020931363105774,-1.2281103134155273,0.0,0.0,-0.0007398809539154172,-0.17144770920276642,0.0,0.0,0.0030678878812730394,0.032136901602374805,-0.035553205758333206,0.08611474931240082,0.0,0.0,0.0,0.0
1.1653766632080078,-0.30020931363105774,-1.2281103134155273,0.0,0.0,-0.0007398809539154172,-0.17144770920276642,0.0,0.0,0.0030678878812730394,0.032136901602374805,-0.035553205758333206,0.08611474931240082,0.0,0.0,0.0,0.0
1.1670794486999512,-0.30020931363105774,-1.2281103134155273,0.0,0.0,-0.0007398809539154172,-0.17144770920276642,0.0,0.0,0.0030678878812730394,0.032136901602374805,-0.035553205758333206,0.08611474931240082,0.0,0.0,0.0,0.0
1.169421672821045,-0.30020931363105774,-1.2281103134155273,0.0,0.0,-0.0007398809539154172,-0.17144770920276642,0.0,0.0,0.0030678878812730394,0.032136901602374805,-0.035553205758333206,0.08611474931240082,0.0,0.0,0.0,0.0
1.1711721420288086,-0.30020931363105774,-1.2281103134155273,0.0,0.0,-0.0007398809539154172,-0.17144770920276642,0.0,0.0,0.0030678878812730394,0.032136901602374805,-0.035553205758333206,0.08611474931240082,0.0,0.0,0.0,0.0
1.173081398010254,-0.30020931363105774,-1.2281103134155273,0.0,0.0,-0.0007398809539154172,-0.17144770920276642,0.0,0.0,0.0030678878812730394,0.032136901602374805,-0.035553205758333206,0.08611474931240082,0.0,0.0,0.0,0.0
1.1752848625183105,-0.30020931363105774,-1.2281103134155273,0.0,0.0,-0.0007398809539154172,-0.17144770920276642,0.0,0.0,0.0030678878812730394,0.032136901602374805,-0.035553205758333206,0.08611474931240082,0.0,0.0,0.0,0.0
1.177314043045044,-0.30020931363105774,-1.2281103134155273,0.0,0.0,-0.0007398809539154172,-0.17144770920276642,0.0,0.0,0.0030678878812730394,0.032136901602374805,-0.035553205758333206,0.08611474931240082,0.0,0.0,0.0,0.0
1.1805293560028076,-0.30020931363105774,-1.2281103134155273,0.0,0.0,-0.0007398809539154172,-0.17144770920276642,0.0,0.0,0.0030678878812730394,0.032136901602374805,-0.035553205758333206,0.08611474931240082,0.0,0.0,0.0,0.0
1.1824419498443604,-0.30020931363105774,-1.2281103134155273,0.0,0.0,-0.0007398809539154172,-0.17144770920276642,0.0,0.0,0.0030678878812730394,0.032136901602374805,-0.035553205758333206,0.08611474931240082,0.0,0.0,0.0,0.0
1.1851112842559814,-0.30020931363105774,-1.2281103134155273,0.0,0.0,-0.0007398809539154172,-0.17144770920276642,0.0,0.0,0.0030678878812730394,0.032136901602374805,-0.035553205758333206,0.08611474931240082,0.0,0.0,0.0,0.0
1.1869549751281738,-0.30020931363105774,-1.2281103134155273,0.0,0.0,-0.0007398809539154172,-0.17144770920276642,0.0,0.0,0.0030678878812730394,0.032136901602374805,-0.035553205758333206,0.08611474931240082,0.0,0.0,0.0,0.0
1.18876314163208,-0.30020931363105774,-1.2281103134155273,0.0,0.0,-0.0007398809539154172,-0.17144770920276642,0.0,0.0,0.0030678878812730394,0.032136901602374805,-0.035553205758333206,0.08611474931240082,0.0,0.0,0.0,0.0
1.1904606819152832,-0.30020931363105774,-1.2281103134155273,0.0,0.0,-0.0007398809539154172,-0.17144770920276642,0.0,0.0,0.0030678878812730394,0.032136901602374805,-0.035553205758333206,0.08611474931240082,0.0,0.0,0.0,0.0
1.1921069622039795,-0.30020931363105774,-1.2281103134155273,0.0,0.0,-0.0007398809539154172,-0.17144770920276642,0.0,0.0,0.0030678878812730394,0.032136901602374805,-0.035553205758333206,0.08611474931240082,0.0,0.0,0.0,0.0
1.1935908794403076,-0.30020931363105774,-1.2281103134155273,0.0,0.0,-0.0007398809539154172,-0.17144770920276642,0.0,0.0,0.0030678878812730394,0.032136901602374805,-0.035553205758333206,0.08611474931240082,0.0,0.0,0.0,0.0
1.1953563690185547,-0.30020931363105774,-1.2281103134155273,0.0,0.0,-0.0007398809539154172,-0.17144770920276642,0.0,0.0,0.0030678878812730394,0.032136901602374805,-0.035553205758333206,0.08611474931240082,0.0,0.0,0.0,0.0
1.197648286819458,-0.30020931363105774,-1.2281103134155273,0.0,0.0,-0.0007398809539154172,-0.17144770920276642,0.0,0.0,0.0030678878812730394,0.032136901602374805,-0.035553205758333206,0.08611474931240082,0.0,0.0,0.0,0.0
1.2002003192901611,-0.30020931363105774,-1.2281103134155273,0.0,0.0,-0.0007398809539154172,-0.17144770920276642,0.0,0.0,0.0030678878812730394,0.032136901602374805,-0.035553205758333206,0.08611474931240082,0.0,0.0,0.0,0.0
1.202284812927246,-0.30020931363105774,-1.2281103134155273,0.0,0.0,-0.0007398809539154172,-0.17144770920276642,0.0,0.0,0.0030678878812730394,0.032136901602374805,-0.035553205758333206,0.08611474931240082,0.0,0.0,0.0,0.0
1.2041983604431152,-0.30020931363105774,-1.2281103134155273,0.0,0.0,-0.0007398809539154172,-0.17144770920276642,0.0,0.0,0.0030678878812730394,0.032136901602374805,-0.035553205758333206,0.08611474931240082,0.0,0.0,0.0,0.0
1.2060151100158691,-0.30020931363105774,-1.2281103134155273,0.0,0.0,-0.0007398809539154172,-0.17144770920276642,0.0,0.0,0.0030678878812730394,0.032136901602374805,-0.035553205758333206,0.08611474931240082,0.0,0.0,0.0,0.0
1.2078564167022705,-0.30020931363105774,-1.2281103134155273,0.0,0.0,-0.0007398809539154172,-0.17144770920276642,0.0,0.0,0.0030678878812730394,0.032136901602374805,-0.035553205758333206,0.08611474931240082,0.0,0.0,0.0,0.0
1.210240125656128,-0.30020931363105774,-1.2281103134155273,0.0,0.0,-0.0007398809539154172,-0.17144770920276642,0.0,0.0,0.0030678878812730394,0.032136901602374805,-0.035553205758333206,0.08611474931240082,0.0,0.0,0.0,0.0
1.211838722229004,-0.30020931363105774,-1.2281103134155273,0.0,0.0,-0.0007398809539154172,-0.17144770920276642,0.0,0.0,0.0030678878812730394,0.032136901602374805,-0.035553205758333206,0.08611474931240082,0.0,0.0,0.0,0.0
1.21336030960083,-0.30020931363105774,-1.2281103134155273,0.0,0.0,-0.0007398809539154172,-0.17144770920276642,0.0,0.0,0.0030678878812730394,0.032136901602374805,-0.035553205758333206,0.08611474931240082,0.0,0.0,0.0,0.0
1.2154302597045898,-0.30020931363105774,-1.2281103134155273,0.0,0.0,-0.0007398809539154172,-0.17144770920276642,0.0,0.0,0.0030678878812730394,0.032136901602374805,-0.035553205758333206,0.08611474931240082,0.0,0.0,0.0,0.0
1.2173469066619873,-0.30020931363105774,-1.2281103134155273,0.0,0.0,-0.0007398809539154172,-0.17144770920276642,0.0,0.0,0.0030678878812730394,0.032136901602374805,-0.035553205758333206,0.08611474931240082,0.0,0.0,0.0,0.0
1.2191565036773682,-0.30020931363105774,-1.2281103134155273,0.0,0.0,-0.0007398809539154172,-0.17144770920276642,0.0,0.0,0.0030678878812730394,0.032136901602374805,-0.035553205758333206,0.08611474931240082,0.0,0.0,0.0,0.0
1.2209908962249756,-0.30020931363105774,-1.2281103134155273,0.0,0.0,-0.0007398809539154172,-0.17144770920276642,0.0,0.0,0.0030678878812730394,0.032136901602374805,-0.035553205758333206,0.08611474931240082,0.0,0.0,0.0,0.0
1.2226684093475342,-0.30020931363105774,-1.2281103134155273,0.0,0.0,-0.0007398809539154172,-0.17144770920276642,0.0,0.0,0.0030678878812730394,0.032136901602374805,-0.035553205758333206,0.08611474931240082,0.0,0.0,0.0,0.0
1.224410057067871,-0.30020931363105774,-1.2281103134155273,0.0,0.0,-0.0007398809539154172,-0.17144770920276642,0.0,0.0,0.0030678878812730394,0.032136901602374805,-0.035553205758333206,0.08611474931240082,0.0,0.0,0.0,0.0
1.2262506484985352,-0.30020931363105774,-1.2281103134155273,0.0,0.0,-0.0007398809539154172,-0.17144770920276642,0.0,0.0,0.0030678878812730394,0.032136901602374805,-0.035553205758333206,0.08611474931240082,0.0,0.0,0.0,0.0
1.2283401489257812,-0.30020931363105774,-1.2281103134155273,0.0,0.0,-0.0007398809539154172,-0.17144770920276642,0.0,0.0,0.0030678878812730394,0.032136901602374805,-0.035553205758333206,0.08611474931240082,0.0,0.0,0.0,0.0
1.2300891876220703,-0.30020931363105774,-1.2281103134155273,0.0,0.0,-0.0007398809539154172,-0.17144770920276642,0.0,0.0,0.0030678878812730394,0.032136901602374805,-0.035553205758333206,0.08611474931240082,0.0,0.0,0.0,0.0
1.2325294017791748,-0.30020931363105774,-1.2281103134155273,0.0,0.0,-0.0007398809539154172,-0.17144770920276642,0.0,0.0,0.0030678878812730394,0.032136901602374805,-0.035553205758333206,0.08611474931240082,0.0,0.0,0.0,0.0
1.2344634532928467,-0.30020931363105774,-1.2281103134155273,0.0,0.0,-0.0007398809539154172,-0.17144770920276642,0.0,0.0,0.0030678878812730394,0.032136901602374805,-0.035553205758333206,0.08611474931240082,0.0,0.0,0.0,0.0
1.2362616062164307,-0.30020931363105774,-1.2281103134155273,0.0,0.0,-0.0007398809539154172,-0.17144770920276642,0.0,0.0,0.0030678878812730394,0.032136901602374805,-0.035553205758333206,0.08611474931240082,0.0,0.0,0.0,0.0
1.2385363578796387,-0.30020931363105774,-1.2281103134155273,0.0,0.0,-0.0007398809539154172,-0.17144770920276642,0.0,0.0,0.0030678878812730394,0.032136901602374805,-0.035553205758333206,0.08611474931240082,0.0,0.0,0.0,0.0
1.2408573627471924,-0.30020931363105774,-1.2281103134155273,0.0,0.0,-0.0007398809539154172,-0.17144770920276642,0.0,0.0,0.0030678878812730394,0.032136901602374805,-0.035553205758333206,0.08611474931240082,0.0,0.0,0.0,0.0
1.2425098419189453,-0.30020931363105774,-1.2281103134155273,0.0,0.0,-0.0007398809539154172,-0.17144770920276642,0.0,0.0,0.0030678878812730394,0.032136901602374805,-0.035553205758333206,0.08611474931240082,0.0,0.0,0.0,0.0
1.244175910949707,-0.30020931363105774,-1.2281103134155273,0.0,0.0,-0.0007398809539154172,-0.17144770920276642,0.0,0.0,0.0030678878812730394,0.032136901602374805,-0.035553205758333206,0.08611474931240082,0.0,0.0,0.0,0.0
1.2462522983551025,-0.30020931363105774,-1.2281103134155273,0.0,0.0,-0.0007398809539154172,-0.17144770920276642,0.0,0.0,0.0030678878812730394,0.032136901602374805,-0.035553205758333206,0.08611474931240082,0.0,0.0,0.0,0.0
1.24835205078125,-0.30020931363105774,-1.2281103134155273,0.0,0.0,-0.0007398809539154172,-0.17144770920276642,0.0,0.0,0.0030678878812730394,0.032136901602374805,-0.035553205758333206,0.08611474931240082,0.0,0.0,0.0,0.0
1.2505671977996826,-0.30020931363105774,-1.2281103134155273,0.0,0.0,-0.0007398809539154172,-0.17144770920276642,0.0,0.0,0.0030678878812730394,0.032136901602374805,-0.035553205758333206,0.08611474931240082,0.0,0.0,0.0,0.0
1.2525458335876465,-0.30020931363105774,-1.2281103134155273,0.0,0.0,-0.0007398809539154172,-0.17144770920276642,0.0,0.0,0.0030678878812730394,0.032136901602374805,-0.035553205758333206,0.08611474931240082,0.0,0.0,0.0,0.0
1.2546522617340088,-0.30020931363105774,-1.2281103134155273,0.0,0.0,-0.0007398809539154172,-0.17144770920276642,0.0,0.0,0.0030678878812730394,0.032136901602374805,-0.035553205758333206,0.08611474931240082,0.0,0.0,0.0,0.0
1.256394624710083,-0.30020931363105774,-1.2281103134155273,0.0,0.0,-0.0007398809539154172,-0.17144770920276642,0.0,0.0,0.0030678878812730394,0.032136901602374805,-0.035553205758333206,0.08611474931240082,0.0,0.0,0.0,0.0
1.2582876682281494,-0.30020931363105774,-1.2281103134155273,0.0,0.0,-0.0007398809539154172,-0.17144770920276642,0.0,0.0,0.0030678878812730394,0.032136901602374805,-0.035553205758333206,0.08611474931240082,0.0,0.0,0.0,0.0
1.260864019393921,-0.30020931363105774,-1.2281103134155273,0.0,0.0,-0.0007398809539154172,-0.17144770920276642,0.0,0.0,0.0030678878812730394,0.032136901602374805,-0.035553205758333206,0.08611474931240082,0.0,0.0,0.0,0.0
1.2636926174163818,-0.30020931363105774,-1.2281103134155273,0.0,0.0,-0.0007398809539154172,-0.17144770920276642,0.0,0.0,0.0030678878812730394,0.032136901602374805,-0.035553205758333206,0.08611474931240082,0.0,0.0,0.0,0.0
1.2661635875701904,-0.30020931363105774,-1.2281103134155273,0.0,0.0,-0.0007398809539154172,-0.17144770920276642,0.0,0.0,0.0030678878812730394,0.032136901602374805,-0.035553205758333206,0.08611474931240082,0.0,0.0,0.0,0.0
1.269603967666626,-0.30020931363105774,-1.2281103134155273,0.0,0.0,-0.0007398809539154172,-0.17144770920276642,0.0,0.0,0.0030678878812730394,0.032136901602374805,-0.035553205758333206,0.08611474931240082,0.0,0.0,0.0,0.0
1.2714076042175293,-0.30020931363105774,-1.2281103134155273,0.0,0.0,-0.0007398809539154172,-0.17144770920276642,0.0,0.0,0.0030678878812730394,0.032136901602374805,-0.035553205758333206,0.08611474931240082,0.0,0.0,0.0,0.0
1.2731986045837402,-0.30020931363105774,-1.2281103134155273,0.0,0.0,-0.0007398809539154172,-0.17144770920276642,0.0,0.0,0.0030678878812730394,0.032136901602374805,-0.035553205758333206,0.08611474931240082,0.0,0.0,0.0,0.0
1.2748045921325684,-0.30020931363105774,-1.2281103134155273,0.0,0.0,-0.0007398809539154172,-0.17144770920276642,0.0,0.0,0.0030678878812730394,0.032136901602374805,-0.035553205758333206,0.08611474931240082,0.0,0.0,0.0,0.0
1.2763543128967285,-0.30020931363105774,-1.2281103134155273,0.0,0.0,-0.0007398809539154172,-0.17144770920276642,0.0,0.0,0.0030678878812730394,0.032136901602374805,-0.035553205758333206,0.08611474931240082,0.0,0.0,0.0,0.0
1.278104543685913,-0.30020931363105774,-1.2281103134155273,0.0,0.0,-0.0007398809539154172,-0.17144770920276642,0.0,0.0,0.0030678878812730394,0.032136901602374805,-0.035553205758333206,0.08611474931240082,0.0,0.0,0.0,0.0
1.2798678874969482,-0.30020931363105774,-1.2281103134155273,0.0,0.0,-0.0007398809539154172,-0.17144770920276642,0.0,0.0,0.0030678878812730394,0.032136901602374805,-0.035553205758333206,0.08611474931240082,0.0,0.0,0.0,0.0
1.2815916538238525,-0.30020931363105774,-1.2281103134155273,0.0,0.0,-0.0007398809539154172,-0.17144770920276642,0.0,0.0,0.0030678878812730394,0.032136901602374805,-0.035553205758333206,0.08611474931240082,0.0,0.0,0.0,0.0
1.2838633060455322,-0.30020931363105774,-1.2281103134155273,0.0,0.0,-0.0007398809539154172,-0.17144770920276642,0.0,0.0,0.0030678878812730394,0.032136901602374805,-0.035553205758333206,0.08611474931240082,0.0,0.0,0.0,0.0
1.2863550186157227,-0.30020931363105774,-1.2281103134155273,0.0,0.0,-0.0007398809539154172,-0.17144770920276642,0.0,0.0,0.0030678878812730394,0.032136901602374805,-0.035553205758333206,0.08611474931240082,0.0,0.0,0.0,0.0
1.2884109020233154,-0.30020931363105774,-1.2281103134155273,0.0,0.0,-0.0007398809539154172,-0.17144770920276642,0.0,0.0,0.0030678878812730394,0.032136901602374805,-0.035553205758333206,0.08611474931240082,0.0,0.0,0.0,0.0
1.290076494216919,-0.30020931363105774,-1.2281103134155273,0.0,0.0,-0.0007398809539154172,-0.17144770920276642,0.0,0.0,0.0030678878812730394,0.032136901602374805,-0.035553205758333206,0.08611474931240082,0.0,0.0,0.0,0.0
1.291635274887085,-0.30020931363105774,-1.2281103134155273,0.0,0.0,-0.0007398809539154172,-0.17144770920276642,0.0,0.0,0.0030678878812730394,0.032136901602374805,-0.035553205758333206,0.08611474931240082,0.0,0.0,0.0,0.0
1.2931568622589111,-0.30020931363105774,-1.2281103134155273,0.0,0.0,-0.0007398809539154172,-0.17144770920276642,0.0,0.0,0.0030678878812730394,0.032136901602374805,-0.035553205758333206,0.08611474931240082,0.0,0.0,0.0,0.0
1.2949144840240479,-0.30020931363105774,-1.2281103134155273,0.0,0.0,-0.0007398809539154172,-0.17144770920276642,0.0,0.0,0.0030678878812730394,0.032136901602374805,-0.035553205758333206,0.08611474931240082,0.0,0.0,0.0,0.0
1.2965164184570312,-0.30020931363105774,-1.2281103134155273,0.0,0.0,-0.0007398809539154172,-0.17144770920276642,0.0,0.0,0.0030678878812730394,0.032136901602374805,-0.035553205758333206,0.08611474931240082,0.0,0.0,0.0,0.0
1.2981288433074951,-0.30020931363105774,-1.2281103134155273,0.0,0.0,-0.0007398809539154172,-0.17144770920276642,0.0,0.0,0.0030678878812730394,0.032136901602374805,-0.035553205758333206,0.08611474931240082,0.0,0.0,0.0,0.0
1.3001434803009033,-0.30020931363105774,-1.2281103134155273,0.0,0.0,-0.0007398809539154172,-0.17144770920276642,0.0,0.0,0.0030678878812730394,0.032136901602374805,-0.035553205758333206,0.08611474931240082,0.0,0.0,0.0,0.0
1.301584005355835,-0.30020931363105774,-1.2281103134155273,0.0,0.0,-0.0007398809539154172,-0.17144770920276642,0.0,0.0,0.0030678878812730394,0.032136901602374805,-0.035553205758333206,0.08611474931240082,0.0,0.0,0.0,0.0
1.3029968738555908,-0.30020931363105774,-1.2281103134155273,0.0,0.0,-0.0007398809539154172,-0.17144770920276642,0.0,0.0,0.0030678878812730394,0.032136901602374805,-0.035553205758333206,0.08611474931240082,0.0,0.0,0.0,0.0
1.304527997970581,-0.30020931363105774,-1.2281103134155273,0.0,0.0,-0.0007398809539154172,-0.17144770920276642,0.0,0.0,0.0030678878812730394,0.032136901602374805,-0.035553205758333206,0.08611474931240082,0.0,0.0,0.0,0.0
1.3059256076812744,-0.30020931363105774,-1.2281103134155273,0.0,0.0,-0.0007398809539154172,-0.17144770920276642,0.0,0.0,0.0030678878812730394,0.032136901602374805,-0.035553205758333206,0.08611474931240082,0.0,0.0,0.0,0.0
1.3079829216003418,-0.30020931363105774,-1.2281103134155273,0.0,0.0,-0.0007398809539154172,-0.17144770920276642,0.0,0.0,0.0030678878812730394,0.032136901602374805,-0.035553205758333206,0.08611474931240082,0.0,0.0,0.0,0.0
1.3094563484191895,-0.30020931363105774,-1.2281103134155273,0.0,0.0,-0.0007398809539154172,-0.17144770920276642,0.0,0.0,0.0030678878812730394,0.032136901602374805,-0.035553205758333206,0.08611474931240082,0.0,0.0,0.0,0.0
1.3118352890014648,-0.30020931363105774,-1.2281103134155273,0.0,0.0,-0.0007398809539154172,-0.17144770920276642,0.0,0.0,0.0030678878812730394,0.032136901602374805,-0.035553205758333206,0.08611474931240082,0.0,0.0,0.0,0.0
1.3133134841918945,-0.30020931363105774,-1.2281103134155273,0.0,0.0,-0.0007398809539154172,-0.17144770920276642,0.0,0.0,0.0030678878812730394,0.032136901602374805,-0.035553205758333206,0.08611474931240082,0.0,0.0,0.0,0.0
1.3148093223571777,-0.30020931363105774,-1.2281103134155273,0.0,0.0,-0.0007398809539154172,-0.17144770920276642,0.0,0.0,0.0030678878812730394,0.032136901602374805,-0.035553205758333206,0.08611474931240082,0.0,0.0,0.0,0.0
1.316903829574585,-0.30020931363105774,-1.2281103134155273,0.0,0.0,-0.0007398809539154172,-0.17144770920276642,0.0,0.0,0.0030678878812730394,0.032136901602374805,-0.035553205758333206,0.08611474931240082,0.0,0.0,0.0,0.0
1.319192886352539,-0.30020931363105774,-1.2281103134155273,0.0,0.0,-0.0007398809539154172,-0.17144770920276642,0.0,0.0,0.0030678878812730394,0.032136901602374805,-0.035553205758333206,0.08611474931240082,0.0,0.0,0.0,0.0
1.3210914134979248,-0.30020931363105774,-1.2281103134155273,0.0,0.0,-0.0007398809539154172,-0.17144770920276642,0.0,0.0,0.0030678878812730394,0.032136901602374805,-0.035553205758333206,0.08611474931240082,0.0,0.0,0.0,0.0
1.3227596282958984,-0.30020931363105774,-1.2281103134155273,0.0,0.0,-0.0007398809539154172,-0.17144770920276642,0.0,0.0,0.0030678878812730394,0.032136901602374805,-0.035553205758333206,0.08611474931240082,0.0,0.0,0.0,0.0
1.3245868682861328,-0.30020931363105774,-1.2281103134155273,0.0,0.0,-0.0007398809539154172,-0.17144770920276642,0.0,0.0,0.0030678878812730394,0.032136901602374805,-0.035553205758333206,0.08611474931240082,0.0,0.0,0.0,0.0
1.326054573059082,-0.30020931363105774,-1.2281103134155273,0.0,0.0,-0.0007398809539154172,-0.17144770920276642,0.0,0.0,0.0030678878812730394,0.032136901602374805,-0.035553205758333206,0.08611474931240082,0.0,0.0,0.0,0.0
1.327479600906372,-0.30020931363105774,-1.2281103134155273,0.0,0.0,-0.0007398809539154172,-0.17144770920276642,0.0,0.0,0.0030678878812730394,0.032136901602374805,-0.035553205758333206,0.08611474931240082,0.0,0.0,0.0,0.0
1.3294074535369873,-0.30020931363105774,-1.2281103134155273,0.0,0.0,-0.0007398809539154172,-0.17144770920276642,0.0,0.0,0.0030678878812730394,0.032136901602374805,-0.035553205758333206,0.08611474931240082,0.0,0.0,0.0,0.0
1.330822229385376,-0.30020931363105774,-1.2281103134155273,0.0,0.0,-0.0007398809539154172,-0.17144770920276642,0.0,0.0,0.0030678878812730394,0.032136901602374805,-0.035553205758333206,0.08611474931240082,0.0,0.0,0.0,0.0
1.3322556018829346,-0.30020931363105774,-1.2281103134155273,0.0,0.0,-0.0007398809539154172,-0.17144770920276642,0.0,0.0,0.0030678878812730394,0.032136901602374805,-0.035553205758333206,0.08611474931240082,0.0,0.0,0.0,0.0
1.333702564239502,-0.30020931363105774,-1.2281103134155273,0.0,0.0,-0.0007398809539154172,-0.17144770920276642,0.0,0.0,0.0030678878812730394,0.032136901602374805,-0.035553205758333206,0.08611474931240082,0.0,0.0,0.0,0.0
1.3351619243621826,-0.30020931363105774,-1.2281103134155273,0.0,0.0,-0.0007398809539154172,-0.17144770920276642,0.0,0.0,0.0030678878812730394,0.032136901602374805,-0.035553205758333206,0.08611474931240082,0.0,0.0,0.0,0.0
1.3366048336029053,-0.30020931363105774,-1.2281103134155273,0.0,0.0,-0.0007398809539154172,-0.17144770920276642,0.0,0.0,0.0030678878812730394,0.032136901602374805,-0.035553205758333206,0.08611474931240082,0.0,0.0,0.0,0.0
1.3382766246795654,-0.30020931363105774,-1.2281103134155273,0.0,0.0,-0.0007398809539154172,-0.17144770920276642,0.0,0.0,0.0030678878812730394,0.032136901602374805,-0.035553205758333206,0.08611474931240082,0.0,0.0,0.0,0.0
1.3404178619384766,-0.30020931363105774,-1.2281103134155273,0.0,0.0,-0.0007398809539154172,-0.17144770920276642,0.0,0.0,0.0030678878812730394,0.032136901602374805,-0.035553205758333206,0.08611474931240082,0.0,0.0,0.0,0.0
1.342259407043457,-0.30020931363105774,-1.2281103134155273,0.0,0.0,-0.0007398809539154172,-0.17144770920276642,0.0,0.0,0.0030678878812730394,0.032136901602374805,-0.035553205758333206,0.08611474931240082,0.0,0.0,0.0,0.0
1.3439838886260986,-0.30020931363105774,-1.2281103134155273,0.0,0.0,-0.0007398809539154172,-0.17144770920276642,0.0,0.0,0.0030678878812730394,0.032136901602374805,-0.035553205758333206,0.08611474931240082,0.0,0.0,0.0,0.0
1.3454086780548096,-0.30020931363105774,-1.2281103134155273,0.0,0.0,-0.0007398809539154172,-0.17144770920276642,0.0,0.0,0.0030678878812730394,0.032136901602374805,-0.035553205758333206,0.08611474931240082,0.0,0.0,0.0,0.0
1.3468172550201416,-0.30020931363105774,-1.2281103134155273,0.0,0.0,-0.0007398809539154172,-0.17144770920276642,0.0,0.0,0.0030678878812730394,0.032136901602374805,-0.035553205758333206,0.08611474931240082,0.0,0.0,0.0,0.0
1.3482346534729004,-0.30020931363105774,-1.2281103134155273,0.0,0.0,-0.0007398809539154172,-0.17144770920276642,0.0,0.0,0.0030678878812730394,0.032136901602374805,-0.035553205758333206,0.08611474931240082,0.0,0.0,0.0,0.0
1.3496835231781006,-0.30020931363105774,-1.2281103134155273,0.0,0.0,-0.0007398809539154172,-0.17144770920276642,0.0,0.0,0.0030678878812730394,0.032136901602374805,-0.035553205758333206,0.08611474931240082,0.0,0.0,0.0,0.0
1.3511872291564941,-0.30020931363105774,-1.2281103134155273,0.0,0.0,-0.0007398809539154172,-0.17144770920276642,0.0,0.0,0.0030678878812730394,0.032136901602374805,-0.035553205758333206,0.08611474931240082,0.0,0.0,0.0,0.0
1.3530137538909912,-0.30020931363105774,-1.2281103134155273,0.0,0.0,-0.0007398809539154172,-0.17144770920276642,0.0,0.0,0.0030678878812730394,0.032136901602374805,-0.035553205758333206,0.08611474931240082,0.0,0.0,0.0,0.0
1.3543908596038818,-0.30020931363105774,-1.2281103134155273,0.0,0.0,-0.0007398809539154172,-0.17144770920276642,0.0,0.0,0.0030678878812730394,0.032136901602374805,-0.035553205758333206,0.08611474931240082,0.0,0.0,0.0,0.0
1.3557653427124023,-0.30020931363105774,-1.2281103134155273,0.0,0.0,-0.0007398809539154172,-0.17144770920276642,0.0,0.0,0.0030678878812730394,0.032136901602374805,-0.035553205758333206,0.08611474931240082,0.0,0.0,0.0,0.0
1.3572993278503418,-0.30020931363105774,-1.2281103134155273,0.0,0.0,-0.0007398809539154172,-0.17144770920276642,0.0,0.0,0.0030678878812730394,0.032136901602374805,-0.035553205758333206,0.08611474931240082,0.0,0.0,0.0,0.0
1.3587453365325928,-0.30020931363105774,-1.2281103134155273,0.0,0.0,-0.0007398809539154172,-0.17144770920276642,0.0,0.0,0.0030678878812730394,0.032136901602374805,-0.035553205758333206,0.08611474931240082,0.0,0.0,0.0,0.0
1.3605084419250488,-0.30020931363105774,-1.2281103134155273,0.0,0.0,-0.0007398809539154172,-0.17144770920276642,0.0,0.0,0.0030678878812730394,0.032136901602374805,-0.035553205758333206,0.08611474931240082,0.0,0.0,0.0,0.0
1.3619022369384766,-0.30020931363105774,-1.2281103134155273,0.0,0.0,-0.0007398809539154172,-0.17144770920276642,0.0,0.0,0.0030678878812730394,0.032136901602374805,-0.035553205758333206,0.08611474931240082,0.0,0.0,0.0,0.0
1.363304853439331,-0.30020931363105774,-1.2281103134155273,0.0,0.0,-0.0007398809539154172,-0.17144770920276642,0.0,0.0,0.0030678878812730394,0.032136901602374805,-0.035553205758333206,0.08611474931240082,0.0,0.0,0.0,0.0
1.3646717071533203,-0.30020931363105774,-1.2281103134155273,0.0,0.0,-0.0007398809539154172,-0.17144770920276642,0.0,0.0,0.0030678878812730394,0.032136901602374805,-0.035553205758333206,0.08611474931240082,0.0,0.0,0.0,0.0
1.3660743236541748,-0.30020931363105774,-1.2281103134155273,0.0,0.0,-0.0007398809539154172,-0.17144770920276642,0.0,0.0,0.0030678878812730394,0.032136901602374805,-0.035553205758333206,0.08611474931240082,0.0,0.0,0.0,0.0
1.367966890335083,-0.30020931363105774,-1.2281103134155273,0.0,0.0,-0.0007398809539154172,-0.17144770920276642,0.0,0.0,0.0030678878812730394,0.032136901602374805,-0.035553205758333206,0.08611474931240082,0.0,0.0,0.0,0.0
1.3693351745605469,-0.30020931363105774,-1.2281103134155273,0.0,0.0,-0.0007398809539154172,-0.17144770920276642,0.0,0.0,0.0030678878812730394,0.032136901602374805,-0.035553205758333206,0.08611474931240082,0.0,0.0,0.0,0.0
1.3707106113433838,-0.30020931363105774,-1.2281103134155273,0.0,0.0,-0.0007398809539154172,-0.17144770920276642,0.0,0.0,0.0030678878812730394,0.032136901602374805,-0.035553205758333206,0.08611474931240082,0.0,0.0,0.0,0.0
1.3720471858978271,-0.30020931363105774,-1.2281103134155273,0.0,0.0,-0.0007398809539154172,-0.17144770920276642,0.0,0.0,0.0030678878812730394,0.032136901602374805,-0.035553205758333206,0.08611474931240082,0.0,0.0,0.0,0.0
1.3733999729156494,-0.30020931363105774,-1.2281103134155273,0.0,0.0,-0.0007398809539154172,-0.17144770920276642,0.0,0.0,0.0030678878812730394,0.032136901602374805,-0.035553205758333206,0.08611474931240082,0.0,0.0,0.0,0.0
1.3747532367706299,-0.30020931363105774,-1.2281103134155273,0.0,0.0,-0.0007398809539154172,-0.17144770920276642,0.0,0.0,0.0030678878812730394,0.032136901602374805,-0.035553205758333206,0.08611474931240082,0.0,0.0,0.0,0.0
1.376072883605957,-0.30020931363105774,-1.2281103134155273,0.0,0.0,-0.0007398809539154172,-0.17144770920276642,0.0,0.0,0.0030678878812730394,0.032136901602374805,-0.035553205758333206,0.08611474931240082,0.0,0.0,0.0,0.0
1.3776323795318604,-0.30020931363105774,-1.2281103134155273,0.0,0.0,-0.0007398809539154172,-0.17144770920276642,0.0,0.0,0.0030678878812730394,0.032136901602374805,-0.035553205758333206,0.08611474931240082,0.0,0.0,0.0,0.0
1.379260778427124,-0.30020931363105774,-1.2281103134155273,0.0,0.0,-0.0007398809539154172,-0.17144770920276642,0.0,0.0,0.0030678878812730394,0.032136901602374805,-0.035553205758333206,0.08611474931240082,0.0,0.0,0.0,0.0
1.380575180053711,-0.30020931363105774,-1.2281103134155273,0.0,0.0,-0.0007398809539154172,-0.17144770920276642,0.0,0.0,0.0030678878812730394,0.032136901602374805,-0.035553205758333206,0.08611474931240082,0.0,0.0,0.0,0.0
1.381882905960083,-0.30020931363105774,-1.2281103134155273,0.0,0.0,-0.0007398809539154172,-0.17144770920276642,0.0,0.0,0.0030678878812730394,0.032136901602374805,-0.035553205758333206,0.08611474931240082,0.0,0.0,0.0,0.0
1.3831887245178223,-0.30020931363105774,-1.2281103134155273,0.0,0.0,-0.0007398809539154172,-0.17144770920276642,0.0,0.0,0.0030678878812730394,0.032136901602374805,-0.035553205758333206,0.08611474931240082,0.0,0.0,0.0,0.0
1.3844830989837646,-0.30020931363105774,-1.2281103134155273,0.0,0.0,-0.0007398809539154172,-0.17144770920276642,0.0,0.0,0.0030678878812730394,0.032136901602374805,-0.035553205758333206,0.08611474931240082,0.0,0.0,0.0,0.0
1.3857841491699219,-0.30020931363105774,-1.2281103134155273,0.0,0.0,-0.0007398809539154172,-0.17144770920276642,0.0,0.0,0.0030678878812730394,0.032136901602374805,-0.035553205758333206,0.08611474931240082,0.0,0.0,0.0,0.0
1.3870747089385986,-0.30020931363105774,-1.2281103134155273,0.0,0.0,-0.0007398809539154172,-0.17144770920276642,0.0,0.0,0.0030678878812730394,0.032136901602374805,-0.035553205758333206,0.08611474931240082,0.0,0.0,0.0,0.0
1.3883795738220215,-0.30020931363105774,-1.2281103134155273,0.0,0.0,-0.0007398809539154172,-0.17144770920276642,0.0,0.0,0.0030678878812730394,0.032136901602374805,-0.035553205758333206,0.08611474931240082,0.0,0.0,0.0,0.0
1.3897418975830078,-0.30020931363105774,-1.2281103134155273,0.0,0.0,-0.0007398809539154172,-0.17144770920276642,0.0,0.0,0.0030678878812730394,0.032136901602374805,-0.035553205758333206,0.08611474931240082,0.0,0.0,0.0,0.0
1.3912382125854492,-0.30020931363105774,-1.2281103134155273,0.0,0.0,-0.0007398809539154172,-0.17144770920276642,0.0,0.0,0.0030678878812730394,0.032136901602374805,-0.035553205758333206,0.08611474931240082,0.0,0.0,0.0,0.0
1.39259672164917,-0.30020931363105774,-1.2281103134155273,0.0,0.0,-0.0007398809539154172,-0.17144770920276642,0.0,0.0,0.0030678878812730394,0.032136901602374805,-0.035553205758333206,0.08611474931240082,0.0,0.0,0.0,0.0
1.394305944442749,-0.30020931363105774,-1.2281103134155273,0.0,0.0,-0.0007398809539154172,-0.17144770920276642,0.0,0.0,0.0030678878812730394,0.032136901602374805,-0.035553205758333206,0.08611474931240082,0.0,0.0,0.0,0.0
1.395686388015747,-0.30020931363105774,-1.2281103134155273,0.0,0.0,-0.0007398809539154172,-0.17144770920276642,0.0,0.0,0.0030678878812730394,0.032136901602374805,-0.035553205758333206,0.08611474931240082,0.0,0.0,0.0,0.0
1.397075891494751,-0.30020931363105774,-1.2281103134155273,0.0,0.0,-0.0007398809539154172,-0.17144770920276642,0.0,0.0,0.0030678878812730394,0.032136901602374805,-0.035553205758333206,0.08611474931240082,0.0,0.0,0.0,0.0
1.3984589576721191,-0.30020931363105774,-1.2281103134155273,0.0,0.0,-0.0007398809539154172,-0.17144770920276642,0.0,0.0,0.0030678878812730394,0.032136901602374805,-0.035553205758333206,0.08611474931240082,0.0,0.0,0.0,0.0
1.400038480758667,-0.30020931363105774,-1.2281103134155273,0.0,0.0,-0.0007398809539154172,-0.17144770920276642,0.0,0.0,0.0030678878812730394,0.032136901602374805,-0.035553205758333206,0.08611474931240082,0.0,0.0,0.0,0.0
1.4015512466430664,-0.30020931363105774,-1.2281103134155273,0.0,0.0,-0.0007398809539154172,-0.17144770920276642,0.0,0.0,0.0030678878812730394,0.032136901602374805,-0.035553205758333206,0.08611474931240082,0.0,0.0,0.0,0.0
1.4032227993011475,-0.30020931363105774,-1.2281103134155273,0.0,0.0,-0.0007398809539154172,-0.17144770920276642,0.0,0.0,0.0030678878812730394,0.032136901602374805,-0.035553205758333206,0.08611474931240082,0.0,0.0,0.0,0.0
1.4049174785614014,-0.30020931363105774,-1.2281103134155273,0.0,0.0,-0.0007398809539154172,-0.17144770920276642,0.0,0.0,0.0030678878812730394,0.032136901602374805,-0.035553205758333206,0.08611474931240082,0.0,0.0,0.0,0.0
1.40678071975708,-0.30020931363105774,-1.2281103134155273,0.0,0.0,-0.0007398809539154172,-0.17144770920276642,0.0,0.0,0.0030678878812730394,0.032136901602374805,-0.035553205758333206,0.08611474931240082,0.0,0.0,0.0,0.0
1.4085400104522705,-0.30020931363105774,-1.2281103134155273,0.0,0.0,-0.0007398809539154172,-0.17144770920276642,0.0,0.0,0.0030678878812730394,0.032136901602374805,-0.035553205758333206,0.08611474931240082,0.0,0.0,0.0,0.0
1.4102509021759033,-0.30020931363105774,-1.2281103134155273,0.0,0.0,-0.0007398809539154172,-0.17144770920276642,0.0,0.0,0.0030678878812730394,0.032136901602374805,-0.035553205758333206,0.08611474931240082,0.0,0.0,0.0,0.0
1.4121267795562744,-0.30020931363105774,-1.2281103134155273,0.0,0.0,-0.0007398809539154172,-0.17144770920276642,0.0,0.0,0.0030678878812730394,0.032136901602374805,-0.035553205758333206,0.08611474931240082,0.0,0.0,0.0,0.0
1.4142687320709229,-0.30020931363105774,-1.2281103134155273,0.0,0.0,-0.0007398809539154172,-0.17144770920276642,0.0,0.0,0.0030678878812730394,0.032136901602374805,-0.035553205758333206,0.08611474931240082,0.0,0.0,0.0,0.0
1.4159915447235107,-0.30020931363105774,-1.2281103134155273,0.0,0.0,-0.0007398809539154172,-0.17144770920276642,0.0,0.0,0.0030678878812730394,0.032136901602374805,-0.035553205758333206,0.08611474931240082,0.0,0.0,0.0,0.0
1.4175984859466553,-0.30020931363105774,-1.2281103134155273,0.0,0.0,-0.0007398809539154172,-0.17144770920276642,0.0,0.0,0.0030678878812730394,0.032136901602374805,-0.035553205758333206,0.08611474931240082,0.0,0.0,0.0,0.0
1.4199011325836182,-0.30020931363105774,-1.2281103134155273,0.0,0.0,-0.0007398809539154172,-0.17144770920276642,0.0,0.0,0.0030678878812730394,0.032136901602374805,-0.035553205758333206,0.08611474931240082,0.0,0.0,0.0,0.0
1.4216804504394531,-0.30020931363105774,-1.2281103134155273,0.0,0.0,-0.0007398809539154172,-0.17144770920276642,0.0,0.0,0.0030678878812730394,0.032136901602374805,-0.035553205758333206,0.08611474931240082,0.0,0.0,0.0,0.0
1.4233365058898926,-0.30020931363105774,-1.2281103134155273,0.0,0.0,-0.0007398809539154172,-0.17144770920276642,0.0,0.0,0.0030678878812730394,0.032136901602374805,-0.035553205758333206,0.08611474931240082,0.0,0.0,0.0,0.0
1.425100326538086,-0.30020931363105774,-1.2281103134155273,0.0,0.0,-0.0007398809539154172,-0.17144770920276642,0.0,0.0,0.0030678878812730394,0.032136901602374805,-0.035553205758333206,0.08611474931240082,0.0,0.0,0.0,0.0
1.4267661571502686,-0.30020931363105774,-1.2281103134155273,0.0,0.0,-0.0007398809539154172,-0.17144770920276642,0.0,0.0,0.0030678878812730394,0.032136901602374805,-0.035553205758333206,0.08611474931240082,0.0,0.0,0.0,0.0
1.4282763004302979,-0.30020931363105774,-1.2281103134155273,0.0,0.0,-0.0007398809539154172,-0.17144770920276642,0.0,0.0,0.0030678878812730394,0.032136901602374805,-0.035553205758333206,0.08611474931240082,0.0,0.0,0.0,0.0
1.4300289154052734,-0.30020931363105774,-1.2281103134155273,0.0,0.0,-0.0007398809539154172,-0.17144770920276642,0.0,0.0,0.0030678878812730394,0.032136901602374805,-0.035553205758333206,0.08611474931240082,0.0,0.0,0.0,0.0
1.4320886135101318,-0.30020931363105774,-1.2281103134155273,0.0,0.0,-0.0007398809539154172,-0.17144770920276642,0.0,0.0,0.0030678878812730394,0.032136901602374805,-0.035553205758333206,0.08611474931240082,0.0,0.0,0.0,0.0
1.4337646961212158,-0.30020931363105774,-1.2281103134155273,0.0,0.0,-0.0007398809539154172,-0.17144770920276642,0.0,0.0,0.0030678878812730394,0.032136901602374805,-0.035553205758333206,0.08611474931240082,0.0,0.0,0.0,0.0
1.4352476596832275,-0.30020931363105774,-1.2281103134155273,0.0,0.0,-0.0007398809539154172,-0.17144770920276642,0.0,0.0,0.0030678878812730394,0.032136901602374805,-0.035553205758333206,0.08611474931240082,0.0,0.0,0.0,0.0
1.4369003772735596,-0.30020931363105774,-1.2281103134155273,0.0,0.0,-0.0007398809539154172,-0.17144770920276642,0.0,0.0,0.0030678878812730394,0.032136901602374805,-0.035553205758333206,0.08611474931240082,0.0,0.0,0.0,0.0
1.4387457370758057,-0.30020931363105774,-1.2281103134155273,0.0,0.0,-0.0007398809539154172,-0.17144770920276642,0.0,0.0,0.0030678878812730394,0.032136901602374805,-0.035553205758333206,0.08611474931240082,0.0,0.0,0.0,0.0
1.4402005672454834,-0.30020931363105774,-1.2281103134155273,0.0,0.0,-0.0007398809539154172,-0.17144770920276642,0.0,0.0,0.0030678878812730394,0.032136901602374805,-0.035553205758333206,0.08611474931240082,0.0,0.0,0.0,0.0
1.4416239261627197,-0.30020931363105774,-1.2281103134155273,0.0,0.0,-0.0007398809539154172,-0.17144770920276642,0.0,0.0,0.0030678878812730394,0.032136901602374805,-0.035553205758333206,0.08611474931240082,0.0,0.0,0.0,0.0
1.4436547756195068,-0.30020931363105774,-1.2281103134155273,0.0,0.0,-0.0007398809539154172,-0.17144770920276642,0.0,0.0,0.0030678878812730394,0.032136901602374805,-0.035553205758333206,0.08611474931240082,0.0,0.0,0.0,0.0
1.4455819129943848,-0.30020931363105774,-1.2281103134155273,0.0,0.0,-0.0007398809539154172,-0.17144770920276642,0.0,0.0,0.0030678878812730394,0.032136901602374805,-0.035553205758333206,0.08611474931240082,0.0,0.0,0.0,0.0
1.4470396041870117,-0.30020931363105774,-1.2281103134155273,0.0,0.0,-0.0007398809539154172,-0.17144770920276642,0.0,0.0,0.0030678878812730394,0.032136901602374805,-0.035553205758333206,0.08611474931240082,0.0,0.0,0.0,0.0
1.4484779834747314,-0.30020931363105774,-1.2281103134155273,0.0,0.0,-0.0007398809539154172,-0.17144770920276642,0.0,0.0,0.0030678878812730394,0.032136901602374805,-0.035553205758333206,0.08611474931240082,0.0,0.0,0.0,0.0
1.4499690532684326,-0.30020931363105774,-1.2281103134155273,0.0,0.0,-0.0007398809539154172,-0.17144770920276642,0.0,0.0,0.0030678878812730394,0.032136901602374805,-0.035553205758333206,0.08611474931240082,0.0,0.0,0.0,0.0
1.451390027999878,-0.30020931363105774,-1.2281103134155273,0.0,0.0,-0.0007398809539154172,-0.17144770920276642,0.0,0.0,0.0030678878812730394,0.032136901602374805,-0.035553205758333206,0.08611474931240082,0.0,0.0,0.0,0.0
1.452805995941162,-0.30020931363105774,-1.2281103134155273,0.0,0.0,-0.0007398809539154172,-0.17144770920276642,0.0,0.0,0.0030678878812730394,0.032136901602374805,-0.035553205758333206,0.08611474931240082,0.0,0.0,0.0,0.0
1.454237699508667,-0.30020931363105774,-1.2281103134155273,0.0,0.0,-0.0007398809539154172,-0.17144770920276642,0.0,0.0,0.0030678878812730394,0.032136901602374805,-0.035553205758333206,0.08611474931240082,0.0,0.0,0.0,0.0
1.4561643600463867,-0.30020931363105774,-1.2281103134155273,0.0,0.0,-0.0007398809539154172,-0.17144770920276642,0.0,0.0,0.0030678878812730394,0.032136901602374805,-0.035553205758333206,0.08611474931240082,0.0,0.0,0.0,0.0
1.4576046466827393,-0.30020931363105774,-1.2281103134155273,0.0,0.0,-0.0007398809539154172,-0.17144770920276642,0.0,0.0,0.0030678878812730394,0.032136901602374805,-0.035553205758333206,0.08611474931240082,0.0,0.0,0.0,0.0
1.459411382675171,-0.30020931363105774,-1.2281103134155273,0.0,0.0,-0.0007398809539154172,-0.17144770920276642,0.0,0.0,0.0030678878812730394,0.032136901602374805,-0.035553205758333206,0.08611474931240082,0.0,0.0,0.0,0.0
1.4613010883331299,-0.30020931363105774,-1.2281103134155273,0.0,0.0,-0.0007398809539154172,-0.17144770920276642,0.0,0.0,0.0030678878812730394,0.032136901602374805,-0.035553205758333206,0.08611474931240082,0.0,0.0,0.0,0.0
1.4626798629760742,-0.30020931363105774,-1.2281103134155273,0.0,0.0,-0.0007398809539154172,-0.17144770920276642,0.0,0.0,0.0030678878812730394,0.032136901602374805,-0.035553205758333206,0.08611474931240082,0.0,0.0,0.0,0.0
1.4640798568725586,-0.30020931363105774,-1.2281103134155273,0.0,0.0,-0.0007398809539154172,-0.17144770920276642,0.0,0.0,0.0030678878812730394,0.032136901602374805,-0.035553205758333206,0.08611474931240082,0.0,0.0,0.0,0.0
1.4654889106750488,-0.30020931363105774,-1.2281103134155273,0.0,0.0,-0.0007398809539154172,-0.17144770920276642,0.0,0.0,0.0030678878812730394,0.032136901602374805,-0.035553205758333206,0.08611474931240082,0.0,0.0,0.0,0.0
1.466925859451294,-0.30020931363105774,-1.2281103134155273,0.0,0.0,-0.0007398809539154172,-0.17144770920276642,0.0,0.0,0.0030678878812730394,0.032136901602374805,-0.035553205758333206,0.08611474931240082,0.0,0.0,0.0,0.0
1.4692630767822266,-0.30020931363105774,-1.2281103134155273,0.0,0.0,-0.0007398809539154172,-0.17144770920276642,0.0,0.0,0.0030678878812730394,0.032136901602374805,-0.035553205758333206,0.08611474931240082,0.0,0.0,0.0,0.0
1.4712896347045898,-0.30020931363105774,-1.2281103134155273,0.0,0.0,-0.0007398809539154172,-0.17144770920276642,0.0,0.0,0.0030678878812730394,0.032136901602374805,-0.035553205758333206,0.08611474931240082,0.0,0.0,0.0,0.0
1.4729230403900146,-0.30020931363105774,-1.2281103134155273,0.0,0.0,-0.0007398809539154172,-0.17144770920276642,0.0,0.0,0.0030678878812730394,0.032136901602374805,-0.035553205758333206,0.08611474931240082,0.0,0.0,0.0,0.0
1.4745457172393799,-0.30020931363105774,-1.2281103134155273,0.0,0.0,-0.0007398809539154172,-0.17144770920276642,0.0,0.0,0.0030678878812730394,0.032136901602374805,-0.035553205758333206,0.08611474931240082,0.0,0.0,0.0,0.0
1.4759478569030762,-0.30020931363105774,-1.2281103134155273,0.0,0.0,-0.0007398809539154172,-0.17144770920276642,0.0,0.0,0.0030678878812730394,0.032136901602374805,-0.035553205758333206,0.08611474931240082,0.0,0.0,0.0,0.0
1.4773790836334229,-0.30020931363105774,-1.2281103134155273,0.0,0.0,-0.0007398809539154172,-0.17144770920276642,0.0,0.0,0.0030678878812730394,0.032136901602374805,-0.035553205758333206,0.08611474931240082,0.0,0.0,0.0,0.0
1.4788038730621338,-0.30020931363105774,-1.2281103134155273,0.0,0.0,-0.0007398809539154172,-0.17144770920276642,0.0,0.0,0.0030678878812730394,0.032136901602374805,-0.035553205758333206,0.08611474931240082,0.0,0.0,0.0,0.0
1.4802241325378418,-0.30020931363105774,-1.2281103134155273,0.0,0.0,-0.0007398809539154172,-0.17144770920276642,0.0,0.0,0.0030678878812730394,0.032136901602374805,-0.035553205758333206,0.08611474931240082,0.0,0.0,0.0,0.0
1.4816365242004395,-0.30020931363105774,-1.2281103134155273,0.0,0.0,-0.0007398809539154172,-0.17144770920276642,0.0,0.0,0.0030678878812730394,0.032136901602374805,-0.035553205758333206,0.08611474931240082,0.0,0.0,0.0,0.0
1.4830026626586914,-0.30020931363105774,-1.2281103134155273,0.0,0.0,-0.0007398809539154172,-0.17144770920276642,0.0,0.0,0.0030678878812730394,0.032136901602374805,-0.035553205758333206,0.08611474931240082,0.0,0.0,0.0,0.0
1.4843628406524658,-0.30020931363105774,-1.2281103134155273,0.0,0.0,-0.0007398809539154172,-0.17144770920276642,0.0,0.0,0.0030678878812730394,0.032136901602374805,-0.035553205758333206,0.08611474931240082,0.0,0.0,0.0,0.0
1.4863014221191406,-0.30020931363105774,-1.2281103134155273,0.0,0.0,-0.0007398809539154172,-0.17144770920276642,0.0,0.0,0.0030678878812730394,0.032136901602374805,-0.035553205758333206,0.08611474931240082,0.0,0.0,0.0,0.0
1.487696886062622,-0.30020931363105774,-1.2281103134155273,0.0,0.0,-0.0007398809539154172,-0.17144770920276642,0.0,0.0,0.0030678878812730394,0.032136901602374805,-0.035553205758333206,0.08611474931240082,0.0,0.0,0.0,0.0
1.489408016204834,-0.30020931363105774,-1.2281103134155273,0.0,0.0,-0.0007398809539154172,-0.17144770920276642,0.0,0.0,0.0030678878812730394,0.032136901602374805,-0.035553205758333206,0.08611474931240082,0.0,0.0,0.0,0.0
1.491243839263916,-0.30020931363105774,-1.2281103134155273,0.0,0.0,-0.0007398809539154172,-0.17144770920276642,0.0,0.0,0.0030678878812730394,0.032136901602374805,-0.035553205758333206,0.08611474931240082,0.0,0.0,0.0,0.0
1.4926464557647705,-0.30020931363105774,-1.2281103134155273,0.0,0.0,-0.0007398809539154172,-0.17144770920276642,0.0,0.0,0.0030678878812730394,0.032136901602374805,-0.035553205758333206,0.08611474931240082,0.0,0.0,0.0,0.0
1.4940564632415771,-0.30020931363105774,-1.2281103134155273,0.0,0.0,-0.0007398809539154172,-0.17144770920276642,0.0,0.0,0.0030678878812730394,0.032136901602374805,-0.035553205758333206,0.08611474931240082,0.0,0.0,0.0,0.0
1.4954802989959717,-0.30020931363105774,-1.2281103134155273,0.0,0.0,-0.0007398809539154172,-0.17144770920276642,0.0,0.0,0.0030678878812730394,0.032136901602374805,-0.035553205758333206,0.08611474931240082,0.0,0.0,0.0,0.0
1.4968926906585693,-0.30020931363105774,-1.2281103134155273,0.0,0.0,-0.0007398809539154172,-0.17144770920276642,0.0,0.0,0.0030678878812730394,0.032136901602374805,-0.035553205758333206,0.08611474931240082,0.0,0.0,0.0,0.0
1.498384952545166,-0.30020931363105774,-1.2281103134155273,0.0,0.0,-0.0007398809539154172,-0.17144770920276642,0.0,0.0,0.0030678878812730394,0.032136901602374805,-0.035553205758333206,0.08611474931240082,0.0,0.0,0.0,0.0
1.4998672008514404,-0.30020931363105774,-1.2281103134155273,0.0,0.0,-0.0007398809539154172,-0.17144770920276642,0.0,0.0,0.0030678878812730394,0.032136901602374805,-0.035553205758333206,0.08611474931240082,0.0,0.0,0.0,0.0
1.5012705326080322,-0.30020931363105774,-1.2281103134155273,0.0,0.0,-0.0007398809539154172,-0.17144770920276642,0.0,0.0,0.0030678878812730394,0.032136901602374805,-0.035553205758333206,0.08611474931240082,0.0,0.0,0.0,0.0
1.5030853748321533,-0.30020931363105774,-1.2281103134155273,0.0,0.0,-0.0007398809539154172,-0.17144770920276642,0.0,0.0,0.0030678878812730394,0.032136901602374805,-0.035553205758333206,0.08611474931240082,0.0,0.0,0.0,0.0
1.5048277378082275,-0.30020931363105774,-1.2281103134155273,0.0,0.0,-0.0007398809539154172,-0.17144770920276642,0.0,0.0,0.0030678878812730394,0.032136901602374805,-0.035553205758333206,0.08611474931240082,0.0,0.0,0.0,0.0
1.506258487701416,-0.30020931363105774,-1.2281103134155273,0.0,0.0,-0.0007398809539154172,-0.17144770920276642,0.0,0.0,0.0030678878812730394,0.032136901602374805,-0.035553205758333206,0.08611474931240082,0.0,0.0,0.0,0.0
1.507723093032837,-0.30020931363105774,-1.2281103134155273,0.0,0.0,-0.0007398809539154172,-0.17144770920276642,0.0,0.0,0.0030678878812730394,0.032136901602374805,-0.035553205758333206,0.08611474931240082,0.0,0.0,0.0,0.0
1.5100069046020508,-0.30020931363105774,-1.2281103134155273,0.0,0.0,-0.0007398809539154172,-0.17144770920276642,0.0,0.0,0.0030678878812730394,0.032136901602374805,-0.035553205758333206,0.08611474931240082,0.0,0.0,0.0,0.0
1.5118622779846191,-0.30020931363105774,-1.2281103134155273,0.0,0.0,-0.0007398809539154172,-0.17144770920276642,0.0,0.0,0.0030678878812730394,0.032136901602374805,-0.035553205758333206,0.08611474931240082,0.0,0.0,0.0,0.0
1.5133757591247559,-0.30020931363105774,-1.2281103134155273,0.0,0.0,-0.0007398809539154172,-0.17144770920276642,0.0,0.0,0.0030678878812730394,0.032136901602374805,-0.035553205758333206,0.08611474931240082,0.0,0.0,0.0,0.0
1.5147981643676758,-0.30020931363105774,-1.2281103134155273,0.0,0.0,-0.0007398809539154172,-0.17144770920276642,0.0,0.0,0.0030678878812730394,0.032136901602374805,-0.035553205758333206,0.08611474931240082,0.0,0.0,0.0,0.0
1.5161817073822021,-0.30020931363105774,-1.2281103134155273,0.0,0.0,-0.0007398809539154172,-0.17144770920276642,0.0,0.0,0.0030678878812730394,0.032136901602374805,-0.035553205758333206,0.08611474931240082,0.0,0.0,0.0,0.0
1.5180344581604004,-0.30020931363105774,-1.2281103134155273,0.0,0.0,-0.0007398809539154172,-0.17144770920276642,0.0,0.0,0.0030678878812730394,0.032136901602374805,-0.035553205758333206,0.08611474931240082,0.0,0.0,0.0,0.0
1.5194828510284424,-0.30020931363105774,-1.2281103134155273,0.0,0.0,-0.0007398809539154172,-0.17144770920276642,0.0,0.0,0.0030678878812730394,0.032136901602374805,-0.035553205758333206,0.08611474931240082,0.0,0.0,0.0,0.0
1.5208897590637207,-0.30020931363105774,-1.2281103134155273,0.0,0.0,-0.0007398809539154172,-0.17144770920276642,0.0,0.0,0.0030678878812730394,0.032136901602374805,-0.035553205758333206,0.08611474931240082,0.0,0.0,0.0,0.0
1.5224401950836182,-0.30020931363105774,-1.2281103134155273,0.0,0.0,-0.0007398809539154172,-0.17144770920276642,0.0,0.0,0.0030678878812730394,0.032136901602374805,-0.035553205758333206,0.08611474931240082,0.0,0.0,0.0,0.0
1.5245990753173828,-0.30020931363105774,-1.2281103134155273,0.0,0.0,-0.0007398809539154172,-0.17144770920276642,0.0,0.0,0.0030678878812730394,0.032136901602374805,-0.035553205758333206,0.08611474931240082,0.0,0.0,0.0,0.0
1.5265238285064697,-0.30020931363105774,-1.2281103134155273,0.0,0.0,-0.0007398809539154172,-0.17144770920276642,0.0,0.0,0.0030678878812730394,0.032136901602374805,-0.035553205758333206,0.08611474931240082,0.0,0.0,0.0,0.0
1.5280587673187256,-0.30020931363105774,-1.2281103134155273,0.0,0.0,-0.0007398809539154172,-0.17144770920276642,0.0,0.0,0.0030678878812730394,0.032136901602374805,-0.035553205758333206,0.08611474931240082,0.0,0.0,0.0,0.0
1.5302391052246094,-0.30020931363105774,-1.2281103134155273,0.0,0.0,-0.0007398809539154172,-0.17144770920276642,0.0,0.0,0.0030678878812730394,0.032136901602374805,-0.035553205758333206,0.08611474931240082,0.0,0.0,0.0,0.0
1.5319654941558838,-0.30020931363105774,-1.2281103134155273,0.0,0.0,-0.0007398809539154172,-0.17144770920276642,0.0,0.0,0.0030678878812730394,0.032136901602374805,-0.035553205758333206,0.08611474931240082,0.0,0.0,0.0,0.0
1.5335001945495605,-0.30020931363105774,-1.2281103134155273,0.0,0.0,-0.0007398809539154172,-0.17144770920276642,0.0,0.0,0.0030678878812730394,0.032136901602374805,-0.035553205758333206,0.08611474931240082,0.0,0.0,0.0,0.0
1.5349302291870117,-0.30020931363105774,-1.2281103134155273,0.0,0.0,-0.0007398809539154172,-0.17144770920276642,0.0,0.0,0.0030678878812730394,0.032136901602374805,-0.035553205758333206,0.08611474931240082,0.0,0.0,0.0,0.0
1.5366368293762207,-0.30020931363105774,-1.2281103134155273,0.0,0.0,-0.0007398809539154172,-0.17144770920276642,0.0,0.0,0.0030678878812730394,0.032136901602374805,-0.035553205758333206,0.08611474931240082,0.0,0.0,0.0,0.0
1.5381557941436768,-0.30020931363105774,-1.2281103134155273,0.0,0.0,-0.0007398809539154172,-0.17144770920276642,0.0,0.0,0.0030678878812730394,0.032136901602374805,-0.035553205758333206,0.08611474931240082,0.0,0.0,0.0,0.0
1.539672613143921,-0.30020931363105774,-1.2281103134155273,0.0,0.0,-0.0007398809539154172,-0.17144770920276642,0.0,0.0,0.0030678878812730394,0.032136901602374805,-0.035553205758333206,0.08611474931240082,0.0,0.0,0.0,0.0
1.5411205291748047,-0.30020931363105774,-1.2281103134155273,0.0,0.0,-0.0007398809539154172,-0.17144770920276642,0.0,0.0,0.0030678878812730394,0.032136901602374805,-0.035553205758333206,0.08611474931240082,0.0,0.0,0.0,0.0
1.5427660942077637,-0.30020931363105774,-1.2281103134155273,0.0,0.0,-0.0007398809539154172,-0.17144770920276642,0.0,0.0,0.0030678878812730394,0.032136901602374805,-0.035553205758333206,0.08611474931240082,0.0,0.0,0.0,0.0
1.5442569255828857,-0.30020931363105774,-1.2281103134155273,0.0,0.0,-0.0007398809539154172,-0.17144770920276642,0.0,0.0,0.0030678878812730394,0.032136901602374805,-0.035553205758333206,0.08611474931240082,0.0,0.0,0.0,0.0
1.5457134246826172,-0.30020931363105774,-1.2281103134155273,0.0,0.0,-0.0007398809539154172,-0.17144770920276642,0.0,0.0,0.0030678878812730394,0.032136901602374805,-0.035553205758333206,0.08611474931240082,0.0,0.0,0.0,0.0
1.5471644401550293,-0.30020931363105774,-1.2281103134155273,0.0,0.0,-0.0007398809539154172,-0.17144770920276642,0.0,0.0,0.0030678878812730394,0.032136901602374805,-0.035553205758333206,0.08611474931240082,0.0,0.0,0.0,0.0
1.550288438796997,-0.30020931363105774,-1.2281103134155273,0.0,0.0,-0.0007398809539154172,-0.17144770920276642,0.0,0.0,0.0030678878812730394,0.032136901602374805,-0.035553205758333206,0.08611474931240082,0.0,0.0,0.0,0.0
1.551966667175293,-0.30020931363105774,-1.2281103134155273,0.0,0.0,-0.0007398809539154172,-0.17144770920276642,0.0,0.0,0.0030678878812730394,0.032136901602374805,-0.035553205758333206,0.08611474931240082,0.0,0.0,0.0,0.0
1.5534963607788086,-0.30020931363105774,-1.2281103134155273,0.0,0.0,-0.0007398809539154172,-0.17144770920276642,0.0,0.0,0.0030678878812730394,0.032136901602374805,-0.035553205758333206,0.08611474931240082,0.0,0.0,0.0,0.0
1.555025577545166,-0.30020931363105774,-1.2281103134155273,0.0,0.0,-0.0007398809539154172,-0.17144770920276642,0.0,0.0,0.0030678878812730394,0.032136901602374805,-0.035553205758333206,0.08611474931240082,0.0,0.0,0.0,0.0
1.5565435886383057,-0.30020931363105774,-1.2281103134155273,0.0,0.0,-0.0007398809539154172,-0.17144770920276642,0.0,0.0,0.0030678878812730394,0.032136901602374805,-0.035553205758333206,0.08611474931240082,0.0,0.0,0.0,0.0
1.5587730407714844,-0.30020931363105774,-1.2281103134155273,0.0,0.0,-0.0007398809539154172,-0.17144770920276642,0.0,0.0,0.0030678878812730394,0.032136901602374805,-0.035553205758333206,0.08611474931240082,0.0,0.0,0.0,0.0
1.5602788925170898,-0.30020931363105774,-1.2281103134155273,0.0,0.0,-0.0007398809539154172,-0.17144770920276642,0.0,0.0,0.0030678878812730394,0.032136901602374805,-0.035553205758333206,0.08611474931240082,0.0,0.0,0.0,0.0
1.5617825984954834,-0.30020931363105774,-1.2281103134155273,0.0,0.0,-0.0007398809539154172,-0.17144770920276642,0.0,0.0,0.0030678878812730394,0.032136901602374805,-0.035553205758333206,0.08611474931240082,0.0,0.0,0.0,0.0
1.5633392333984375,-0.30020931363105774,-1.2281103134155273,0.0,0.0,-0.0007398809539154172,-0.17144770920276642,0.0,0.0,0.0030678878812730394,0.032136901602374805,-0.035553205758333206,0.08611474931240082,0.0,0.0,0.0,0.0
1.5648002624511719,-0.30020931363105774,-1.2281103134155273,0.0,0.0,-0.0007398809539154172,-0.17144770920276642,0.0,0.0,0.0030678878812730394,0.032136901602374805,-0.035553205758333206,0.08611474931240082,0.0,0.0,0.0,0.0
1.566263198852539,-0.30020931363105774,-1.2281103134155273,0.0,0.0,-0.0007398809539154172,-0.17144770920276642,0.0,0.0,0.0030678878812730394,0.032136901602374805,-0.035553205758333206,0.08611474931240082,0.0,0.0,0.0,0.0
1.5684010982513428,-0.30020931363105774,-1.2281103134155273,0.0,0.0,-0.0007398809539154172,-0.17144770920276642,0.0,0.0,0.0030678878812730394,0.032136901602374805,-0.035553205758333206,0.08611474931240082,0.0,0.0,0.0,0.0
1.5700786113739014,-0.30020931363105774,-1.2281103134155273,0.0,0.0,-0.0007398809539154172,-0.17144770920276642,0.0,0.0,0.0030678878812730394,0.032136901602374805,-0.035553205758333206,0.08611474931240082,0.0,0.0,0.0,0.0
1.5715763568878174,-0.30020931363105774,-1.2281103134155273,0.0,0.0,-0.0007398809539154172,-0.17144770920276642,0.0,0.0,0.0030678878812730394,0.032136901602374805,-0.035553205758333206,0.08611474931240082,0.0,0.0,0.0,0.0
1.5735673904418945,-0.30020931363105774,-1.2281103134155273,0.0,0.0,-0.0007398809539154172,-0.17144770920276642,0.0,0.0,0.0030678878812730394,0.032136901602374805,-0.035553205758333206,0.08611474931240082,0.0,0.0,0.0,0.0
1.5758652687072754,-0.30020931363105774,-1.2281103134155273,0.0,0.0,-0.0007398809539154172,-0.17144770920276642,0.0,0.0,0.0030678878812730394,0.032136901602374805,-0.035553205758333206,0.08611474931240082,0.0,0.0,0.0,0.0
1.5773460865020752,-0.30020931363105774,-1.2281103134155273,0.0,0.0,-0.0007398809539154172,-0.17144770920276642,0.0,0.0,0.0030678878812730394,0.032136901602374805,-0.035553205758333206,0.08611474931240082,0.0,0.0,0.0,0.0
1.578756332397461,-0.30020931363105774,-1.2281103134155273,0.0,0.0,-0.0007398809539154172,-0.17144770920276642,0.0,0.0,0.0030678878812730394,0.032136901602374805,-0.035553205758333206,0.08611474931240082,0.0,0.0,0.0,0.0
1.5801730155944824,-0.30020931363105774,-1.2281103134155273,0.0,0.0,-0.0007398809539154172,-0.17144770920276642,0.0,0.0,0.0030678878812730394,0.032136901602374805,-0.035553205758333206,0.08611474931240082,0.0,0.0,0.0,0.0
1.5821919441223145,-0.30020931363105774,-1.2281103134155273,0.0,0.0,-0.0007398809539154172,-0.17144770920276642,0.0,0.0,0.0030678878812730394,0.032136901602374805,-0.035553205758333206,0.08611474931240082,0.0,0.0,0.0,0.0
1.5837488174438477,-0.30020931363105774,-1.2281103134155273,0.0,0.0,-0.0007398809539154172,-0.17144770920276642,0.0,0.0,0.0030678878812730394,0.032136901602374805,-0.035553205758333206,0.08611474931240082,0.0,0.0,0.0,0.0
1.5852510929107666,-0.30020931363105774,-1.2281103134155273,0.0,0.0,-0.0007398809539154172,-0.17144770920276642,0.0,0.0,0.0030678878812730394,0.032136901602374805,-0.035553205758333206,0.08611474931240082,0.0,0.0,0.0,0.0
1.5867574214935303,-0.30020931363105774,-1.2281103134155273,0.0,0.0,-0.0007398809539154172,-0.17144770920276642,0.0,0.0,0.0030678878812730394,0.032136901602374805,-0.035553205758333206,0.08611474931240082,0.0,0.0,0.0,0.0
1.5883815288543701,-0.30020931363105774,-1.2281103134155273,0.0,0.0,-0.0007398809539154172,-0.17144770920276642,0.0,0.0,0.0030678878812730394,0.032136901602374805,-0.035553205758333206,0.08611474931240082,0.0,0.0,0.0,0.0
1.5899949073791504,-0.30020931363105774,-1.2281103134155273,0.0,0.0,-0.0007398809539154172,-0.17144770920276642,0.0,0.0,0.0030678878812730394,0.032136901602374805,-0.035553205758333206,0.08611474931240082,0.0,0.0,0.0,0.0
1.592618465423584,-0.30020931363105774,-1.2281103134155273,0.0,0.0,-0.0007398809539154172,-0.17144770920276642,0.0,0.0,0.0030678878812730394,0.032136901602374805,-0.035553205758333206,0.08611474931240082,0.0,0.0,0.0,0.0
1.5942070484161377,-0.30020931363105774,-1.2281103134155273,0.0,0.0,-0.0007398809539154172,-0.17144770920276642,0.0,0.0,0.0030678878812730394,0.032136901602374805,-0.035553205758333206,0.08611474931240082,0.0,0.0,0.0,0.0
1.5957281589508057,-0.30020931363105774,-1.2281103134155273,0.0,0.0,-0.0007398809539154172,-0.17144770920276642,0.0,0.0,0.0030678878812730394,0.032136901602374805,-0.035553205758333206,0.08611474931240082,0.0,0.0,0.0,0.0
1.5972721576690674,-0.30020931363105774,-1.2281103134155273,0.0,0.0,-0.0007398809539154172,-0.17144770920276642,0.0,0.0,0.0030678878812730394,0.032136901602374805,-0.035553205758333206,0.08611474931240082,0.0,0.0,0.0,0.0
1.5989794731140137,-0.30020931363105774,-1.2281103134155273,0.0,0.0,-0.0007398809539154172,-0.17144770920276642,0.0,0.0,0.0030678878812730394,0.032136901602374805,-0.035553205758333206,0.08611474931240082,0.0,0.0,0.0,0.0
1.6005632877349854,-0.30020931363105774,-1.2281103134155273,0.0,0.0,-0.0007398809539154172,-0.17144770920276642,0.0,0.0,0.0030678878812730394,0.032136901602374805,-0.035553205758333206,0.08611474931240082,0.0,0.0,0.0,0.0
1.6025173664093018,-0.30020931363105774,-1.2281103134155273,0.0,0.0,-0.0007398809539154172,-0.17144770920276642,0.0,0.0,0.0030678878812730394,0.032136901602374805,-0.035553205758333206,0.08611474931240082,0.0,0.0,0.0,0.0
1.6041436195373535,-0.30020931363105774,-1.2281103134155273,0.0,0.0,-0.0007398809539154172,-0.17144770920276642,0.0,0.0,0.0030678878812730394,0.032136901602374805,-0.035553205758333206,0.08611474931240082,0.0,0.0,0.0,0.0
1.605574369430542,-0.30020931363105774,-1.2281103134155273,0.0,0.0,-0.0007398809539154172,-0.17144770920276642,0.0,0.0,0.0030678878812730394,0.032136901602374805,-0.035553205758333206,0.08611474931240082,0.0,0.0,0.0,0.0
1.606966257095337,-0.30020931363105774,-1.2281103134155273,0.0,0.0,-0.0007398809539154172,-0.17144770920276642,0.0,0.0,0.0030678878812730394,0.032136901602374805,-0.035553205758333206,0.08611474931240082,0.0,0.0,0.0,0.0
1.6085619926452637,-0.30020931363105774,-1.2281103134155273,0.0,0.0,-0.0007398809539154172,-0.17144770920276642,0.0,0.0,0.0030678878812730394,0.032136901602374805,-0.035553205758333206,0.08611474931240082,0.0,0.0,0.0,0.0
1.6099607944488525,-0.30020931363105774,-1.2281103134155273,0.0,0.0,-0.0007398809539154172,-0.17144770920276642,0.0,0.0,0.0030678878812730394,0.032136901602374805,-0.035553205758333206,0.08611474931240082,0.0,0.0,0.0,0.0
1.611361026763916,-0.30020931363105774,-1.2281103134155273,0.0,0.0,-0.0007398809539154172,-0.17144770920276642,0.0,0.0,0.0030678878812730394,0.032136901602374805,-0.035553205758333206,0.08611474931240082,0.0,0.0,0.0,0.0
1.6132023334503174,-0.30020931363105774,-1.2281103134155273,0.0,0.0,-0.0007398809539154172,-0.17144770920276642,0.0,0.0,0.0030678878812730394,0.032136901602374805,-0.035553205758333206,0.08611474931240082,0.0,0.0,0.0,0.0
1.6145710945129395,-0.30020931363105774,-1.2281103134155273,0.0,0.0,-0.0007398809539154172,-0.17144770920276642,0.0,0.0,0.0030678878812730394,0.032136901602374805,-0.035553205758333206,0.08611474931240082,0.0,0.0,0.0,0.0
1.6160283088684082,-0.30020931363105774,-1.2281103134155273,0.0,0.0,-0.0007398809539154172,-0.17144770920276642,0.0,0.0,0.0030678878812730394,0.032136901602374805,-0.035553205758333206,0.08611474931240082,0.0,0.0,0.0,0.0
1.6173949241638184,-0.30020931363105774,-1.2281103134155273,0.0,0.0,-0.0007398809539154172,-0.17144770920276642,0.0,0.0,0.0030678878812730394,0.032136901602374805,-0.035553205758333206,0.08611474931240082,0.0,0.0,0.0,0.0
1.61934232711792,-0.30020931363105774,-1.2281103134155273,0.0,0.0,-0.0007398809539154172,-0.17144770920276642,0.0,0.0,0.0030678878812730394,0.032136901602374805,-0.035553205758333206,0.08611474931240082,0.0,0.0,0.0,0.0
1.620732069015503,-0.30020931363105774,-1.2281103134155273,0.0,0.0,-0.0007398809539154172,-0.17144770920276642,0.0,0.0,0.0030678878812730394,0.032136901602374805,-0.035553205758333206,0.08611474931240082,0.0,0.0,0.0,0.0
1.6230459213256836,-0.30020931363105774,-1.2281103134155273,0.0,0.0,-0.0007398809539154172,-0.17144770920276642,0.0,0.0,0.0030678878812730394,0.032136901602374805,-0.035553205758333206,0.08611474931240082,0.0,0.0,0.0,0.0
1.6246774196624756,-0.30020931363105774,-1.2281103134155273,0.0,0.0,-0.0007398809539154172,-0.17144770920276642,0.0,0.0,0.0030678878812730394,0.032136901602374805,-0.035553205758333206,0.08611474931240082,0.0,0.0,0.0,0.0
1.626774787902832,-0.30020931363105774,-1.2281103134155273,0.0,0.0,-0.0007398809539154172,-0.17144770920276642,0.0,0.0,0.0030678878812730394,0.032136901602374805,-0.035553205758333206,0.08611474931240082,0.0,0.0,0.0,0.0
1.6285550594329834,-0.30020931363105774,-1.2281103134155273,0.0,0.0,-0.0007398809539154172,-0.17144770920276642,0.0,0.0,0.0030678878812730394,0.032136901602374805,-0.035553205758333206,0.08611474931240082,0.0,0.0,0.0,0.0
1.6306655406951904,-0.30020931363105774,-1.2281103134155273,0.0,0.0,-0.0007398809539154172,-0.17144770920276642,0.0,0.0,0.0030678878812730394,0.032136901602374805,-0.035553205758333206,0.08611474931240082,0.0,0.0,0.0,0.0
1.6322567462921143,-0.30020931363105774,-1.2281103134155273,0.0,0.0,-0.0007398809539154172,-0.17144770920276642,0.0,0.0,0.0030678878812730394,0.032136901602374805,-0.035553205758333206,0.08611474931240082,0.0,0.0,0.0,0.0
1.6337971687316895,-0.30020931363105774,-1.2281103134155273,0.0,0.0,-0.0007398809539154172,-0.17144770920276642,0.0,0.0,0.0030678878812730394,0.032136901602374805,-0.035553205758333206,0.08611474931240082,0.0,0.0,0.0,0.0
1.6357336044311523,-0.30020931363105774,-1.2281103134155273,0.0,0.0,-0.0007398809539154172,-0.17144770920276642,0.0,0.0,0.0030678878812730394,0.032136901602374805,-0.035553205758333206,0.08611474931240082,0.0,0.0,0.0,0.0
1.6373240947723389,-0.30020931363105774,-1.2281103134155273,0.0,0.0,-0.0007398809539154172,-0.17144770920276642,0.0,0.0,0.0030678878812730394,0.032136901602374805,-0.035553205758333206,0.08611474931240082,0.0,0.0,0.0,0.0
1.6388425827026367,-0.30020931363105774,-1.2281103134155273,0.0,0.0,-0.0007398809539154172,-0.17144770920276642,0.0,0.0,0.0030678878812730394,0.032136901602374805,-0.035553205758333206,0.08611474931240082,0.0,0.0,0.0,0.0
1.6403899192810059,-0.30020931363105774,-1.2281103134155273,0.0,0.0,-0.0007398809539154172,-0.17144770920276642,0.0,0.0,0.0030678878812730394,0.032136901602374805,-0.035553205758333206,0.08611474931240082,0.0,0.0,0.0,0.0
1.6418867111206055,-0.30020931363105774,-1.2281103134155273,0.0,0.0,-0.0007398809539154172,-0.17144770920276642,0.0,0.0,0.0030678878812730394,0.032136901602374805,-0.035553205758333206,0.08611474931240082,0.0,0.0,0.0,0.0
1.6435396671295166,-0.30020931363105774,-1.2281103134155273,0.0,0.0,-0.0007398809539154172,-0.17144770920276642,0.0,0.0,0.0030678878812730394,0.032136901602374805,-0.035553205758333206,0.08611474931240082,0.0,0.0,0.0,0.0
1.6452536582946777,-0.30020931363105774,-1.2281103134155273,0.0,0.0,-0.0007398809539154172,-0.17144770920276642,0.0,0.0,0.0030678878812730394,0.032136901602374805,-0.035553205758333206,0.08611474931240082,0.0,0.0,0.0,0.0
1.6474461555480957,-0.30020931363105774,-1.2281103134155273,0.0,0.0,-0.0007398809539154172,-0.17144770920276642,0.0,0.0,0.0030678878812730394,0.032136901602374805,-0.035553205758333206,0.08611474931240082,0.0,0.0,0.0,0.0
1.6491167545318604,-0.30020931363105774,-1.2281103134155273,0.0,0.0,-0.0007398809539154172,-0.17144770920276642,0.0,0.0,0.0030678878812730394,0.032136901602374805,-0.035553205758333206,0.08611474931240082,0.0,0.0,0.0,0.0
1.6508007049560547,-0.30020931363105774,-1.2281103134155273,0.0,0.0,-0.0007398809539154172,-0.17144770920276642,0.0,0.0,0.0030678878812730394,0.032136901602374805,-0.035553205758333206,0.08611474931240082,0.0,0.0,0.0,0.0
1.652637004852295,-0.30020931363105774,-1.2281103134155273,0.0,0.0,-0.0007398809539154172,-0.17144770920276642,0.0,0.0,0.0030678878812730394,0.032136901602374805,-0.035553205758333206,0.08611474931240082,0.0,0.0,0.0,0.0
1.6547744274139404,-0.30020931363105774,-1.2281103134155273,0.0,0.0,-0.0007398809539154172,-0.17144770920276642,0.0,0.0,0.0030678878812730394,0.032136901602374805,-0.035553205758333206,0.08611474931240082,0.0,0.0,0.0,0.0
1.6568646430969238,-0.30020931363105774,-1.2281103134155273,0.0,0.0,-0.0007398809539154172,-0.17144770920276642,0.0,0.0,0.0030678878812730394,0.032136901602374805,-0.035553205758333206,0.08611474931240082,0.0,0.0,0.0,0.0
1.6585180759429932,-0.30020931363105774,-1.2281103134155273,0.0,0.0,-0.0007398809539154172,-0.17144770920276642,0.0,0.0,0.0030678878812730394,0.032136901602374805,-0.035553205758333206,0.08611474931240082,0.0,0.0,0.0,0.0
1.660306453704834,-0.30020931363105774,-1.2281103134155273,0.0,0.0,-0.0007398809539154172,-0.17144770920276642,0.0,0.0,0.0030678878812730394,0.032136901602374805,-0.035553205758333206,0.08611474931240082,0.0,0.0,0.0,0.0
1.662034273147583,-0.30020931363105774,-1.2281103134155273,0.0,0.0,-0.0007398809539154172,-0.17144770920276642,0.0,0.0,0.0030678878812730394,0.032136901602374805,-0.035553205758333206,0.08611474931240082,0.0,0.0,0.0,0.0
1.6638028621673584,-0.30020931363105774,-1.2281103134155273,0.0,0.0,-0.0007398809539154172,-0.17144770920276642,0.0,0.0,0.0030678878812730394,0.032136901602374805,-0.035553205758333206,0.08611474931240082,0.0,0.0,0.0,0.0
1.665978193283081,-0.30020931363105774,-1.2281103134155273,0.0,0.0,-0.0007398809539154172,-0.17144770920276642,0.0,0.0,0.0030678878812730394,0.032136901602374805,-0.035553205758333206,0.08611474931240082,0.0,0.0,0.0,0.0
1.6678180694580078,-0.30020931363105774,-1.2281103134155273,0.0,0.0,-0.0007398809539154172,-0.17144770920276642,0.0,0.0,0.0030678878812730394,0.032136901602374805,-0.035553205758333206,0.08611474931240082,0.0,0.0,0.0,0.0
1.6704816818237305,-0.30020931363105774,-1.2281103134155273,0.0,0.0,-0.0007398809539154172,-0.17144770920276642,0.0,0.0,0.0030678878812730394,0.032136901602374805,-0.035553205758333206,0.08611474931240082,0.0,0.0,0.0,0.0
1.6724436283111572,-0.30020931363105774,-1.2281103134155273,0.0,0.0,-0.0007398809539154172,-0.17144770920276642,0.0,0.0,0.0030678878812730394,0.032136901602374805,-0.035553205758333206,0.08611474931240082,0.0,0.0,0.0,0.0
1.6746926307678223,-0.30020931363105774,-1.2281103134155273,0.0,0.0,-0.0007398809539154172,-0.17144770920276642,0.0,0.0,0.0030678878812730394,0.032136901602374805,-0.035553205758333206,0.08611474931240082,0.0,0.0,0.0,0.0
1.6764795780181885,-0.30020931363105774,-1.2281103134155273,0.0,0.0,-0.0007398809539154172,-0.17144770920276642,0.0,0.0,0.0030678878812730394,0.032136901602374805,-0.035553205758333206,0.08611474931240082,0.0,0.0,0.0,0.0
1.6782546043395996,-0.30020931363105774,-1.2281103134155273,0.0,0.0,-0.0007398809539154172,-0.17144770920276642,0.0,0.0,0.0030678878812730394,0.032136901602374805,-0.035553205758333206,0.08611474931240082,0.0,0.0,0.0,0.0
1.6800272464752197,-0.30020931363105774,-1.2281103134155273,0.0,0.0,-0.0007398809539154172,-0.17144770920276642,0.0,0.0,0.0030678878812730394,0.032136901602374805,-0.035553205758333206,0.08611474931240082,0.0,0.0,0.0,0.0
1.681833267211914,-0.30020931363105774,-1.2281103134155273,0.0,0.0,-0.0007398809539154172,-0.17144770920276642,0.0,0.0,0.0030678878812730394,0.032136901602374805,-0.035553205758333206,0.08611474931240082,0.0,0.0,0.0,0.0
1.6841809749603271,-0.30020931363105774,-1.2281103134155273,0.0,0.0,-0.0007398809539154172,-0.17144770920276642,0.0,0.0,0.0030678878812730394,0.032136901602374805,-0.035553205758333206,0.08611474931240082,0.0,0.0,0.0,0.0
1.6859946250915527,-0.30020931363105774,-1.2281103134155273,0.0,0.0,-0.0007398809539154172,-0.17144770920276642,0.0,0.0,0.0030678878812730394,0.032136901602374805,-0.035553205758333206,0.08611474931240082,0.0,0.0,0.0,0.0
1.688509464263916,-0.30020931363105774,-1.2281103134155273,0.0,0.0,-0.0007398809539154172,-0.17144770920276642,0.0,0.0,0.0030678878812730394,0.032136901602374805,-0.035553205758333206,0.08611474931240082,0.0,0.0,0.0,0.0
1.6901428699493408,-0.30020931363105774,-1.2281103134155273,0.0,0.0,-0.0007398809539154172,-0.17144770920276642,0.0,0.0,0.0030678878812730394,0.032136901602374805,-0.035553205758333206,0.08611474931240082,0.0,0.0,0.0,0.0
1.6916186809539795,-0.30020931363105774,-1.2281103134155273,0.0,0.0,-0.0007398809539154172,-0.17144770920276642,0.0,0.0,0.0030678878812730394,0.032136901602374805,-0.035553205758333206,0.08611474931240082,0.0,0.0,0.0,0.0
1.6931698322296143,-0.30020931363105774,-1.2281103134155273,0.0,0.0,-0.0007398809539154172,-0.17144770920276642,0.0,0.0,0.0030678878812730394,0.032136901602374805,-0.035553205758333206,0.08611474931240082,0.0,0.0,0.0,0.0
1.6945316791534424,-0.30020931363105774,-1.2281103134155273,0.0,0.0,-0.0007398809539154172,-0.17144770920276642,0.0,0.0,0.0030678878812730394,0.032136901602374805,-0.035553205758333206,0.08611474931240082,0.0,0.0,0.0,0.0
1.6959731578826904,-0.30020931363105774,-1.2281103134155273,0.0,0.0,-0.0007398809539154172,-0.17144770920276642,0.0,0.0,0.0030678878812730394,0.032136901602374805,-0.035553205758333206,0.08611474931240082,0.0,0.0,0.0,0.0
1.6973357200622559,-0.30020931363105774,-1.2281103134155273,0.0,0.0,-0.0007398809539154172,-0.17144770920276642,0.0,0.0,0.0030678878812730394,0.032136901602374805,-0.035553205758333206,0.08611474931240082,0.0,0.0,0.0,0.0
1.6987125873565674,-0.30020931363105774,-1.2281103134155273,0.0,0.0,-0.0007398809539154172,-0.17144770920276642,0.0,0.0,0.0030678878812730394,0.032136901602374805,-0.035553205758333206,0.08611474931240082,0.0,0.0,0.0,0.0
1.7000858783721924,-0.30020931363105774,-1.2281103134155273,0.0,0.0,-0.0007398809539154172,-0.17144770920276642,0.0,0.0,0.0030678878812730394,0.032136901602374805,-0.035553205758333206,0.08611474931240082,0.0,0.0,0.0,0.0
1.7014319896697998,-0.30020931363105774,-1.2281103134155273,0.0,0.0,-0.0007398809539154172,-0.17144770920276642,0.0,0.0,0.0030678878812730394,0.032136901602374805,-0.035553205758333206,0.08611474931240082,0.0,0.0,0.0,0.0
1.7027852535247803,-0.30020931363105774,-1.2281103134155273,0.0,0.0,-0.0007398809539154172,-0.17144770920276642,0.0,0.0,0.0030678878812730394,0.032136901602374805,-0.035553205758333206,0.08611474931240082,0.0,0.0,0.0,0.0
1.7044494152069092,-0.30020931363105774,-1.2281103134155273,0.0,0.0,-0.0007398809539154172,-0.17144770920276642,0.0,0.0,0.0030678878812730394,0.032136901602374805,-0.035553205758333206,0.08611474931240082,0.0,0.0,0.0,0.0
1.7058324813842773,-0.30020931363105774,-1.2281103134155273,0.0,0.0,-0.0007398809539154172,-0.17144770920276642,0.0,0.0,0.0030678878812730394,0.032136901602374805,-0.035553205758333206,0.08611474931240082,0.0,0.0,0.0,0.0
1.7072670459747314,-0.30020931363105774,-1.2281103134155273,0.0,0.0,-0.0007398809539154172,-0.17144770920276642,0.0,0.0,0.0030678878812730394,0.032136901602374805,-0.035553205758333206,0.08611474931240082,0.0,0.0,0.0,0.0
1.7087411880493164,-0.30020931363105774,-1.2281103134155273,0.0,0.0,-0.0007398809539154172,-0.17144770920276642,0.0,0.0,0.0030678878812730394,0.032136901602374805,-0.035553205758333206,0.08611474931240082,0.0,0.0,0.0,0.0
1.7103338241577148,-0.30020931363105774,-1.2281103134155273,0.0,0.0,-0.0007398809539154172,-0.17144770920276642,0.0,0.0,0.0030678878812730394,0.032136901602374805,-0.035553205758333206,0.08611474931240082,0.0,0.0,0.0,0.0
1.7117938995361328,-0.30020931363105774,-1.2281103134155273,0.0,0.0,-0.0007398809539154172,-0.17144770920276642,0.0,0.0,0.0030678878812730394,0.032136901602374805,-0.035553205758333206,0.08611474931240082,0.0,0.0,0.0,0.0
1.7135202884674072,-0.30020931363105774,-1.2281103134155273,0.0,0.0,-0.0007398809539154172,-0.17144770920276642,0.0,0.0,0.0030678878812730394,0.032136901602374805,-0.035553205758333206,0.08611474931240082,0.0,0.0,0.0,0.0
1.7151451110839844,-0.30020931363105774,-1.2281103134155273,0.0,0.0,-0.0007398809539154172,-0.17144770920276642,0.0,0.0,0.0030678878812730394,0.032136901602374805,-0.035553205758333206,0.08611474931240082,0.0,0.0,0.0,0.0
1.716567039489746,-0.30020931363105774,-1.2281103134155273,0.0,0.0,-0.0007398809539154172,-0.17144770920276642,0.0,0.0,0.0030678878812730394,0.032136901602374805,-0.035553205758333206,0.08611474931240082,0.0,0.0,0.0,0.0
1.7179944515228271,-0.30020931363105774,-1.2281103134155273,0.0,0.0,-0.0007398809539154172,-0.17144770920276642,0.0,0.0,0.0030678878812730394,0.032136901602374805,-0.035553205758333206,0.08611474931240082,0.0,0.0,0.0,0.0
1.7196760177612305,-0.30020931363105774,-1.2281103134155273,0.0,0.0,-0.0007398809539154172,-0.17144770920276642,0.0,0.0,0.0030678878812730394,0.032136901602374805,-0.035553205758333206,0.08611474931240082,0.0,0.0,0.0,0.0
1.721512794494629,-0.30020931363105774,-1.2281103134155273,0.0,0.0,-0.0007398809539154172,-0.17144770920276642,0.0,0.0,0.0030678878812730394,0.032136901602374805,-0.035553205758333206,0.08611474931240082,0.0,0.0,0.0,0.0
1.7230052947998047,-0.30020931363105774,-1.2281103134155273,0.0,0.0,-0.0007398809539154172,-0.17144770920276642,0.0,0.0,0.0030678878812730394,0.032136901602374805,-0.035553205758333206,0.08611474931240082,0.0,0.0,0.0,0.0
1.724491834640503,-0.30020931363105774,-1.2281103134155273,0.0,0.0,-0.0007398809539154172,-0.17144770920276642,0.0,0.0,0.0030678878812730394,0.032136901602374805,-0.035553205758333206,0.08611474931240082,0.0,0.0,0.0,0.0
1.726088523864746,-0.30020931363105774,-1.2281103134155273,0.0,0.0,-0.0007398809539154172,-0.17144770920276642,0.0,0.0,0.0030678878812730394,0.032136901602374805,-0.035553205758333206,0.08611474931240082,0.0,0.0,0.0,0.0
1.728484869003296,-0.30020931363105774,-1.2281103134155273,0.0,0.0,-0.0007398809539154172,-0.17144770920276642,0.0,0.0,0.0030678878812730394,0.032136901602374805,-0.035553205758333206,0.08611474931240082,0.0,0.0,0.0,0.0
1.7301936149597168,-0.30020931363105774,-1.2281103134155273,0.0,0.0,-0.0007398809539154172,-0.17144770920276642,0.0,0.0,0.0030678878812730394,0.032136901602374805,-0.035553205758333206,0.08611474931240082,0.0,0.0,0.0,0.0
1.7318487167358398,-0.30020931363105774,-1.2281103134155273,0.0,0.0,-0.0007398809539154172,-0.17144770920276642,0.0,0.0,0.0030678878812730394,0.032136901602374805,-0.035553205758333206,0.08611474931240082,0.0,0.0,0.0,0.0
1.7333219051361084,-0.30020931363105774,-1.2281103134155273,0.0,0.0,-0.0007398809539154172,-0.17144770920276642,0.0,0.0,0.0030678878812730394,0.032136901602374805,-0.035553205758333206,0.08611474931240082,0.0,0.0,0.0,0.0
1.7347960472106934,-0.30020931363105774,-1.2281103134155273,0.0,0.0,-0.0007398809539154172,-0.17144770920276642,0.0,0.0,0.0030678878812730394,0.032136901602374805,-0.035553205758333206,0.08611474931240082,0.0,0.0,0.0,0.0
1.7362592220306396,-0.30020931363105774,-1.2281103134155273,0.0,0.0,-0.0007398809539154172,-0.17144770920276642,0.0,0.0,0.0030678878812730394,0.032136901602374805,-0.035553205758333206,0.08611474931240082,0.0,0.0,0.0,0.0
1.7380619049072266,-0.30020931363105774,-1.2281103134155273,0.0,0.0,-0.0007398809539154172,-0.17144770920276642,0.0,0.0,0.0030678878812730394,0.032136901602374805,-0.035553205758333206,0.08611474931240082,0.0,0.0,0.0,0.0
1.7395424842834473,-0.30020931363105774,-1.2281103134155273,0.0,0.0,-0.0007398809539154172,-0.17144770920276642,0.0,0.0,0.0030678878812730394,0.032136901602374805,-0.035553205758333206,0.08611474931240082,0.0,0.0,0.0,0.0
1.741119623184204,-0.30020931363105774,-1.2281103134155273,0.0,0.0,-0.0007398809539154172,-0.17144770920276642,0.0,0.0,0.0030678878812730394,0.032136901602374805,-0.035553205758333206,0.08611474931240082,0.0,0.0,0.0,0.0
1.7425806522369385,-0.30020931363105774,-1.2281103134155273,0.0,0.0,-0.0007398809539154172,-0.17144770920276642,0.0,0.0,0.0030678878812730394,0.032136901602374805,-0.035553205758333206,0.08611474931240082,0.0,0.0,0.0,0.0
1.7439854145050049,-0.30020931363105774,-1.2281103134155273,0.0,0.0,-0.0007398809539154172,-0.17144770920276642,0.0,0.0,0.0030678878812730394,0.032136901602374805,-0.035553205758333206,0.08611474931240082,0.0,0.0,0.0,0.0
1.745387077331543,-0.30020931363105774,-1.2281103134155273,0.0,0.0,-0.0007398809539154172,-0.17144770920276642,0.0,0.0,0.0030678878812730394,0.032136901602374805,-0.035553205758333206,0.08611474931240082,0.0,0.0,0.0,0.0
1.7468962669372559,-0.30020931363105774,-1.2281103134155273,0.0,0.0,-0.0007398809539154172,-0.17144770920276642,0.0,0.0,0.0030678878812730394,0.032136901602374805,-0.035553205758333206,0.08611474931240082,0.0,0.0,0.0,0.0
1.748356580734253,-0.30020931363105774,-1.2281103134155273,0.0,0.0,-0.0007398809539154172,-0.17144770920276642,0.0,0.0,0.0030678878812730394,0.032136901602374805,-0.035553205758333206,0.08611474931240082,0.0,0.0,0.0,0.0
1.749807357788086,-0.30020931363105774,-1.2281103134155273,0.0,0.0,-0.0007398809539154172,-0.17144770920276642,0.0,0.0,0.0030678878812730394,0.032136901602374805,-0.035553205758333206,0.08611474931240082,0.0,0.0,0.0,0.0
1.7512435913085938,-0.30020931363105774,-1.2281103134155273,0.0,0.0,-0.0007398809539154172,-0.17144770920276642,0.0,0.0,0.0030678878812730394,0.032136901602374805,-0.035553205758333206,0.08611474931240082,0.0,0.0,0.0,0.0
1.7527494430541992,-0.30020931363105774,-1.2281103134155273,0.0,0.0,-0.0007398809539154172,-0.17144770920276642,0.0,0.0,0.0030678878812730394,0.032136901602374805,-0.035553205758333206,0.08611474931240082,0.0,0.0,0.0,0.0
1.7542314529418945,-0.30020931363105774,-1.2281103134155273,0.0,0.0,-0.0007398809539154172,-0.17144770920276642,0.0,0.0,0.0030678878812730394,0.032136901602374805,-0.035553205758333206,0.08611474931240082,0.0,0.0,0.0,0.0
1.755758285522461,-0.30020931363105774,-1.2281103134155273,0.0,0.0,-0.0007398809539154172,-0.17144770920276642,0.0,0.0,0.0030678878812730394,0.032136901602374805,-0.035553205758333206,0.08611474931240082,0.0,0.0,0.0,0.0
1.7574903964996338,-0.30020931363105774,-1.2281103134155273,0.0,0.0,-0.0007398809539154172,-0.17144770920276642,0.0,0.0,0.0030678878812730394,0.032136901602374805,-0.035553205758333206,0.08611474931240082,0.0,0.0,0.0,0.0
1.7593355178833008,-0.30020931363105774,-1.2281103134155273,0.0,0.0,-0.0007398809539154172,-0.17144770920276642,0.0,0.0,0.0030678878812730394,0.032136901602374805,-0.035553205758333206,0.08611474931240082,0.0,0.0,0.0,0.0
1.7612929344177246,-0.30020931363105774,-1.2281103134155273,0.0,0.0,-0.0007398809539154172,-0.17144770920276642,0.0,0.0,0.0030678878812730394,0.032136901602374805,-0.035553205758333206,0.08611474931240082,0.0,0.0,0.0,0.0
1.7628307342529297,-0.30020931363105774,-1.2281103134155273,0.0,0.0,-0.0007398809539154172,-0.17144770920276642,0.0,0.0,0.0030678878812730394,0.032136901602374805,-0.035553205758333206,0.08611474931240082,0.0,0.0,0.0,0.0
1.7644309997558594,-0.30020931363105774,-1.2281103134155273,0.0,0.0,-0.0007398809539154172,-0.17144770920276642,0.0,0.0,0.0030678878812730394,0.032136901602374805,-0.035553205758333206,0.08611474931240082,0.0,0.0,0.0,0.0
1.766486644744873,-0.30020931363105774,-1.2281103134155273,0.0,0.0,-0.0007398809539154172,-0.17144770920276642,0.0,0.0,0.0030678878812730394,0.032136901602374805,-0.035553205758333206,0.08611474931240082,0.0,0.0,0.0,0.0
1.7686598300933838,-0.30020931363105774,-1.2281103134155273,0.0,0.0,-0.0007398809539154172,-0.17144770920276642,0.0,0.0,0.0030678878812730394,0.032136901602374805,-0.035553205758333206,0.08611474931240082,0.0,0.0,0.0,0.0
1.770164966583252,-0.30020931363105774,-1.2281103134155273,0.0,0.0,-0.0007398809539154172,-0.17144770920276642,0.0,0.0,0.0030678878812730394,0.032136901602374805,-0.035553205758333206,0.08611474931240082,0.0,0.0,0.0,0.0
1.7720685005187988,-0.30020931363105774,-1.2281103134155273,0.0,0.0,-0.0007398809539154172,-0.17144770920276642,0.0,0.0,0.0030678878812730394,0.032136901602374805,-0.035553205758333206,0.08611474931240082,0.0,0.0,0.0,0.0
1.774294137954712,-0.30020931363105774,-1.2281103134155273,0.0,0.0,-0.0007398809539154172,-0.17144770920276642,0.0,0.0,0.0030678878812730394,0.032136901602374805,-0.035553205758333206,0.08611474931240082,0.0,0.0,0.0,0.0
1.7758677005767822,-0.30020931363105774,-1.2281103134155273,0.0,0.0,-0.0007398809539154172,-0.17144770920276642,0.0,0.0,0.0030678878812730394,0.032136901602374805,-0.035553205758333206,0.08611474931240082,0.0,0.0,0.0,0.0
1.777358055114746,-0.30020931363105774,-1.2281103134155273,0.0,0.0,-0.0007398809539154172,-0.17144770920276642,0.0,0.0,0.0030678878812730394,0.032136901602374805,-0.035553205758333206,0.08611474931240082,0.0,0.0,0.0,0.0
1.7790555953979492,-0.30020931363105774,-1.2281103134155273,0.0,0.0,-0.0007398809539154172,-0.17144770920276642,0.0,0.0,0.0030678878812730394,0.032136901602374805,-0.035553205758333206,0.08611474931240082,0.0,0.0,0.0,0.0
1.7807996273040771,-0.30020931363105774,-1.2281103134155273,0.0,0.0,-0.0007398809539154172,-0.17144770920276642,0.0,0.0,0.0030678878812730394,0.032136901602374805,-0.035553205758333206,0.08611474931240082,0.0,0.0,0.0,0.0
1.782480001449585,-0.30020931363105774,-1.2281103134155273,0.0,0.0,-0.0007398809539154172,-0.17144770920276642,0.0,0.0,0.0030678878812730394,0.032136901602374805,-0.035553205758333206,0.08611474931240082,0.0,0.0,0.0,0.0
1.784069299697876,-0.30020931363105774,-1.2281103134155273,0.0,0.0,-0.0007398809539154172,-0.17144770920276642,0.0,0.0,0.0030678878812730394,0.032136901602374805,-0.035553205758333206,0.08611474931240082,0.0,0.0,0.0,0.0
1.7857246398925781,-0.30020931363105774,-1.2281103134155273,0.0,0.0,-0.0007398809539154172,-0.17144770920276642,0.0,0.0,0.0030678878812730394,0.032136901602374805,-0.035553205758333206,0.08611474931240082,0.0,0.0,0.0,0.0
1.7874152660369873,-0.30020931363105774,-1.2281103134155273,0.0,0.0,-0.0007398809539154172,-0.17144770920276642,0.0,0.0,0.0030678878812730394,0.032136901602374805,-0.035553205758333206,0.08611474931240082,0.0,0.0,0.0,0.0
1.7890410423278809,-0.30020931363105774,-1.2281103134155273,0.0,0.0,-0.0007398809539154172,-0.17144770920276642,0.0,0.0,0.0030678878812730394,0.032136901602374805,-0.035553205758333206,0.08611474931240082,0.0,0.0,0.0,0.0
1.7912213802337646,-0.30020931363105774,-1.2281103134155273,0.0,0.0,-0.0007398809539154172,-0.17144770920276642,0.0,0.0,0.0030678878812730394,0.032136901602374805,-0.035553205758333206,0.08611474931240082,0.0,0.0,0.0,0.0
1.793428659439087,-0.30020931363105774,-1.2281103134155273,0.0,0.0,-0.0007398809539154172,-0.17144770920276642,0.0,0.0,0.0030678878812730394,0.032136901602374805,-0.035553205758333206,0.08611474931240082,0.0,0.0,0.0,0.0
1.7951178550720215,-0.30020931363105774,-1.2281103134155273,0.0,0.0,-0.0007398809539154172,-0.17144770920276642,0.0,0.0,0.0030678878812730394,0.032136901602374805,-0.035553205758333206,0.08611474931240082,0.0,0.0,0.0,0.0
1.7966856956481934,-0.30020931363105774,-1.2281103134155273,0.0,0.0,-0.0007398809539154172,-0.17144770920276642,0.0,0.0,0.0030678878812730394,0.032136901602374805,-0.035553205758333206,0.08611474931240082,0.0,0.0,0.0,0.0
1.798590898513794,-0.30020931363105774,-1.2281103134155273,0.0,0.0,-0.0007398809539154172,-0.17144770920276642,0.0,0.0,0.0030678878812730394,0.032136901602374805,-0.035553205758333206,0.08611474931240082,0.0,0.0,0.0,0.0
1.800149917602539,-0.30020931363105774,-1.2281103134155273,0.0,0.0,-0.0007398809539154172,-0.17144770920276642,0.0,0.0,0.0030678878812730394,0.032136901602374805,-0.035553205758333206,0.08611474931240082,0.0,0.0,0.0,0.0
1.801537275314331,-0.30020931363105774,-1.2281103134155273,0.0,0.0,-0.0007398809539154172,-0.17144770920276642,0.0,0.0,0.0030678878812730394,0.032136901602374805,-0.035553205758333206,0.08611474931240082,0.0,0.0,0.0,0.0
1.8029534816741943,-0.30020931363105774,-1.2281103134155273,0.0,0.0,-0.0007398809539154172,-0.17144770920276642,0.0,0.0,0.0030678878812730394,0.032136901602374805,-0.035553205758333206,0.08611474931240082,0.0,0.0,0.0,0.0
1.8043477535247803,-0.30020931363105774,-1.2281103134155273,0.0,0.0,-0.0007398809539154172,-0.17144770920276642,0.0,0.0,0.0030678878812730394,0.032136901602374805,-0.035553205758333206,0.08611474931240082,0.0,0.0,0.0,0.0
1.8058981895446777,-0.30020931363105774,-1.2281103134155273,0.0,0.0,-0.0007398809539154172,-0.17144770920276642,0.0,0.0,0.0030678878812730394,0.032136901602374805,-0.035553205758333206,0.08611474931240082,0.0,0.0,0.0,0.0
1.8073413372039795,-0.30020931363105774,-1.2281103134155273,0.0,0.0,-0.0007398809539154172,-0.17144770920276642,0.0,0.0,0.0030678878812730394,0.032136901602374805,-0.035553205758333206,0.08611474931240082,0.0,0.0,0.0,0.0
1.8087646961212158,-0.30020931363105774,-1.2281103134155273,0.0,0.0,-0.0007398809539154172,-0.17144770920276642,0.0,0.0,0.0030678878812730394,0.032136901602374805,-0.035553205758333206,0.08611474931240082,0.0,0.0,0.0,0.0
1.810335636138916,-0.30020931363105774,-1.2281103134155273,0.0,0.0,-0.0007398809539154172,-0.17144770920276642,0.0,0.0,0.0030678878812730394,0.032136901602374805,-0.035553205758333206,0.08611474931240082,0.0,0.0,0.0,0.0
1.8117876052856445,-0.30020931363105774,-1.2281103134155273,0.0,0.0,-0.0007398809539154172,-0.17144770920276642,0.0,0.0,0.0030678878812730394,0.032136901602374805,-0.035553205758333206,0.08611474931240082,0.0,0.0,0.0,0.0
1.8131763935089111,-0.30020931363105774,-1.2281103134155273,0.0,0.0,-0.0007398809539154172,-0.17144770920276642,0.0,0.0,0.0030678878812730394,0.032136901602374805,-0.035553205758333206,0.08611474931240082,0.0,0.0,0.0,0.0
1.814587116241455,-0.30020931363105774,-1.2281103134155273,0.0,0.0,-0.0007398809539154172,-0.17144770920276642,0.0,0.0,0.0030678878812730394,0.032136901602374805,-0.035553205758333206,0.08611474931240082,0.0,0.0,0.0,0.0
1.816028118133545,-0.30020931363105774,-1.2281103134155273,0.0,0.0,-0.0007398809539154172,-0.17144770920276642,0.0,0.0,0.0030678878812730394,0.032136901602374805,-0.035553205758333206,0.08611474931240082,0.0,0.0,0.0,0.0
1.8175313472747803,-0.30020931363105774,-1.2281103134155273,0.0,0.0,-0.0007398809539154172,-0.17144770920276642,0.0,0.0,0.0030678878812730394,0.032136901602374805,-0.035553205758333206,0.08611474931240082,0.0,0.0,0.0,0.0
1.8189401626586914,-0.30020931363105774,-1.2281103134155273,0.0,0.0,-0.0007398809539154172,-0.17144770920276642,0.0,0.0,0.0030678878812730394,0.032136901602374805,-0.035553205758333206,0.08611474931240082,0.0,0.0,0.0,0.0
1.82035493850708,-0.30020931363105774,-1.2281103134155273,0.0,0.0,-0.0007398809539154172,-0.17144770920276642,0.0,0.0,0.0030678878812730394,0.032136901602374805,-0.035553205758333206,0.08611474931240082,0.0,0.0,0.0,0.0
1.821753978729248,-0.30020931363105774,-1.2281103134155273,0.0,0.0,-0.0007398809539154172,-0.17144770920276642,0.0,0.0,0.0030678878812730394,0.032136901602374805,-0.035553205758333206,0.08611474931240082,0.0,0.0,0.0,0.0
1.8231580257415771,-0.30020931363105774,-1.2281103134155273,0.0,0.0,-0.0007398809539154172,-0.17144770920276642,0.0,0.0,0.0030678878812730394,0.032136901602374805,-0.035553205758333206,0.08611474931240082,0.0,0.0,0.0,0.0
1.8245482444763184,-0.30020931363105774,-1.2281103134155273,0.0,0.0,-0.0007398809539154172,-0.17144770920276642,0.0,0.0,0.0030678878812730394,0.032136901602374805,-0.035553205758333206,0.08611474931240082,0.0,0.0,0.0,0.0
1.826399803161621,-0.30020931363105774,-1.2281103134155273,0.0,0.0,-0.0007398809539154172,-0.17144770920276642,0.0,0.0,0.0030678878812730394,0.032136901602374805,-0.035553205758333206,0.08611474931240082,0.0,0.0,0.0,0.0
1.8282387256622314,-0.30020931363105774,-1.2281103134155273,0.0,0.0,-0.0007398809539154172,-0.17144770920276642,0.0,0.0,0.0030678878812730394,0.032136901602374805,-0.035553205758333206,0.08611474931240082,0.0,0.0,0.0,0.0
1.8301031589508057,-0.30020931363105774,-1.2281103134155273,0.0,0.0,-0.0007398809539154172,-0.17144770920276642,0.0,0.0,0.0030678878812730394,0.032136901602374805,-0.035553205758333206,0.08611474931240082,0.0,0.0,0.0,0.0
1.8315279483795166,-0.30020931363105774,-1.2281103134155273,0.0,0.0,-0.0007398809539154172,-0.17144770920276642,0.0,0.0,0.0030678878812730394,0.032136901602374805,-0.035553205758333206,0.08611474931240082,0.0,0.0,0.0,0.0
1.832977056503296,-0.30020931363105774,-1.2281103134155273,0.0,0.0,-0.0007398809539154172,-0.17144770920276642,0.0,0.0,0.0030678878812730394,0.032136901602374805,-0.035553205758333206,0.08611474931240082,0.0,0.0,0.0,0.0
1.8344149589538574,-0.30020931363105774,-1.2281103134155273,0.0,0.0,-0.0007398809539154172,-0.17144770920276642,0.0,0.0,0.0030678878812730394,0.032136901602374805,-0.035553205758333206,0.08611474931240082,0.0,0.0,0.0,0.0
1.8359959125518799,-0.30020931363105774,-1.2281103134155273,0.0,0.0,-0.0007398809539154172,-0.17144770920276642,0.0,0.0,0.0030678878812730394,0.032136901602374805,-0.035553205758333206,0.08611474931240082,0.0,0.0,0.0,0.0
1.8373842239379883,-0.30020931363105774,-1.2281103134155273,0.0,0.0,-0.0007398809539154172,-0.17144770920276642,0.0,0.0,0.0030678878812730394,0.032136901602374805,-0.035553205758333206,0.08611474931240082,0.0,0.0,0.0,0.0
1.8388910293579102,-0.30020931363105774,-1.2281103134155273,0.0,0.0,-0.0007398809539154172,-0.17144770920276642,0.0,0.0,0.0030678878812730394,0.032136901602374805,-0.035553205758333206,0.08611474931240082,0.0,0.0,0.0,0.0
1.8403129577636719,-0.30020931363105774,-1.2281103134155273,0.0,0.0,-0.0007398809539154172,-0.17144770920276642,0.0,0.0,0.0030678878812730394,0.032136901602374805,-0.035553205758333206,0.08611474931240082,0.0,0.0,0.0,0.0
1.8417143821716309,-0.30020931363105774,-1.2281103134155273,0.0,0.0,-0.0007398809539154172,-0.17144770920276642,0.0,0.0,0.0030678878812730394,0.032136901602374805,-0.035553205758333206,0.08611474931240082,0.0,0.0,0.0,0.0
1.8435285091400146,-0.30020931363105774,-1.2281103134155273,0.0,0.0,-0.0007398809539154172,-0.17144770920276642,0.0,0.0,0.0030678878812730394,0.032136901602374805,-0.035553205758333206,0.08611474931240082,0.0,0.0,0.0,0.0
1.8455629348754883,-0.30020931363105774,-1.2281103134155273,0.0,0.0,-0.0007398809539154172,-0.17144770920276642,0.0,0.0,0.0030678878812730394,0.032136901602374805,-0.035553205758333206,0.08611474931240082,0.0,0.0,0.0,0.0
1.8469693660736084,-0.30020931363105774,-1.2281103134155273,0.0,0.0,-0.0007398809539154172,-0.17144770920276642,0.0,0.0,0.0030678878812730394,0.032136901602374805,-0.035553205758333206,0.08611474931240082,0.0,0.0,0.0,0.0
1.8487234115600586,-0.30020931363105774,-1.2281103134155273,0.0,0.0,-0.0007398809539154172,-0.17144770920276642,0.0,0.0,0.0030678878812730394,0.032136901602374805,-0.035553205758333206,0.08611474931240082,0.0,0.0,0.0,0.0
1.850693941116333,-0.30020931363105774,-1.2281103134155273,0.0,0.0,-0.0007398809539154172,-0.17144770920276642,0.0,0.0,0.0030678878812730394,0.032136901602374805,-0.035553205758333206,0.08611474931240082,0.0,0.0,0.0,0.0
1.8520731925964355,-0.30020931363105774,-1.2281103134155273,0.0,0.0,-0.0007398809539154172,-0.17144770920276642,0.0,0.0,0.0030678878812730394,0.032136901602374805,-0.035553205758333206,0.08611474931240082,0.0,0.0,0.0,0.0
1.8534233570098877,-0.30020931363105774,-1.2281103134155273,0.0,0.0,-0.0007398809539154172,-0.17144770920276642,0.0,0.0,0.0030678878812730394,0.032136901602374805,-0.035553205758333206,0.08611474931240082,0.0,0.0,0.0,0.0
1.8547842502593994,-0.30020931363105774,-1.2281103134155273,0.0,0.0,-0.0007398809539154172,-0.17144770920276642,0.0,0.0,0.0030678878812730394,0.032136901602374805,-0.035553205758333206,0.08611474931240082,0.0,0.0,0.0,0.0
1.8561441898345947,-0.30020931363105774,-1.2281103134155273,0.0,0.0,-0.0007398809539154172,-0.17144770920276642,0.0,0.0,0.0030678878812730394,0.032136901602374805,-0.035553205758333206,0.08611474931240082,0.0,0.0,0.0,0.0
1.8576123714447021,-0.30020931363105774,-1.2281103134155273,0.0,0.0,-0.0007398809539154172,-0.17144770920276642,0.0,0.0,0.0030678878812730394,0.032136901602374805,-0.035553205758333206,0.08611474931240082,0.0,0.0,0.0,0.0
1.8590257167816162,-0.30020931363105774,-1.2281103134155273,0.0,0.0,-0.0007398809539154172,-0.17144770920276642,0.0,0.0,0.0030678878812730394,0.032136901602374805,-0.035553205758333206,0.08611474931240082,0.0,0.0,0.0,0.0
1.8603954315185547,-0.30020931363105774,-1.2281103134155273,0.0,0.0,-0.0007398809539154172,-0.17144770920276642,0.0,0.0,0.0030678878812730394,0.032136901602374805,-0.035553205758333206,0.08611474931240082,0.0,0.0,0.0,0.0
1.8617711067199707,-0.30020931363105774,-1.2281103134155273,0.0,0.0,-0.0007398809539154172,-0.17144770920276642,0.0,0.0,0.0030678878812730394,0.032136901602374805,-0.035553205758333206,0.08611474931240082,0.0,0.0,0.0,0.0
1.8637595176696777,-0.30020931363105774,-1.2281103134155273,0.0,0.0,-0.0007398809539154172,-0.17144770920276642,0.0,0.0,0.0030678878812730394,0.032136901602374805,-0.035553205758333206,0.08611474931240082,0.0,0.0,0.0,0.0
1.8653459548950195,-0.30020931363105774,-1.2281103134155273,0.0,0.0,-0.0007398809539154172,-0.17144770920276642,0.0,0.0,0.0030678878812730394,0.032136901602374805,-0.035553205758333206,0.08611474931240082,0.0,0.0,0.0,0.0
1.8667330741882324,-0.30020931363105774,-1.2281103134155273,0.0,0.0,-0.0007398809539154172,-0.17144770920276642,0.0,0.0,0.0030678878812730394,0.032136901602374805,-0.035553205758333206,0.08611474931240082,0.0,0.0,0.0,0.0
1.868410587310791,-0.30020931363105774,-1.2281103134155273,0.0,0.0,-0.0007398809539154172,-0.17144770920276642,0.0,0.0,0.0030678878812730394,0.032136901602374805,-0.035553205758333206,0.08611474931240082,0.0,0.0,0.0,0.0
1.8702237606048584,-0.30020931363105774,-1.2281103134155273,0.0,0.0,-0.0007398809539154172,-0.17144770920276642,0.0,0.0,0.0030678878812730394,0.032136901602374805,-0.035553205758333206,0.08611474931240082,0.0,0.0,0.0,0.0
1.8716778755187988,-0.30020931363105774,-1.2281103134155273,0.0,0.0,-0.0007398809539154172,-0.17144770920276642,0.0,0.0,0.0030678878812730394,0.032136901602374805,-0.035553205758333206,0.08611474931240082,0.0,0.0,0.0,0.0
1.8731153011322021,-0.30020931363105774,-1.2281103134155273,0.0,0.0,-0.0007398809539154172,-0.17144770920276642,0.0,0.0,0.0030678878812730394,0.032136901602374805,-0.035553205758333206,0.08611474931240082,0.0,0.0,0.0,0.0
1.8745934963226318,-0.30020931363105774,-1.2281103134155273,0.0,0.0,-0.0007398809539154172,-0.17144770920276642,0.0,0.0,0.0030678878812730394,0.032136901602374805,-0.035553205758333206,0.08611474931240082,0.0,0.0,0.0,0.0
1.876009464263916,-0.30020931363105774,-1.2281103134155273,0.0,0.0,-0.0007398809539154172,-0.17144770920276642,0.0,0.0,0.0030678878812730394,0.032136901602374805,-0.035553205758333206,0.08611474931240082,0.0,0.0,0.0,0.0
1.8774185180664062,-0.30020931363105774,-1.2281103134155273,0.0,0.0,-0.0007398809539154172,-0.17144770920276642,0.0,0.0,0.0030678878812730394,0.032136901602374805,-0.035553205758333206,0.08611474931240082,0.0,0.0,0.0,0.0
1.8789637088775635,-0.30020931363105774,-1.2281103134155273,0.0,0.0,-0.0007398809539154172,-0.17144770920276642,0.0,0.0,0.0030678878812730394,0.032136901602374805,-0.035553205758333206,0.08611474931240082,0.0,0.0,0.0,0.0
1.881011724472046,-0.30020931363105774,-1.2281103134155273,0.0,0.0,-0.0007398809539154172,-0.17144770920276642,0.0,0.0,0.0030678878812730394,0.032136901602374805,-0.035553205758333206,0.08611474931240082,0.0,0.0,0.0,0.0
1.8824937343597412,-0.30020931363105774,-1.2281103134155273,0.0,0.0,-0.0007398809539154172,-0.17144770920276642,0.0,0.0,0.0030678878812730394,0.032136901602374805,-0.035553205758333206,0.08611474931240082,0.0,0.0,0.0,0.0
1.8840255737304688,-0.30020931363105774,-1.2281103134155273,0.0,0.0,-0.0007398809539154172,-0.17144770920276642,0.0,0.0,0.0030678878812730394,0.032136901602374805,-0.035553205758333206,0.08611474931240082,0.0,0.0,0.0,0.0
1.8857245445251465,-0.30020931363105774,-1.2281103134155273,0.0,0.0,-0.0007398809539154172,-0.17144770920276642,0.0,0.0,0.0030678878812730394,0.032136901602374805,-0.035553205758333206,0.08611474931240082,0.0,0.0,0.0,0.0
1.8874402046203613,-0.30020931363105774,-1.2281103134155273,0.0,0.0,-0.0007398809539154172,-0.17144770920276642,0.0,0.0,0.0030678878812730394,0.032136901602374805,-0.035553205758333206,0.08611474931240082,0.0,0.0,0.0,0.0
1.8902478218078613,-0.30020931363105774,-1.2281103134155273,0.0,0.0,-0.0007398809539154172,-0.17144770920276642,0.0,0.0,0.0030678878812730394,0.032136901602374805,-0.035553205758333206,0.08611474931240082,0.0,0.0,0.0,0.0
1.8925089836120605,-0.30020931363105774,-1.2281103134155273,0.0,0.0,-0.0007398809539154172,-0.17144770920276642,0.0,0.0,0.0030678878812730394,0.032136901602374805,-0.035553205758333206,0.08611474931240082,0.0,0.0,0.0,0.0
1.8940575122833252,-0.30020931363105774,-1.2281103134155273,0.0,0.0,-0.0007398809539154172,-0.17144770920276642,0.0,0.0,0.0030678878812730394,0.032136901602374805,-0.035553205758333206,0.08611474931240082,0.0,0.0,0.0,0.0
1.8955185413360596,-0.30020931363105774,-1.2281103134155273,0.0,0.0,-0.0007398809539154172,-0.17144770920276642,0.0,0.0,0.0030678878812730394,0.032136901602374805,-0.035553205758333206,0.08611474931240082,0.0,0.0,0.0,0.0
1.8969199657440186,-0.30020931363105774,-1.2281103134155273,0.0,0.0,-0.0007398809539154172,-0.17144770920276642,0.0,0.0,0.0030678878812730394,0.032136901602374805,-0.035553205758333206,0.08611474931240082,0.0,0.0,0.0,0.0
1.8990850448608398,-0.30020931363105774,-1.2281103134155273,0.0,0.0,-0.0007398809539154172,-0.17144770920276642,0.0,0.0,0.0030678878812730394,0.032136901602374805,-0.035553205758333206,0.08611474931240082,0.0,0.0,0.0,0.0
1.9005191326141357,-0.30020931363105774,-1.2281103134155273,0.0,0.0,-0.0007398809539154172,-0.17144770920276642,0.0,0.0,0.0030678878812730394,0.032136901602374805,-0.035553205758333206,0.08611474931240082,0.0,0.0,0.0,0.0
1.9018919467926025,-0.30020931363105774,-1.2281103134155273,0.0,0.0,-0.0007398809539154172,-0.17144770920276642,0.0,0.0,0.0030678878812730394,0.032136901602374805,-0.035553205758333206,0.08611474931240082,0.0,0.0,0.0,0.0
1.9032371044158936,-0.30020931363105774,-1.2281103134155273,0.0,0.0,-0.0007398809539154172,-0.17144770920276642,0.0,0.0,0.0030678878812730394,0.032136901602374805,-0.035553205758333206,0.08611474931240082,0.0,0.0,0.0,0.0
1.9045803546905518,-0.30020931363105774,-1.2281103134155273,0.0,0.0,-0.0007398809539154172,-0.17144770920276642,0.0,0.0,0.0030678878812730394,0.032136901602374805,-0.035553205758333206,0.08611474931240082,0.0,0.0,0.0,0.0
1.9063870906829834,-0.30020931363105774,-1.2281103134155273,0.0,0.0,-0.0007398809539154172,-0.17144770920276642,0.0,0.0,0.0030678878812730394,0.032136901602374805,-0.035553205758333206,0.08611474931240082,0.0,0.0,0.0,0.0
1.9087598323822021,-0.30020931363105774,-1.2281103134155273,0.0,0.0,-0.0007398809539154172,-0.17144770920276642,0.0,0.0,0.0030678878812730394,0.032136901602374805,-0.035553205758333206,0.08611474931240082,0.0,0.0,0.0,0.0
1.9110524654388428,-0.30020931363105774,-1.2281103134155273,0.0,0.0,-0.0007398809539154172,-0.17144770920276642,0.0,0.0,0.0030678878812730394,0.032136901602374805,-0.035553205758333206,0.08611474931240082,0.0,0.0,0.0,0.0
1.9133193492889404,-0.30020931363105774,-1.2281103134155273,0.0,0.0,-0.0007398809539154172,-0.17144770920276642,0.0,0.0,0.0030678878812730394,0.032136901602374805,-0.035553205758333206,0.08611474931240082,0.0,0.0,0.0,0.0
1.9151027202606201,-0.30020931363105774,-1.2281103134155273,0.0,0.0,-0.0007398809539154172,-0.17144770920276642,0.0,0.0,0.0030678878812730394,0.032136901602374805,-0.035553205758333206,0.08611474931240082,0.0,0.0,0.0,0.0
1.9165537357330322,-0.30020931363105774,-1.2281103134155273,0.0,0.0,-0.0007398809539154172,-0.17144770920276642,0.0,0.0,0.0030678878812730394,0.032136901602374805,-0.035553205758333206,0.08611474931240082,0.0,0.0,0.0,0.0
1.9187986850738525,-0.30020931363105774,-1.2281103134155273,0.0,0.0,-0.0007398809539154172,-0.17144770920276642,0.0,0.0,0.0030678878812730394,0.032136901602374805,-0.035553205758333206,0.08611474931240082,0.0,0.0,0.0,0.0
1.9208159446716309,-0.30020931363105774,-1.2281103134155273,0.0,0.0,-0.0007398809539154172,-0.17144770920276642,0.0,0.0,0.0030678878812730394,0.032136901602374805,-0.035553205758333206,0.08611474931240082,0.0,0.0,0.0,0.0
1.9227452278137207,-0.30020931363105774,-1.2281103134155273,0.0,0.0,-0.0007398809539154172,-0.17144770920276642,0.0,0.0,0.0030678878812730394,0.032136901602374805,-0.035553205758333206,0.08611474931240082,0.0,0.0,0.0,0.0
1.9250643253326416,-0.30020931363105774,-1.2281103134155273,0.0,0.0,-0.0007398809539154172,-0.17144770920276642,0.0,0.0,0.0030678878812730394,0.032136901602374805,-0.035553205758333206,0.08611474931240082,0.0,0.0,0.0,0.0
1.9272804260253906,-0.30020931363105774,-1.2281103134155273,0.0,0.0,-0.0007398809539154172,-0.17144770920276642,0.0,0.0,0.0030678878812730394,0.032136901602374805,-0.035553205758333206,0.08611474931240082,0.0,0.0,0.0,0.0
1.929666519165039,-0.30020931363105774,-1.2281103134155273,0.0,0.0,-0.0007398809539154172,-0.17144770920276642,0.0,0.0,0.0030678878812730394,0.032136901602374805,-0.035553205758333206,0.08611474931240082,0.0,0.0,0.0,0.0
1.931633472442627,-0.30020931363105774,-1.2281103134155273,0.0,0.0,-0.0007398809539154172,-0.17144770920276642,0.0,0.0,0.0030678878812730394,0.032136901602374805,-0.035553205758333206,0.08611474931240082,0.0,0.0,0.0,0.0
1.933258295059204,-0.30020931363105774,-1.2281103134155273,0.0,0.0,-0.0007398809539154172,-0.17144770920276642,0.0,0.0,0.0030678878812730394,0.032136901602374805,-0.035553205758333206,0.08611474931240082,0.0,0.0,0.0,0.0
1.9350168704986572,-0.30020931363105774,-1.2281103134155273,0.0,0.0,-0.0007398809539154172,-0.17144770920276642,0.0,0.0,0.0030678878812730394,0.032136901602374805,-0.035553205758333206,0.08611474931240082,0.0,0.0,0.0,0.0
1.936453104019165,-0.30020931363105774,-1.2281103134155273,0.0,0.0,-0.0007398809539154172,-0.17144770920276642,0.0,0.0,0.0030678878812730394,0.032136901602374805,-0.035553205758333206,0.08611474931240082,0.0,0.0,0.0,0.0
1.9380285739898682,-0.30020931363105774,-1.2281103134155273,0.0,0.0,-0.0007398809539154172,-0.17144770920276642,0.0,0.0,0.0030678878812730394,0.032136901602374805,-0.035553205758333206,0.08611474931240082,0.0,0.0,0.0,0.0
1.939892292022705,-0.30020931363105774,-1.2281103134155273,0.0,0.0,-0.0007398809539154172,-0.17144770920276642,0.0,0.0,0.0030678878812730394,0.032136901602374805,-0.035553205758333206,0.08611474931240082,0.0,0.0,0.0,0.0
1.9413084983825684,-0.30020931363105774,-1.2281103134155273,0.0,0.0,-0.0007398809539154172,-0.17144770920276642,0.0,0.0,0.0030678878812730394,0.032136901602374805,-0.035553205758333206,0.08611474931240082,0.0,0.0,0.0,0.0
1.9428822994232178,-0.30020931363105774,-1.2281103134155273,0.0,0.0,-0.0007398809539154172,-0.17144770920276642,0.0,0.0,0.0030678878812730394,0.032136901602374805,-0.035553205758333206,0.08611474931240082,0.0,0.0,0.0,0.0
1.9442591667175293,-0.30020931363105774,-1.2281103134155273,0.0,0.0,-0.0007398809539154172,-0.17144770920276642,0.0,0.0,0.0030678878812730394,0.032136901602374805,-0.035553205758333206,0.08611474931240082,0.0,0.0,0.0,0.0
1.9456212520599365,-0.30020931363105774,-1.2281103134155273,0.0,0.0,-0.0007398809539154172,-0.17144770920276642,0.0,0.0,0.0030678878812730394,0.032136901602374805,-0.035553205758333206,0.08611474931240082,0.0,0.0,0.0,0.0
1.9473717212677002,-0.30020931363105774,-1.2281103134155273,0.0,0.0,-0.0007398809539154172,-0.17144770920276642,0.0,0.0,0.0030678878812730394,0.032136901602374805,-0.035553205758333206,0.08611474931240082,0.0,0.0,0.0,0.0
1.948883295059204,-0.30020931363105774,-1.2281103134155273,0.0,0.0,-0.0007398809539154172,-0.17144770920276642,0.0,0.0,0.0030678878812730394,0.032136901602374805,-0.035553205758333206,0.08611474931240082,0.0,0.0,0.0,0.0
1.9503614902496338,-0.30020931363105774,-1.2281103134155273,0.0,0.0,-0.0007398809539154172,-0.17144770920276642,0.0,0.0,0.0030678878812730394,0.032136901602374805,-0.035553205758333206,0.08611474931240082,0.0,0.0,0.0,0.0
1.9518094062805176,-0.30020931363105774,-1.2281103134155273,0.0,0.0,-0.0007398809539154172,-0.17144770920276642,0.0,0.0,0.0030678878812730394,0.032136901602374805,-0.035553205758333206,0.08611474931240082,0.0,0.0,0.0,0.0
1.9532594680786133,-0.30020931363105774,-1.2281103134155273,0.0,0.0,-0.0007398809539154172,-0.17144770920276642,0.0,0.0,0.0030678878812730394,0.032136901602374805,-0.035553205758333206,0.08611474931240082,0.0,0.0,0.0,0.0
1.9547016620635986,-0.30020931363105774,-1.2281103134155273,0.0,0.0,-0.0007398809539154172,-0.17144770920276642,0.0,0.0,0.0030678878812730394,0.032136901602374805,-0.035553205758333206,0.08611474931240082,0.0,0.0,0.0,0.0
1.9564385414123535,-0.30020931363105774,-1.2281103134155273,0.0,0.0,-0.0007398809539154172,-0.17144770920276642,0.0,0.0,0.0030678878812730394,0.032136901602374805,-0.035553205758333206,0.08611474931240082,0.0,0.0,0.0,0.0
1.958038330078125,-0.30020931363105774,-1.2281103134155273,0.0,0.0,-0.0007398809539154172,-0.17144770920276642,0.0,0.0,0.0030678878812730394,0.032136901602374805,-0.035553205758333206,0.08611474931240082,0.0,0.0,0.0,0.0
1.9599125385284424,-0.30020931363105774,-1.2281103134155273,0.0,0.0,-0.0007398809539154172,-0.17144770920276642,0.0,0.0,0.0030678878812730394,0.032136901602374805,-0.035553205758333206,0.08611474931240082,0.0,0.0,0.0,0.0
1.9617116451263428,-0.30020931363105774,-1.2281103134155273,0.0,0.0,-0.0007398809539154172,-0.17144770920276642,0.0,0.0,0.0030678878812730394,0.032136901602374805,-0.035553205758333206,0.08611474931240082,0.0,0.0,0.0,0.0
1.963299036026001,-0.30020931363105774,-1.2281103134155273,0.0,0.0,-0.0007398809539154172,-0.17144770920276642,0.0,0.0,0.0030678878812730394,0.032136901602374805,-0.035553205758333206,0.08611474931240082,0.0,0.0,0.0,0.0
1.964808464050293,-0.30020931363105774,-1.2281103134155273,0.0,0.0,-0.0007398809539154172,-0.17144770920276642,0.0,0.0,0.0030678878812730394,0.032136901602374805,-0.035553205758333206,0.08611474931240082,0.0,0.0,0.0,0.0
1.9666991233825684,-0.30020931363105774,-1.2281103134155273,0.0,0.0,-0.0007398809539154172,-0.17144770920276642,0.0,0.0,0.0030678878812730394,0.032136901602374805,-0.035553205758333206,0.08611474931240082,0.0,0.0,0.0,0.0
1.9688258171081543,-0.30020931363105774,-1.2281103134155273,0.0,0.0,-0.0007398809539154172,-0.17144770920276642,0.0,0.0,0.0030678878812730394,0.032136901602374805,-0.035553205758333206,0.08611474931240082,0.0,0.0,0.0,0.0
1.9709105491638184,-0.30020931363105774,-1.2281103134155273,0.0,0.0,-0.0007398809539154172,-0.17144770920276642,0.0,0.0,0.0030678878812730394,0.032136901602374805,-0.035553205758333206,0.08611474931240082,0.0,0.0,0.0,0.0
1.9729433059692383,-0.30020931363105774,-1.2281103134155273,0.0,0.0,-0.0007398809539154172,-0.17144770920276642,0.0,0.0,0.0030678878812730394,0.032136901602374805,-0.035553205758333206,0.08611474931240082,0.0,0.0,0.0,0.0
1.9750030040740967,-0.30020931363105774,-1.2281103134155273,0.0,0.0,-0.0007398809539154172,-0.17144770920276642,0.0,0.0,0.0030678878812730394,0.032136901602374805,-0.035553205758333206,0.08611474931240082,0.0,0.0,0.0,0.0
1.9768717288970947,-0.30020931363105774,-1.2281103134155273,0.0,0.0,-0.0007398809539154172,-0.17144770920276642,0.0,0.0,0.0030678878812730394,0.032136901602374805,-0.035553205758333206,0.08611474931240082,0.0,0.0,0.0,0.0
1.9798367023468018,-0.30020931363105774,-1.2281103134155273,0.0,0.0,-0.0007398809539154172,-0.17144770920276642,0.0,0.0,0.0030678878812730394,0.032136901602374805,-0.035553205758333206,0.08611474931240082,0.0,0.0,0.0,0.0
1.9821796417236328,-0.30020931363105774,-1.2281103134155273,0.0,0.0,-0.0007398809539154172,-0.17144770920276642,0.0,0.0,0.0030678878812730394,0.032136901602374805,-0.035553205758333206,0.08611474931240082,0.0,0.0,0.0,0.0
1.9841125011444092,-0.30020931363105774,-1.2281103134155273,0.0,0.0,-0.0007398809539154172,-0.17144770920276642,0.0,0.0,0.0030678878812730394,0.032136901602374805,-0.035553205758333206,0.08611474931240082,0.0,0.0,0.0,0.0
1.9865527153015137,-0.30020931363105774,-1.2281103134155273,0.0,0.0,-0.0007398809539154172,-0.17144770920276642,0.0,0.0,0.0030678878812730394,0.032136901602374805,-0.035553205758333206,0.08611474931240082,0.0,0.0,0.0,0.0
1.988882064819336,-0.30020931363105774,-1.2281103134155273,0.0,0.0,-0.0007398809539154172,-0.17144770920276642,0.0,0.0,0.0030678878812730394,0.032136901602374805,-0.035553205758333206,0.08611474931240082,0.0,0.0,0.0,0.0
1.9911129474639893,-0.30020931363105774,-1.2281103134155273,0.0,0.0,-0.0007398809539154172,-0.17144770920276642,0.0,0.0,0.0030678878812730394,0.032136901602374805,-0.035553205758333206,0.08611474931240082,0.0,0.0,0.0,0.0
1.9929955005645752,-0.30020931363105774,-1.2281103134155273,0.0,0.0,-0.0007398809539154172,-0.17144770920276642,0.0,0.0,0.0030678878812730394,0.032136901602374805,-0.035553205758333206,0.08611474931240082,0.0,0.0,0.0,0.0
1.9950408935546875,-0.30020931363105774,-1.2281103134155273,0.0,0.0,-0.0007398809539154172,-0.17144770920276642,0.0,0.0,0.0030678878812730394,0.032136901602374805,-0.035553205758333206,0.08611474931240082,0.0,0.0,0.0,0.0
1.9968979358673096,-0.30020931363105774,-1.2281103134155273,0.0,0.0,-0.0007398809539154172,-0.17144770920276642,0.0,0.0,0.0030678878812730394,0.032136901602374805,-0.035553205758333206,0.08611474931240082,0.0,0.0,0.0,0.0
1.9988305568695068,-0.30020931363105774,-1.2281103134155273,0.0,0.0,-0.0007398809539154172,-0.17144770920276642,0.0,0.0,0.0030678878812730394,0.032136901602374805,-0.035553205758333206,0.08611474931240082,0.0,0.0,0.0,0.0
2.0007736682891846,-0.30020931363105774,-1.2281103134155273,0.0,0.0,-0.0007398809539154172,-0.17144770920276642,0.0,0.0,0.0030678878812730394,0.032136901602374805,-0.035553205758333206,0.08611474931240082,0.0,0.0,0.0,0.0
2.0027289390563965,-0.30020931363105774,-1.2281103134155273,0.0,0.0,-0.0007398809539154172,-0.17144770920276642,0.0,0.0,0.0030678878812730394,0.032136901602374805,-0.035553205758333206,0.08611474931240082,0.0,0.0,0.0,0.0
2.0045418739318848,-0.30020931363105774,-1.2281103134155273,0.0,0.0,-0.0007398809539154172,-0.17144770920276642,0.0,0.0,0.0030678878812730394,0.032136901602374805,-0.035553205758333206,0.08611474931240082,0.0,0.0,0.0,0.0
2.0062949657440186,-0.30020931363105774,-1.2281103134155273,0.0,0.0,-0.0007398809539154172,-0.17144770920276642,0.0,0.0,0.0030678878812730394,0.032136901602374805,-0.035553205758333206,0.08611474931240082,0.0,0.0,0.0,0.0
2.0080769062042236,-0.30020931363105774,-1.2281103134155273,0.0,0.0,-0.0007398809539154172,-0.17144770920276642,0.0,0.0,0.0030678878812730394,0.032136901602374805,-0.035553205758333206,0.08611474931240082,0.0,0.0,0.0,0.0
2.0099475383758545,-0.30020931363105774,-1.2281103134155273,0.0,0.0,-0.0007398809539154172,-0.17144770920276642,0.0,0.0,0.0030678878812730394,0.032136901602374805,-0.035553205758333206,0.08611474931240082,0.0,0.0,0.0,0.0
2.0117714405059814,-0.30020931363105774,-1.2281103134155273,0.0,0.0,-0.0007398809539154172,-0.17144770920276642,0.0,0.0,0.0030678878812730394,0.032136901602374805,-0.035553205758333206,0.08611474931240082,0.0,0.0,0.0,0.0
2.0138626098632812,-0.30020931363105774,-1.2281103134155273,0.0,0.0,-0.0007398809539154172,-0.17144770920276642,0.0,0.0,0.0030678878812730394,0.032136901602374805,-0.035553205758333206,0.08611474931240082,0.0,0.0,0.0,0.0
2.01568341255188,-0.30020931363105774,-1.2281103134155273,0.0,0.0,-0.0007398809539154172,-0.17144770920276642,0.0,0.0,0.0030678878812730394,0.032136901602374805,-0.035553205758333206,0.08611474931240082,0.0,0.0,0.0,0.0
2.0174195766448975,-0.30020931363105774,-1.2281103134155273,0.0,0.0,-0.0007398809539154172,-0.17144770920276642,0.0,0.0,0.0030678878812730394,0.032136901602374805,-0.035553205758333206,0.08611474931240082,0.0,0.0,0.0,0.0
2.0191314220428467,-0.30020931363105774,-1.2281103134155273,0.0,0.0,-0.0007398809539154172,-0.17144770920276642,0.0,0.0,0.0030678878812730394,0.032136901602374805,-0.035553205758333206,0.08611474931240082,0.0,0.0,0.0,0.0
2.020968437194824,-0.30020931363105774,-1.2281103134155273,0.0,0.0,-0.0007398809539154172,-0.17144770920276642,0.0,0.0,0.0030678878812730394,0.032136901602374805,-0.035553205758333206,0.08611474931240082,0.0,0.0,0.0,0.0
2.0223326683044434,-0.30020931363105774,-1.2281103134155273,0.0,0.0,-0.0007398809539154172,-0.17144770920276642,0.0,0.0,0.0030678878812730394,0.032136901602374805,-0.035553205758333206,0.08611474931240082,0.0,0.0,0.0,0.0
2.023686647415161,-0.30020931363105774,-1.2281103134155273,0.0,0.0,-0.0007398809539154172,-0.17144770920276642,0.0,0.0,0.0030678878812730394,0.032136901602374805,-0.035553205758333206,0.08611474931240082,0.0,0.0,0.0,0.0
2.0251572132110596,-0.30020931363105774,-1.2281103134155273,0.0,0.0,-0.0007398809539154172,-0.17144770920276642,0.0,0.0,0.0030678878812730394,0.032136901602374805,-0.035553205758333206,0.08611474931240082,0.0,0.0,0.0,0.0
2.027092456817627,-0.30020931363105774,-1.2281103134155273,0.0,0.0,-0.0007398809539154172,-0.17144770920276642,0.0,0.0,0.0030678878812730394,0.032136901602374805,-0.035553205758333206,0.08611474931240082,0.0,0.0,0.0,0.0
2.0286812782287598,-0.30020931363105774,-1.2281103134155273,0.0,0.0,-0.0007398809539154172,-0.17144770920276642,0.0,0.0,0.0030678878812730394,0.032136901602374805,-0.035553205758333206,0.08611474931240082,0.0,0.0,0.0,0.0
2.0306572914123535,-0.30020931363105774,-1.2281103134155273,0.0,0.0,-0.0007398809539154172,-0.17144770920276642,0.0,0.0,0.0030678878812730394,0.032136901602374805,-0.035553205758333206,0.08611474931240082,0.0,0.0,0.0,0.0
2.032339572906494,-0.30020931363105774,-1.2281103134155273,0.0,0.0,-0.0007398809539154172,-0.17144770920276642,0.0,0.0,0.0030678878812730394,0.032136901602374805,-0.035553205758333206,0.08611474931240082,0.0,0.0,0.0,0.0
2.034151077270508,-0.30020931363105774,-1.2281103134155273,0.0,0.0,-0.0007398809539154172,-0.17144770920276642,0.0,0.0,0.0030678878812730394,0.032136901602374805,-0.035553205758333206,0.08611474931240082,0.0,0.0,0.0,0.0
2.0357701778411865,-0.30020931363105774,-1.2281103134155273,0.0,0.0,-0.0007398809539154172,-0.17144770920276642,0.0,0.0,0.0030678878812730394,0.032136901602374805,-0.035553205758333206,0.08611474931240082,0.0,0.0,0.0,0.0
2.0372190475463867,-0.30020931363105774,-1.2281103134155273,0.0,0.0,-0.0007398809539154172,-0.17144770920276642,0.0,0.0,0.0030678878812730394,0.032136901602374805,-0.035553205758333206,0.08611474931240082,0.0,0.0,0.0,0.0
2.0385632514953613,-0.30020931363105774,-1.2281103134155273,0.0,0.0,-0.0007398809539154172,-0.17144770920276642,0.0,0.0,0.0030678878812730394,0.032136901602374805,-0.035553205758333206,0.08611474931240082,0.0,0.0,0.0,0.0
2.040067434310913,-0.30020931363105774,-1.2281103134155273,0.0,0.0,-0.0007398809539154172,-0.17144770920276642,0.0,0.0,0.0030678878812730394,0.032136901602374805,-0.035553205758333206,0.08611474931240082,0.0,0.0,0.0,0.0
2.041879892349243,-0.30020931363105774,-1.2281103134155273,0.0,0.0,-0.0007398809539154172,-0.17144770920276642,0.0,0.0,0.0030678878812730394,0.032136901602374805,-0.035553205758333206,0.08611474931240082,0.0,0.0,0.0,0.0
2.043687343597412,-0.30020931363105774,-1.2281103134155273,0.0,0.0,-0.0007398809539154172,-0.17144770920276642,0.0,0.0,0.0030678878812730394,0.032136901602374805,-0.035553205758333206,0.08611474931240082,0.0,0.0,0.0,0.0
2.0455358028411865,-0.30020931363105774,-1.2281103134155273,0.0,0.0,-0.0007398809539154172,-0.17144770920276642,0.0,0.0,0.0030678878812730394,0.032136901602374805,-0.035553205758333206,0.08611474931240082,0.0,0.0,0.0,0.0
2.047342300415039,-0.30020931363105774,-1.2281103134155273,0.0,0.0,-0.0007398809539154172,-0.17144770920276642,0.0,0.0,0.0030678878812730394,0.032136901602374805,-0.035553205758333206,0.08611474931240082,0.0,0.0,0.0,0.0
2.0494272708892822,-0.30020931363105774,-1.2281103134155273,0.0,0.0,-0.0007398809539154172,-0.17144770920276642,0.0,0.0,0.0030678878812730394,0.032136901602374805,-0.035553205758333206,0.08611474931240082,0.0,0.0,0.0,0.0
2.0519258975982666,-0.30020931363105774,-1.2281103134155273,0.0,0.0,-0.0007398809539154172,-0.17144770920276642,0.0,0.0,0.0030678878812730394,0.032136901602374805,-0.035553205758333206,0.08611474931240082,0.0,0.0,0.0,0.0
2.0541160106658936,-0.30020931363105774,-1.2281103134155273,0.0,0.0,-0.0007398809539154172,-0.17144770920276642,0.0,0.0,0.0030678878812730394,0.032136901602374805,-0.035553205758333206,0.08611474931240082,0.0,0.0,0.0,0.0
2.055877447128296,-0.30020931363105774,-1.2281103134155273,0.0,0.0,-0.0007398809539154172,-0.17144770920276642,0.0,0.0,0.0030678878812730394,0.032136901602374805,-0.035553205758333206,0.08611474931240082,0.0,0.0,0.0,0.0
2.058305025100708,-0.30020931363105774,-1.2281103134155273,0.0,0.0,-0.0007398809539154172,-0.17144770920276642,0.0,0.0,0.0030678878812730394,0.032136901602374805,-0.035553205758333206,0.08611474931240082,0.0,0.0,0.0,0.0
2.0597615242004395,-0.30020931363105774,-1.2281103134155273,0.0,0.0,-0.0007398809539154172,-0.17144770920276642,0.0,0.0,0.0030678878812730394,0.032136901602374805,-0.035553205758333206,0.08611474931240082,0.0,0.0,0.0,0.0
2.061777114868164,-0.30020931363105774,-1.2281103134155273,0.0,0.0,-0.0007398809539154172,-0.17144770920276642,0.0,0.0,0.0030678878812730394,0.032136901602374805,-0.035553205758333206,0.08611474931240082,0.0,0.0,0.0,0.0
2.0631587505340576,-0.30020931363105774,-1.2281103134155273,0.0,0.0,-0.0007398809539154172,-0.17144770920276642,0.0,0.0,0.0030678878812730394,0.032136901602374805,-0.035553205758333206,0.08611474931240082,0.0,0.0,0.0,0.0
2.064669609069824,-0.30020931363105774,-1.2281103134155273,0.0,0.0,-0.0007398809539154172,-0.17144770920276642,0.0,0.0,0.0030678878812730394,0.032136901602374805,-0.035553205758333206,0.08611474931240082,0.0,0.0,0.0,0.0
2.06736421585083,-0.30020931363105774,-1.2281103134155273,0.0,0.0,-0.0007398809539154172,-0.17144770920276642,0.0,0.0,0.0030678878812730394,0.032136901602374805,-0.035553205758333206,0.08611474931240082,0.0,0.0,0.0,0.0
2.0693883895874023,-0.30020931363105774,-1.2281103134155273,0.0,0.0,-0.0007398809539154172,-0.17144770920276642,0.0,0.0,0.0030678878812730394,0.032136901602374805,-0.035553205758333206,0.08611474931240082,0.0,0.0,0.0,0.0
2.07171630859375,-0.30020931363105774,-1.2281103134155273,0.0,0.0,-0.0007398809539154172,-0.17144770920276642,0.0,0.0,0.0030678878812730394,0.032136901602374805,-0.035553205758333206,0.08611474931240082,0.0,0.0,0.0,0.0
2.0736610889434814,-0.30020931363105774,-1.2281103134155273,0.0,0.0,-0.0007398809539154172,-0.17144770920276642,0.0,0.0,0.0030678878812730394,0.032136901602374805,-0.035553205758333206,0.08611474931240082,0.0,0.0,0.0,0.0
2.07513689994812,-0.30020931363105774,-1.2281103134155273,0.0,0.0,-0.0007398809539154172,-0.17144770920276642,0.0,0.0,0.0030678878812730394,0.032136901602374805,-0.035553205758333206,0.08611474931240082,0.0,0.0,0.0,0.0
2.076526165008545,-0.30020931363105774,-1.2281103134155273,0.0,0.0,-0.0007398809539154172,-0.17144770920276642,0.0,0.0,0.0030678878812730394,0.032136901602374805,-0.035553205758333206,0.08611474931240082,0.0,0.0,0.0,0.0
2.0780861377716064,-0.30020931363105774,-1.2281103134155273,0.0,0.0,-0.0007398809539154172,-0.17144770920276642,0.0,0.0,0.0030678878812730394,0.032136901602374805,-0.035553205758333206,0.08611474931240082,0.0,0.0,0.0,0.0
2.0794875621795654,-0.30020931363105774,-1.2281103134155273,0.0,0.0,-0.0007398809539154172,-0.17144770920276642,0.0,0.0,0.0030678878812730394,0.032136901602374805,-0.035553205758333206,0.08611474931240082,0.0,0.0,0.0,0.0
2.080859661102295,-0.30020931363105774,-1.2281103134155273,0.0,0.0,-0.0007398809539154172,-0.17144770920276642,0.0,0.0,0.0030678878812730394,0.032136901602374805,-0.035553205758333206,0.08611474931240082,0.0,0.0,0.0,0.0
2.082184314727783,-0.30020931363105774,-1.2281103134155273,0.0,0.0,-0.0007398809539154172,-0.17144770920276642,0.0,0.0,0.0030678878812730394,0.032136901602374805,-0.035553205758333206,0.08611474931240082,0.0,0.0,0.0,0.0
2.0835180282592773,-0.30020931363105774,-1.2281103134155273,0.0,0.0,-0.0007398809539154172,-0.17144770920276642,0.0,0.0,0.0030678878812730394,0.032136901602374805,-0.035553205758333206,0.08611474931240082,0.0,0.0,0.0,0.0
2.0848329067230225,-0.30020931363105774,-1.2281103134155273,0.0,0.0,-0.0007398809539154172,-0.17144770920276642,0.0,0.0,0.0030678878812730394,0.032136901602374805,-0.035553205758333206,0.08611474931240082,0.0,0.0,0.0,0.0
2.0877153873443604,-0.30020931363105774,-1.2281103134155273,0.0,0.0,-0.0007398809539154172,-0.17144770920276642,0.0,0.0,0.0030678878812730394,0.032136901602374805,-0.035553205758333206,0.08611474931240082,0.0,0.0,0.0,0.0
2.090592384338379,-0.30020931363105774,-1.2281103134155273,0.0,0.0,-0.0007398809539154172,-0.17144770920276642,0.0,0.0,0.0030678878812730394,0.032136901602374805,-0.035553205758333206,0.08611474931240082,0.0,0.0,0.0,0.0
2.092506170272827,-0.30020931363105774,-1.2281103134155273,0.0,0.0,-0.0007398809539154172,-0.17144770920276642,0.0,0.0,0.0030678878812730394,0.032136901602374805,-0.035553205758333206,0.08611474931240082,0.0,0.0,0.0,0.0
2.094339609146118,-0.30020931363105774,-1.2281103134155273,0.0,0.0,-0.0007398809539154172,-0.17144770920276642,0.0,0.0,0.0030678878812730394,0.032136901602374805,-0.035553205758333206,0.08611474931240082,0.0,0.0,0.0,0.0
2.0961573123931885,-0.30020931363105774,-1.2281103134155273,0.0,0.0,-0.0007398809539154172,-0.17144770920276642,0.0,0.0,0.0030678878812730394,0.032136901602374805,-0.035553205758333206,0.08611474931240082,0.0,0.0,0.0,0.0
2.098348617553711,-0.30020931363105774,-1.2281103134155273,0.0,0.0,-0.0007398809539154172,-0.17144770920276642,0.0,0.0,0.0030678878812730394,0.032136901602374805,-0.035553205758333206,0.08611474931240082,0.0,0.0,0.0,0.0
2.100343942642212,-0.30020931363105774,-1.2281103134155273,0.0,0.0,-0.0007398809539154172,-0.17144770920276642,0.0,0.0,0.0030678878812730394,0.032136901602374805,-0.035553205758333206,0.08611474931240082,0.0,0.0,0.0,0.0
2.102076768875122,-0.30020931363105774,-1.2281103134155273,0.0,0.0,-0.0007398809539154172,-0.17144770920276642,0.0,0.0,0.0030678878812730394,0.032136901602374805,-0.035553205758333206,0.08611474931240082,0.0,0.0,0.0,0.0
2.1039035320281982,-0.30020931363105774,-1.2281103134155273,0.0,0.0,-0.0007398809539154172,-0.17144770920276642,0.0,0.0,0.0030678878812730394,0.032136901602374805,-0.035553205758333206,0.08611474931240082,0.0,0.0,0.0,0.0
2.1053354740142822,-0.30020931363105774,-1.2281103134155273,0.0,0.0,-0.0007398809539154172,-0.17144770920276642,0.0,0.0,0.0030678878812730394,0.032136901602374805,-0.035553205758333206,0.08611474931240082,0.0,0.0,0.0,0.0
2.106663942337036,-0.30020931363105774,-1.2281103134155273,0.0,0.0,-0.0007398809539154172,-0.17144770920276642,0.0,0.0,0.0030678878812730394,0.032136901602374805,-0.035553205758333206,0.08611474931240082,0.0,0.0,0.0,0.0
2.1080009937286377,-0.30020931363105774,-1.2281103134155273,0.0,0.0,-0.0007398809539154172,-0.17144770920276642,0.0,0.0,0.0030678878812730394,0.032136901602374805,-0.035553205758333206,0.08611474931240082,0.0,0.0,0.0,0.0
2.1094157695770264,-0.30020931363105774,-1.2281103134155273,0.0,0.0,-0.0007398809539154172,-0.17144770920276642,0.0,0.0,0.0030678878812730394,0.032136901602374805,-0.035553205758333206,0.08611474931240082,0.0,0.0,0.0,0.0
2.1116671562194824,-0.30020931363105774,-1.2281103134155273,0.0,0.0,-0.0007398809539154172,-0.17144770920276642,0.0,0.0,0.0030678878812730394,0.032136901602374805,-0.035553205758333206,0.08611474931240082,0.0,0.0,0.0,0.0
2.1134471893310547,-0.30020931363105774,-1.2281103134155273,0.0,0.0,-0.0007398809539154172,-0.17144770920276642,0.0,0.0,0.0030678878812730394,0.032136901602374805,-0.035553205758333206,0.08611474931240082,0.0,0.0,0.0,0.0
2.1152503490448,-0.30020931363105774,-1.2281103134155273,0.0,0.0,-0.0007398809539154172,-0.17144770920276642,0.0,0.0,0.0030678878812730394,0.032136901602374805,-0.035553205758333206,0.08611474931240082,0.0,0.0,0.0,0.0
2.117121696472168,-0.30020931363105774,-1.2281103134155273,0.0,0.0,-0.0007398809539154172,-0.17144770920276642,0.0,0.0,0.0030678878812730394,0.032136901602374805,-0.035553205758333206,0.08611474931240082,0.0,0.0,0.0,0.0
2.1191580295562744,-0.30020931363105774,-1.2281103134155273,0.0,0.0,-0.0007398809539154172,-0.17144770920276642,0.0,0.0,0.0030678878812730394,0.032136901602374805,-0.035553205758333206,0.08611474931240082,0.0,0.0,0.0,0.0
2.121213912963867,-0.30020931363105774,-1.2281103134155273,0.0,0.0,-0.0007398809539154172,-0.17144770920276642,0.0,0.0,0.0030678878812730394,0.032136901602374805,-0.035553205758333206,0.08611474931240082,0.0,0.0,0.0,0.0
2.122988700866699,-0.30020931363105774,-1.2281103134155273,0.0,0.0,-0.0007398809539154172,-0.17144770920276642,0.0,0.0,0.0030678878812730394,0.032136901602374805,-0.035553205758333206,0.08611474931240082,0.0,0.0,0.0,0.0
2.125091791152954,-0.30020931363105774,-1.2281103134155273,0.0,0.0,-0.0007398809539154172,-0.17144770920276642,0.0,0.0,0.0030678878812730394,0.032136901602374805,-0.035553205758333206,0.08611474931240082,0.0,0.0,0.0,0.0
2.126844644546509,-0.30020931363105774,-1.2281103134155273,0.0,0.0,-0.0007398809539154172,-0.17144770920276642,0.0,0.0,0.0030678878812730394,0.032136901602374805,-0.035553205758333206,0.08611474931240082,0.0,0.0,0.0,0.0
2.1286532878875732,-0.30020931363105774,-1.2281103134155273,0.0,0.0,-0.0007398809539154172,-0.17144770920276642,0.0,0.0,0.0030678878812730394,0.032136901602374805,-0.035553205758333206,0.08611474931240082,0.0,0.0,0.0,0.0
2.1303975582122803,-0.30020931363105774,-1.2281103134155273,0.0,0.0,-0.0007398809539154172,-0.17144770920276642,0.0,0.0,0.0030678878812730394,0.032136901602374805,-0.035553205758333206,0.08611474931240082,0.0,0.0,0.0,0.0
2.1322386264801025,-0.30020931363105774,-1.2281103134155273,0.0,0.0,-0.0007398809539154172,-0.17144770920276642,0.0,0.0,0.0030678878812730394,0.032136901602374805,-0.035553205758333206,0.08611474931240082,0.0,0.0,0.0,0.0
2.1348137855529785,-0.30020931363105774,-1.2281103134155273,0.0,0.0,-0.0007398809539154172,-0.17144770920276642,0.0,0.0,0.0030678878812730394,0.032136901602374805,-0.035553205758333206,0.08611474931240082,0.0,0.0,0.0,0.0
2.136624813079834,-0.30020931363105774,-1.2281103134155273,0.0,0.0,-0.0007398809539154172,-0.17144770920276642,0.0,0.0,0.0030678878812730394,0.032136901602374805,-0.035553205758333206,0.08611474931240082,0.0,0.0,0.0,0.0
2.13840651512146,-0.30020931363105774,-1.2281103134155273,0.0,0.0,-0.0007398809539154172,-0.17144770920276642,0.0,0.0,0.0030678878812730394,0.032136901602374805,-0.035553205758333206,0.08611474931240082,0.0,0.0,0.0,0.0
2.1401822566986084,-0.30020931363105774,-1.2281103134155273,0.0,0.0,-0.0007398809539154172,-0.17144770920276642,0.0,0.0,0.0030678878812730394,0.032136901602374805,-0.035553205758333206,0.08611474931240082,0.0,0.0,0.0,0.0
2.141949415206909,-0.30020931363105774,-1.2281103134155273,0.0,0.0,-0.0007398809539154172,-0.17144770920276642,0.0,0.0,0.0030678878812730394,0.032136901602374805,-0.035553205758333206,0.08611474931240082,0.0,0.0,0.0,0.0
2.143768548965454,-0.30020931363105774,-1.2281103134155273,0.0,0.0,-0.0007398809539154172,-0.17144770920276642,0.0,0.0,0.0030678878812730394,0.032136901602374805,-0.035553205758333206,0.08611474931240082,0.0,0.0,0.0,0.0
2.1458823680877686,-0.30020931363105774,-1.2281103134155273,0.0,0.0,-0.0007398809539154172,-0.17144770920276642,0.0,0.0,0.0030678878812730394,0.032136901602374805,-0.035553205758333206,0.08611474931240082,0.0,0.0,0.0,0.0
2.1479060649871826,-0.30020931363105774,-1.2281103134155273,0.0,0.0,-0.0007398809539154172,-0.17144770920276642,0.0,0.0,0.0030678878812730394,0.032136901602374805,-0.035553205758333206,0.08611474931240082,0.0,0.0,0.0,0.0
2.1493406295776367,-0.30020931363105774,-1.2281103134155273,0.0,0.0,-0.0007398809539154172,-0.17144770920276642,0.0,0.0,0.0030678878812730394,0.032136901602374805,-0.035553205758333206,0.08611474931240082,0.0,0.0,0.0,0.0
2.1507418155670166,-0.30020931363105774,-1.2281103134155273,0.0,0.0,-0.0007398809539154172,-0.17144770920276642,0.0,0.0,0.0030678878812730394,0.032136901602374805,-0.035553205758333206,0.08611474931240082,0.0,0.0,0.0,0.0
2.152064323425293,-0.30020931363105774,-1.2281103134155273,0.0,0.0,-0.0007398809539154172,-0.17144770920276642,0.0,0.0,0.0030678878812730394,0.032136901602374805,-0.035553205758333206,0.08611474931240082,0.0,0.0,0.0,0.0
2.1534671783447266,-0.30020931363105774,-1.2281103134155273,0.0,0.0,-0.0007398809539154172,-0.17144770920276642,0.0,0.0,0.0030678878812730394,0.032136901602374805,-0.035553205758333206,0.08611474931240082,0.0,0.0,0.0,0.0
2.154784917831421,-0.30020931363105774,-1.2281103134155273,0.0,0.0,-0.0007398809539154172,-0.17144770920276642,0.0,0.0,0.0030678878812730394,0.032136901602374805,-0.035553205758333206,0.08611474931240082,0.0,0.0,0.0,0.0
2.156409740447998,-0.30020931363105774,-1.2281103134155273,0.0,0.0,-0.0007398809539154172,-0.17144770920276642,0.0,0.0,0.0030678878812730394,0.032136901602374805,-0.035553205758333206,0.08611474931240082,0.0,0.0,0.0,0.0
2.1578168869018555,-0.30020931363105774,-1.2281103134155273,0.0,0.0,-0.0007398809539154172,-0.17144770920276642,0.0,0.0,0.0030678878812730394,0.032136901602374805,-0.035553205758333206,0.08611474931240082,0.0,0.0,0.0,0.0
2.1594982147216797,-0.30020931363105774,-1.2281103134155273,0.0,0.0,-0.0007398809539154172,-0.17144770920276642,0.0,0.0,0.0030678878812730394,0.032136901602374805,-0.035553205758333206,0.08611474931240082,0.0,0.0,0.0,0.0
2.161257028579712,-0.30020931363105774,-1.2281103134155273,0.0,0.0,-0.0007398809539154172,-0.17144770920276642,0.0,0.0,0.0030678878812730394,0.032136901602374805,-0.035553205758333206,0.08611474931240082,0.0,0.0,0.0,0.0
2.162950038909912,-0.30020931363105774,-1.2281103134155273,0.0,0.0,-0.0007398809539154172,-0.17144770920276642,0.0,0.0,0.0030678878812730394,0.032136901602374805,-0.035553205758333206,0.08611474931240082,0.0,0.0,0.0,0.0
2.164673328399658,-0.30020931363105774,-1.2281103134155273,0.0,0.0,-0.0007398809539154172,-0.17144770920276642,0.0,0.0,0.0030678878812730394,0.032136901602374805,-0.035553205758333206,0.08611474931240082,0.0,0.0,0.0,0.0
2.1664011478424072,-0.30020931363105774,-1.2281103134155273,0.0,0.0,-0.0007398809539154172,-0.17144770920276642,0.0,0.0,0.0030678878812730394,0.032136901602374805,-0.035553205758333206,0.08611474931240082,0.0,0.0,0.0,0.0
2.168198347091675,-0.30020931363105774,-1.2281103134155273,0.0,0.0,-0.0007398809539154172,-0.17144770920276642,0.0,0.0,0.0030678878812730394,0.032136901602374805,-0.035553205758333206,0.08611474931240082,0.0,0.0,0.0,0.0
2.170053482055664,-0.30020931363105774,-1.2281103134155273,0.0,0.0,-0.0007398809539154172,-0.17144770920276642,0.0,0.0,0.0030678878812730394,0.032136901602374805,-0.035553205758333206,0.08611474931240082,0.0,0.0,0.0,0.0
2.1719810962677,-0.30020931363105774,-1.2281103134155273,0.0,0.0,-0.0007398809539154172,-0.17144770920276642,0.0,0.0,0.0030678878812730394,0.032136901602374805,-0.035553205758333206,0.08611474931240082,0.0,0.0,0.0,0.0
2.173861026763916,-0.30020931363105774,-1.2281103134155273,0.0,0.0,-0.0007398809539154172,-0.17144770920276642,0.0,0.0,0.0030678878812730394,0.032136901602374805,-0.035553205758333206,0.08611474931240082,0.0,0.0,0.0,0.0
2.1757640838623047,-0.30020931363105774,-1.2281103134155273,0.0,0.0,-0.0007398809539154172,-0.17144770920276642,0.0,0.0,0.0030678878812730394,0.032136901602374805,-0.035553205758333206,0.08611474931240082,0.0,0.0,0.0,0.0
2.177572727203369,-0.30020931363105774,-1.2281103134155273,0.0,0.0,-0.0007398809539154172,-0.17144770920276642,0.0,0.0,0.0030678878812730394,0.032136901602374805,-0.035553205758333206,0.08611474931240082,0.0,0.0,0.0,0.0
2.1790685653686523,-0.30020931363105774,-1.2281103134155273,0.0,0.0,-0.0007398809539154172,-0.17144770920276642,0.0,0.0,0.0030678878812730394,0.032136901602374805,-0.035553205758333206,0.08611474931240082,0.0,0.0,0.0,0.0
2.180903434753418,-0.30020931363105774,-1.2281103134155273,0.0,0.0,-0.0007398809539154172,-0.17144770920276642,0.0,0.0,0.0030678878812730394,0.032136901602374805,-0.035553205758333206,0.08611474931240082,0.0,0.0,0.0,0.0
2.182328701019287,-0.30020931363105774,-1.2281103134155273,0.0,0.0,-0.0007398809539154172,-0.17144770920276642,0.0,0.0,0.0030678878812730394,0.032136901602374805,-0.035553205758333206,0.08611474931240082,0.0,0.0,0.0,0.0
2.1837551593780518,-0.30020931363105774,-1.2281103134155273,0.0,0.0,-0.0007398809539154172,-0.17144770920276642,0.0,0.0,0.0030678878812730394,0.032136901602374805,-0.035553205758333206,0.08611474931240082,0.0,0.0,0.0,0.0
2.185180425643921,-0.30020931363105774,-1.2281103134155273,0.0,0.0,-0.0007398809539154172,-0.17144770920276642,0.0,0.0,0.0030678878812730394,0.032136901602374805,-0.035553205758333206,0.08611474931240082,0.0,0.0,0.0,0.0
2.18656849861145,-0.30020931363105774,-1.2281103134155273,0.0,0.0,-0.0007398809539154172,-0.17144770920276642,0.0,0.0,0.0030678878812730394,0.032136901602374805,-0.035553205758333206,0.08611474931240082,0.0,0.0,0.0,0.0
2.1881918907165527,-0.30020931363105774,-1.2281103134155273,0.0,0.0,-0.0007398809539154172,-0.17144770920276642,0.0,0.0,0.0030678878812730394,0.032136901602374805,-0.035553205758333206,0.08611474931240082,0.0,0.0,0.0,0.0
2.1901512145996094,-0.30020931363105774,-1.2281103134155273,0.0,0.0,-0.0007398809539154172,-0.17144770920276642,0.0,0.0,0.0030678878812730394,0.032136901602374805,-0.035553205758333206,0.08611474931240082,0.0,0.0,0.0,0.0
2.191988468170166,-0.30020931363105774,-1.2281103134155273,0.0,0.0,-0.0007398809539154172,-0.17144770920276642,0.0,0.0,0.0030678878812730394,0.032136901602374805,-0.035553205758333206,0.08611474931240082,0.0,0.0,0.0,0.0
2.193472146987915,-0.30020931363105774,-1.2281103134155273,0.0,0.0,-0.0007398809539154172,-0.17144770920276642,0.0,0.0,0.0030678878812730394,0.032136901602374805,-0.035553205758333206,0.08611474931240082,0.0,0.0,0.0,0.0
2.1949374675750732,-0.30020931363105774,-1.2281103134155273,0.0,0.0,-0.0007398809539154172,-0.17144770920276642,0.0,0.0,0.0030678878812730394,0.032136901602374805,-0.035553205758333206,0.08611474931240082,0.0,0.0,0.0,0.0
2.196826934814453,-0.30020931363105774,-1.2281103134155273,0.0,0.0,-0.0007398809539154172,-0.17144770920276642,0.0,0.0,0.0030678878812730394,0.032136901602374805,-0.035553205758333206,0.08611474931240082,0.0,0.0,0.0,0.0
2.198489189147949,-0.30020931363105774,-1.2281103134155273,0.0,0.0,-0.0007398809539154172,-0.17144770920276642,0.0,0.0,0.0030678878812730394,0.032136901602374805,-0.035553205758333206,0.08611474931240082,0.0,0.0,0.0,0.0
2.2011682987213135,-0.30020931363105774,-1.2281103134155273,0.0,0.0,-0.0007398809539154172,-0.17144770920276642,0.0,0.0,0.0030678878812730394,0.032136901602374805,-0.035553205758333206,0.08611474931240082,0.0,0.0,0.0,0.0
2.2035341262817383,-0.30020931363105774,-1.2281103134155273,0.0,0.0,-0.0007398809539154172,-0.17144770920276642,0.0,0.0,0.0030678878812730394,0.032136901602374805,-0.035553205758333206,0.08611474931240082,0.0,0.0,0.0,0.0
2.205939292907715,-0.30020931363105774,-1.2281103134155273,0.0,0.0,-0.0007398809539154172,-0.17144770920276642,0.0,0.0,0.0030678878812730394,0.032136901602374805,-0.035553205758333206,0.08611474931240082,0.0,0.0,0.0,0.0
2.20827054977417,-0.30020931363105774,-1.2281103134155273,0.0,0.0,-0.0007398809539154172,-0.17144770920276642,0.0,0.0,0.0030678878812730394,0.032136901602374805,-0.035553205758333206,0.08611474931240082,0.0,0.0,0.0,0.0
2.2102649211883545,-0.30020931363105774,-1.2281103134155273,0.0,0.0,-0.0007398809539154172,-0.17144770920276642,0.0,0.0,0.0030678878812730394,0.032136901602374805,-0.035553205758333206,0.08611474931240082,0.0,0.0,0.0,0.0
2.212277889251709,-0.30020931363105774,-1.2281103134155273,0.0,0.0,-0.0007398809539154172,-0.17144770920276642,0.0,0.0,0.0030678878812730394,0.032136901602374805,-0.035553205758333206,0.08611474931240082,0.0,0.0,0.0,0.0
2.2148101329803467,-0.30020931363105774,-1.2281103134155273,0.0,0.0,-0.0007398809539154172,-0.17144770920276642,0.0,0.0,0.0030678878812730394,0.032136901602374805,-0.035553205758333206,0.08611474931240082,0.0,0.0,0.0,0.0
2.217153310775757,-0.30020931363105774,-1.2281103134155273,0.0,0.0,-0.0007398809539154172,-0.17144770920276642,0.0,0.0,0.0030678878812730394,0.032136901602374805,-0.035553205758333206,0.08611474931240082,0.0,0.0,0.0,0.0
2.2200961112976074,-0.30020931363105774,-1.2281103134155273,0.0,0.0,-0.0007398809539154172,-0.17144770920276642,0.0,0.0,0.0030678878812730394,0.032136901602374805,-0.035553205758333206,0.08611474931240082,0.0,0.0,0.0,0.0
2.223231077194214,-0.30020931363105774,-1.2281103134155273,0.0,0.0,-0.0007398809539154172,-0.17144770920276642,0.0,0.0,0.0030678878812730394,0.032136901602374805,-0.035553205758333206,0.08611474931240082,0.0,0.0,0.0,0.0
2.225130796432495,-0.30020931363105774,-1.2281103134155273,0.0,0.0,-0.0007398809539154172,-0.17144770920276642,0.0,0.0,0.0030678878812730394,0.032136901602374805,-0.035553205758333206,0.08611474931240082,0.0,0.0,0.0,0.0
2.2277491092681885,-0.30020931363105774,-1.2281103134155273,0.0,0.0,-0.0007398809539154172,-0.17144770920276642,0.0,0.0,0.0030678878812730394,0.032136901602374805,-0.035553205758333206,0.08611474931240082,0.0,0.0,0.0,0.0
2.23026442527771,-0.30020931363105774,-1.2281103134155273,0.0,0.0,-0.0007398809539154172,-0.17144770920276642,0.0,0.0,0.0030678878812730394,0.032136901602374805,-0.035553205758333206,0.08611474931240082,0.0,0.0,0.0,0.0
2.2320477962493896,-0.30020931363105774,-1.2281103134155273,0.0,0.0,-0.0007398809539154172,-0.17144770920276642,0.0,0.0,0.0030678878812730394,0.032136901602374805,-0.035553205758333206,0.08611474931240082,0.0,0.0,0.0,0.0
2.234180212020874,-0.30020931363105774,-1.2281103134155273,0.0,0.0,-0.0007398809539154172,-0.17144770920276642,0.0,0.0,0.0030678878812730394,0.032136901602374805,-0.035553205758333206,0.08611474931240082,0.0,0.0,0.0,0.0
2.235743284225464,-0.30020931363105774,-1.2281103134155273,0.0,0.0,-0.0007398809539154172,-0.17144770920276642,0.0,0.0,0.0030678878812730394,0.032136901602374805,-0.035553205758333206,0.08611474931240082,0.0,0.0,0.0,0.0
2.2373430728912354,-0.30020931363105774,-1.2281103134155273,0.0,0.0,-0.0007398809539154172,-0.17144770920276642,0.0,0.0,0.0030678878812730394,0.032136901602374805,-0.035553205758333206,0.08611474931240082,0.0,0.0,0.0,0.0
2.2395851612091064,-0.30020931363105774,-1.2281103134155273,0.0,0.0,-0.0007398809539154172,-0.17144770920276642,0.0,0.0,0.0030678878812730394,0.032136901602374805,-0.035553205758333206,0.08611474931240082,0.0,0.0,0.0,0.0
2.2417242527008057,-0.30020931363105774,-1.2281103134155273,0.0,0.0,-0.0007398809539154172,-0.17144770920276642,0.0,0.0,0.0030678878812730394,0.032136901602374805,-0.035553205758333206,0.08611474931240082,0.0,0.0,0.0,0.0
2.243424892425537,-0.30020931363105774,-1.2281103134155273,0.0,0.0,-0.0007398809539154172,-0.17144770920276642,0.0,0.0,0.0030678878812730394,0.032136901602374805,-0.035553205758333206,0.08611474931240082,0.0,0.0,0.0,0.0
2.245044231414795,-0.30020931363105774,-1.2281103134155273,0.0,0.0,-0.0007398809539154172,-0.17144770920276642,0.0,0.0,0.0030678878812730394,0.032136901602374805,-0.035553205758333206,0.08611474931240082,0.0,0.0,0.0,0.0
2.2467920780181885,-0.30020931363105774,-1.2281103134155273,0.0,0.0,-0.0007398809539154172,-0.17144770920276642,0.0,0.0,0.0030678878812730394,0.032136901602374805,-0.035553205758333206,0.08611474931240082,0.0,0.0,0.0,0.0
2.2504255771636963,-0.30020931363105774,-1.2281103134155273,0.0,0.0,-0.0007398809539154172,-0.17144770920276642,0.0,0.0,0.0030678878812730394,0.032136901602374805,-0.035553205758333206,0.08611474931240082,0.0,0.0,0.0,0.0
2.2519733905792236,-0.30020931363105774,-1.2281103134155273,0.0,0.0,-0.0007398809539154172,-0.17144770920276642,0.0,0.0,0.0030678878812730394,0.032136901602374805,-0.035553205758333206,0.08611474931240082,0.0,0.0,0.0,0.0
2.25355863571167,-0.30020931363105774,-1.2281103134155273,0.0,0.0,-0.0007398809539154172,-0.17144770920276642,0.0,0.0,0.0030678878812730394,0.032136901602374805,-0.035553205758333206,0.08611474931240082,0.0,0.0,0.0,0.0
2.2552685737609863,-0.30020931363105774,-1.2281103134155273,0.0,0.0,-0.0007398809539154172,-0.17144770920276642,0.0,0.0,0.0030678878812730394,0.032136901602374805,-0.035553205758333206,0.08611474931240082,0.0,0.0,0.0,0.0
2.2575860023498535,-0.30020931363105774,-1.2281103134155273,0.0,0.0,-0.0007398809539154172,-0.17144770920276642,0.0,0.0,0.0030678878812730394,0.032136901602374805,-0.035553205758333206,0.08611474931240082,0.0,0.0,0.0,0.0
2.2606728076934814,-0.30020931363105774,-1.2281103134155273,0.0,0.0,-0.0007398809539154172,-0.17144770920276642,0.0,0.0,0.0030678878812730394,0.032136901602374805,-0.035553205758333206,0.08611474931240082,0.0,0.0,0.0,0.0
2.262968063354492,-0.30020931363105774,-1.2281103134155273,0.0,0.0,-0.0007398809539154172,-0.17144770920276642,0.0,0.0,0.0030678878812730394,0.032136901602374805,-0.035553205758333206,0.08611474931240082,0.0,0.0,0.0,0.0
2.2643864154815674,-0.30020931363105774,-1.2281103134155273,0.0,0.0,-0.0007398809539154172,-0.17144770920276642,0.0,0.0,0.0030678878812730394,0.032136901602374805,-0.035553205758333206,0.08611474931240082,0.0,0.0,0.0,0.0
2.2657904624938965,-0.30020931363105774,-1.2281103134155273,0.0,0.0,-0.0007398809539154172,-0.17144770920276642,0.0,0.0,0.0030678878812730394,0.032136901602374805,-0.035553205758333206,0.08611474931240082,0.0,0.0,0.0,0.0
2.2671701908111572,-0.30020931363105774,-1.2281103134155273,0.0,0.0,-0.0007398809539154172,-0.17144770920276642,0.0,0.0,0.0030678878812730394,0.032136901602374805,-0.035553205758333206,0.08611474931240082,0.0,0.0,0.0,0.0
2.2703986167907715,-0.30020931363105774,-1.2281103134155273,0.0,0.0,-0.0007398809539154172,-0.17144770920276642,0.0,0.0,0.0030678878812730394,0.032136901602374805,-0.035553205758333206,0.08611474931240082,0.0,0.0,0.0,0.0
2.271778106689453,-0.30020931363105774,-1.2281103134155273,0.0,0.0,-0.0007398809539154172,-0.17144770920276642,0.0,0.0,0.0030678878812730394,0.032136901602374805,-0.035553205758333206,0.08611474931240082,0.0,0.0,0.0,0.0
2.2739367485046387,-0.30020931363105774,-1.2281103134155273,0.0,0.0,-0.0007398809539154172,-0.17144770920276642,0.0,0.0,0.0030678878812730394,0.032136901602374805,-0.035553205758333206,0.08611474931240082,0.0,0.0,0.0,0.0
2.2753183841705322,-0.30020931363105774,-1.2281103134155273,0.0,0.0,-0.0007398809539154172,-0.17144770920276642,0.0,0.0,0.0030678878812730394,0.032136901602374805,-0.035553205758333206,0.08611474931240082,0.0,0.0,0.0,0.0
2.277125835418701,-0.30020931363105774,-1.2281103134155273,0.0,0.0,-0.0007398809539154172,-0.17144770920276642,0.0,0.0,0.0030678878812730394,0.032136901602374805,-0.035553205758333206,0.08611474931240082,0.0,0.0,0.0,0.0
2.2786903381347656,-0.30020931363105774,-1.2281103134155273,0.0,0.0,-0.0007398809539154172,-0.17144770920276642,0.0,0.0,0.0030678878812730394,0.032136901602374805,-0.035553205758333206,0.08611474931240082,0.0,0.0,0.0,0.0
2.2801406383514404,-0.30020931363105774,-1.2281103134155273,0.0,0.0,-0.0007398809539154172,-0.17144770920276642,0.0,0.0,0.0030678878812730394,0.032136901602374805,-0.035553205758333206,0.08611474931240082,0.0,0.0,0.0,0.0
2.2816002368927,-0.30020931363105774,-1.2281103134155273,0.0,0.0,-0.0007398809539154172,-0.17144770920276642,0.0,0.0,0.0030678878812730394,0.032136901602374805,-0.035553205758333206,0.08611474931240082,0.0,0.0,0.0,0.0
2.2830896377563477,-0.30020931363105774,-1.2281103134155273,0.0,0.0,-0.0007398809539154172,-0.17144770920276642,0.0,0.0,0.0030678878812730394,0.032136901602374805,-0.035553205758333206,0.08611474931240082,0.0,0.0,0.0,0.0
2.285257577896118,-0.30020931363105774,-1.2281103134155273,0.0,0.0,-0.0007398809539154172,-0.17144770920276642,0.0,0.0,0.0030678878812730394,0.032136901602374805,-0.035553205758333206,0.08611474931240082,0.0,0.0,0.0,0.0
2.2867496013641357,-0.30020931363105774,-1.2281103134155273,0.0,0.0,-0.0007398809539154172,-0.17144770920276642,0.0,0.0,0.0030678878812730394,0.032136901602374805,-0.035553205758333206,0.08611474931240082,0.0,0.0,0.0,0.0
2.288480520248413,-0.30020931363105774,-1.2281103134155273,0.0,0.0,-0.0007398809539154172,-0.17144770920276642,0.0,0.0,0.0030678878812730394,0.032136901602374805,-0.035553205758333206,0.08611474931240082,0.0,0.0,0.0,0.0
2.289973735809326,-0.30020931363105774,-1.2281103134155273,0.0,0.0,-0.0007398809539154172,-0.17144770920276642,0.0,0.0,0.0030678878812730394,0.032136901602374805,-0.035553205758333206,0.08611474931240082,0.0,0.0,0.0,0.0
2.291487455368042,-0.30020931363105774,-1.2281103134155273,0.0,0.0,-0.0007398809539154172,-0.17144770920276642,0.0,0.0,0.0030678878812730394,0.032136901602374805,-0.035553205758333206,0.08611474931240082,0.0,0.0,0.0,0.0
2.292999267578125,-0.30020931363105774,-1.2281103134155273,0.0,0.0,-0.0007398809539154172,-0.17144770920276642,0.0,0.0,0.0030678878812730394,0.032136901602374805,-0.035553205758333206,0.08611474931240082,0.0,0.0,0.0,0.0
2.2957005500793457,-0.30020931363105774,-1.2281103134155273,0.0,0.0,-0.0007398809539154172,-0.17144770920276642,0.0,0.0,0.0030678878812730394,0.032136901602374805,-0.035553205758333206,0.08611474931240082,0.0,0.0,0.0,0.0
2.2982709407806396,-0.30020931363105774,-1.2281103134155273,0.0,0.0,-0.0007398809539154172,-0.17144770920276642,0.0,0.0,0.0030678878812730394,0.032136901602374805,-0.035553205758333206,0.08611474931240082,0.0,0.0,0.0,0.0
2.3006949424743652,-0.30020931363105774,-1.2281103134155273,0.0,0.0,-0.0007398809539154172,-0.17144770920276642,0.0,0.0,0.0030678878812730394,0.032136901602374805,-0.035553205758333206,0.08611474931240082,0.0,0.0,0.0,0.0
2.3025572299957275,-0.30020931363105774,-1.2281103134155273,0.0,0.0,-0.0007398809539154172,-0.17144770920276642,0.0,0.0,0.0030678878812730394,0.032136901602374805,-0.035553205758333206,0.08611474931240082,0.0,0.0,0.0,0.0
2.3039896488189697,-0.30020931363105774,-1.2281103134155273,0.0,0.0,-0.0007398809539154172,-0.17144770920276642,0.0,0.0,0.0030678878812730394,0.032136901602374805,-0.035553205758333206,0.08611474931240082,0.0,0.0,0.0,0.0
2.3059160709381104,-0.30020931363105774,-1.2281103134155273,0.0,0.0,-0.0007398809539154172,-0.17144770920276642,0.0,0.0,0.0030678878812730394,0.032136901602374805,-0.035553205758333206,0.08611474931240082,0.0,0.0,0.0,0.0
2.3073041439056396,-0.30020931363105774,-1.2281103134155273,0.0,0.0,-0.0007398809539154172,-0.17144770920276642,0.0,0.0,0.0030678878812730394,0.032136901602374805,-0.035553205758333206,0.08611474931240082,0.0,0.0,0.0,0.0
2.3086931705474854,-0.30020931363105774,-1.2281103134155273,0.0,0.0,-0.0007398809539154172,-0.17144770920276642,0.0,0.0,0.0030678878812730394,0.032136901602374805,-0.035553205758333206,0.08611474931240082,0.0,0.0,0.0,0.0
2.310062885284424,-0.30020931363105774,-1.2281103134155273,0.0,0.0,-0.0007398809539154172,-0.17144770920276642,0.0,0.0,0.0030678878812730394,0.032136901602374805,-0.035553205758333206,0.08611474931240082,0.0,0.0,0.0,0.0
2.311460494995117,-0.30020931363105774,-1.2281103134155273,0.0,0.0,-0.0007398809539154172,-0.17144770920276642,0.0,0.0,0.0030678878812730394,0.032136901602374805,-0.035553205758333206,0.08611474931240082,0.0,0.0,0.0,0.0
2.3128621578216553,-0.30020931363105774,-1.2281103134155273,0.0,0.0,-0.0007398809539154172,-0.17144770920276642,0.0,0.0,0.0030678878812730394,0.032136901602374805,-0.035553205758333206,0.08611474931240082,0.0,0.0,0.0,0.0
2.314587354660034,-0.30020931363105774,-1.2281103134155273,0.0,0.0,-0.0007398809539154172,-0.17144770920276642,0.0,0.0,0.0030678878812730394,0.032136901602374805,-0.035553205758333206,0.08611474931240082,0.0,0.0,0.0,0.0
2.316559314727783,-0.30020931363105774,-1.2281103134155273,0.0,0.0,-0.0007398809539154172,-0.17144770920276642,0.0,0.0,0.0030678878812730394,0.032136901602374805,-0.035553205758333206,0.08611474931240082,0.0,0.0,0.0,0.0
2.3190505504608154,-0.30020931363105774,-1.2281103134155273,0.0,0.0,-0.0007398809539154172,-0.17144770920276642,0.0,0.0,0.0030678878812730394,0.032136901602374805,-0.035553205758333206,0.08611474931240082,0.0,0.0,0.0,0.0
2.321275234222412,-0.30020931363105774,-1.2281103134155273,0.0,0.0,-0.0007398809539154172,-0.17144770920276642,0.0,0.0,0.0030678878812730394,0.032136901602374805,-0.035553205758333206,0.08611474931240082,0.0,0.0,0.0,0.0
2.3231873512268066,-0.30020931363105774,-1.2281103134155273,0.0,0.0,-0.0007398809539154172,-0.17144770920276642,0.0,0.0,0.0030678878812730394,0.032136901602374805,-0.035553205758333206,0.08611474931240082,0.0,0.0,0.0,0.0
2.3252580165863037,-0.30020931363105774,-1.2281103134155273,0.0,0.0,-0.0007398809539154172,-0.17144770920276642,0.0,0.0,0.0030678878812730394,0.032136901602374805,-0.035553205758333206,0.08611474931240082,0.0,0.0,0.0,0.0
2.327120780944824,-0.30020931363105774,-1.2281103134155273,0.0,0.0,-0.0007398809539154172,-0.17144770920276642,0.0,0.0,0.0030678878812730394,0.032136901602374805,-0.035553205758333206,0.08611474931240082,0.0,0.0,0.0,0.0
2.3294291496276855,-0.30020931363105774,-1.2281103134155273,0.0,0.0,-0.0007398809539154172,-0.17144770920276642,0.0,0.0,0.0030678878812730394,0.032136901602374805,-0.035553205758333206,0.08611474931240082,0.0,0.0,0.0,0.0
2.3316335678100586,-0.30020931363105774,-1.2281103134155273,0.0,0.0,-0.0007398809539154172,-0.17144770920276642,0.0,0.0,0.0030678878812730394,0.032136901602374805,-0.035553205758333206,0.08611474931240082,0.0,0.0,0.0,0.0
2.333578586578369,-0.30020931363105774,-1.2281103134155273,0.0,0.0,-0.0007398809539154172,-0.17144770920276642,0.0,0.0,0.0030678878812730394,0.032136901602374805,-0.035553205758333206,0.08611474931240082,0.0,0.0,0.0,0.0
2.335670232772827,-0.30020931363105774,-1.2281103134155273,0.0,0.0,-0.0007398809539154172,-0.17144770920276642,0.0,0.0,0.0030678878812730394,0.032136901602374805,-0.035553205758333206,0.08611474931240082,0.0,0.0,0.0,0.0
2.33754825592041,-0.30020931363105774,-1.2281103134155273,0.0,0.0,-0.0007398809539154172,-0.17144770920276642,0.0,0.0,0.0030678878812730394,0.032136901602374805,-0.035553205758333206,0.08611474931240082,0.0,0.0,0.0,0.0
2.339982032775879,-0.30020931363105774,-1.2281103134155273,0.0,0.0,-0.0007398809539154172,-0.17144770920276642,0.0,0.0,0.0030678878812730394,0.032136901602374805,-0.035553205758333206,0.08611474931240082,0.0,0.0,0.0,0.0
2.341904878616333,-0.30020931363105774,-1.2281103134155273,0.0,0.0,-0.0007398809539154172,-0.17144770920276642,0.0,0.0,0.0030678878812730394,0.032136901602374805,-0.035553205758333206,0.08611474931240082,0.0,0.0,0.0,0.0
2.343970775604248,-0.30020931363105774,-1.2281103134155273,0.0,0.0,-0.0007398809539154172,-0.17144770920276642,0.0,0.0,0.0030678878812730394,0.032136901602374805,-0.035553205758333206,0.08611474931240082,0.0,0.0,0.0,0.0
2.345893383026123,-0.30020931363105774,-1.2281103134155273,0.0,0.0,-0.0007398809539154172,-0.17144770920276642,0.0,0.0,0.0030678878812730394,0.032136901602374805,-0.035553205758333206,0.08611474931240082,0.0,0.0,0.0,0.0
2.34771990776062,-0.30020931363105774,-1.2281103134155273,0.0,0.0,-0.0007398809539154172,-0.17144770920276642,0.0,0.0,0.0030678878812730394,0.032136901602374805,-0.035553205758333206,0.08611474931240082,0.0,0.0,0.0,0.0
2.3503620624542236,-0.30020931363105774,-1.2281103134155273,0.0,0.0,-0.0007398809539154172,-0.17144770920276642,0.0,0.0,0.0030678878812730394,0.032136901602374805,-0.035553205758333206,0.08611474931240082,0.0,0.0,0.0,0.0
2.3519530296325684,-0.30020931363105774,-1.2281103134155273,0.0,0.0,-0.0007398809539154172,-0.17144770920276642,0.0,0.0,0.0030678878812730394,0.032136901602374805,-0.035553205758333206,0.08611474931240082,0.0,0.0,0.0,0.0
2.353468656539917,-0.30020931363105774,-1.2281103134155273,0.0,0.0,-0.0007398809539154172,-0.17144770920276642,0.0,0.0,0.0030678878812730394,0.032136901602374805,-0.035553205758333206,0.08611474931240082,0.0,0.0,0.0,0.0
2.3555479049682617,-0.30020931363105774,-1.2281103134155273,0.0,0.0,-0.0007398809539154172,-0.17144770920276642,0.0,0.0,0.0030678878812730394,0.032136901602374805,-0.055873021483421326,0.1073865219950676,0.0,0.0,0.0,0.0
2.3575148582458496,-0.30020931363105774,-1.2281103134155273,0.0,0.0,-0.0007398809539154172,-0.17144770920276642,0.0,0.0,0.0030678878812730394,0.032136901602374805,-0.055873021483421326,0.1073865219950676,0.0,0.0,0.0,0.0
2.3594930171966553,-0.30020931363105774,-1.2281103134155273,0.0,0.0,-0.0007398809539154172,-0.17144770920276642,0.0,0.0,0.0030678878812730394,0.032136901602374805,-0.055873021483421326,0.1073865219950676,0.0,0.0,0.0,0.0
2.3613955974578857,-0.30020931363105774,-1.2281103134155273,0.0,0.0,-0.0007398809539154172,-0.17144770920276642,0.0,0.0,0.0030678878812730394,0.032136901602374805,-0.055873021483421326,0.1073865219950676,0.0,0.0,0.0,0.0
2.362881660461426,-0.30020931363105774,-1.2281103134155273,0.0,0.0,-0.0007398809539154172,-0.17144770920276642,0.0,0.0,0.0030678878812730394,0.032136901602374805,-0.04981976002454758,0.10133398324251175,0.0,0.0,0.0,0.0
2.3649041652679443,-0.30020931363105774,-1.2281103134155273,0.0,0.0,-0.0007398809539154172,-0.17144770920276642,0.0,0.0,0.0032021111636400808,0.032136901602374805,-0.04818898066878319,0.10133398324251175,0.0,0.0,0.0,0.0
2.3663456439971924,-0.30020931363105774,-1.2281103134155273,0.0,0.0,-0.0007398809539154172,-0.17144770920276642,0.0,0.0,0.0032021111636400808,0.032136901602374805,-0.04818898066878319,0.10133398324251175,0.0,0.0,0.0,0.0
2.368333101272583,-0.30020931363105774,-1.2281103134155273,0.0,0.0,-0.0007398809539154172,-0.17144770920276642,0.0,0.0,0.003576019126979014,0.032136901602374805,-0.04346829652786255,0.10133398324251175,0.0,0.0,0.0,0.0
2.3698978424072266,-0.30020931363105774,-1.2281103134155273,0.0,0.0,-0.0007398809539154172,-0.17144770920276642,0.0,0.0,0.003614368427238443,0.032271124336147566,-0.04441243037581444,0.09970320016145706,0.0,0.0,0.0,0.0
2.3714122772216797,-0.30020931363105774,-1.2281103134155273,0.0,0.0,-0.0007398809539154172,-0.17144770920276642,0.0,0.0,0.003614368427238443,0.032271124336147566,-0.04441243037581444,0.09970320016145706,0.0,0.0,0.0,0.0
2.3730087280273438,-0.30020931363105774,-1.2281103134155273,0.0,0.0,-0.0007398809539154172,-0.17144770920276642,0.0,0.0,0.0036814801598543437,0.032736112847642634,-0.040098708122968674,0.08849440515041351,0.0,0.0,0.0,0.0
2.375311851501465,-0.30020931363105774,-1.2281103134155273,0.0,0.0,-0.0007398809539154172,-0.17144770920276642,0.0,0.0,0.0038492593085293356,0.03276008129745334,-0.03829626366496086,0.08938132971525192,0.0,0.0,0.0,0.0
2.3768110275268555,-0.30020931363105774,-1.2281103134155273,0.0,0.0,-0.0007398809539154172,-0.17144770920276642,0.0,0.0,0.0038492593085293356,0.03276008129745334,-0.03829626366496086,0.08938132971525192,0.0,0.0,0.0,0.0
2.379091262817383,-0.3075753152370453,-1.648344874382019,0.0,0.0,-0.0007398809539154172,-0.17144770920276642,0.0,0.0,0.003945133107772189,0.03275049333236183,-0.037695448845624924,0.09161292761564255,0.0,0.0,0.0,0.0
2.380580425262451,-0.3075753152370453,-1.648344874382019,0.0,0.0,-0.0007398809539154172,-0.17144770920276642,0.0,0.0,0.003969101557582902,0.03275049333236183,-0.037581007927656174,0.09161292761564255,0.0,0.0,0.0,0.0
2.382197618484497,-0.3075753152370453,-1.648344874382019,0.0,0.0,-0.0007398809539154172,-0.17144770920276642,0.0,0.0,0.003969101557582902,0.03275049333236183,-0.037581007927656174,0.09161292761564255,0.0,0.0,0.0,0.0
2.383659601211548,-0.3075753152370453,-1.648344874382019,0.0,0.0,-0.0007398809539154172,-0.17144770920276642,0.0,0.0,0.003988276390577376,0.03275049333236183,-0.0322001650929451,0.08554473519325256,0.0,0.0,0.0,0.0
2.3851537704467773,-0.3075753152370453,-1.648344874382019,0.0,0.0,-0.0007398809539154172,-0.17144770920276642,0.0,0.0,0.003988276390577376,0.03275049333236183,-0.0322001650929451,0.08554473519325256,0.0,0.0,0.0,0.0
2.3866565227508545,-0.3075753152370453,-1.648344874382019,0.0,0.0,-0.0007398809539154172,-0.17144770920276642,0.0,0.0,0.0034513828953796895,0.03275049333236183,-0.03789360821247101,0.08554473519325256,0.0,0.0,0.0,0.0
2.3882803916931152,-0.3075753152370453,-1.648344874382019,0.0,0.0,-0.0007398809539154172,-0.17144770920276642,0.0,0.0,0.0032452544464452687,0.03275049333236183,-0.03903801739215851,0.08554473519325256,0.0,0.0,0.0,0.0
2.3903393745422363,-0.3070516288280487,-1.526023030281067,0.0,0.0,-0.0007398809539154172,-0.17144770920276642,0.0,0.0,0.0032452544464452687,0.03275049333236183,-0.03903801739215851,0.08554473519325256,0.0,0.0,0.0,0.0
2.392641305923462,-0.3070516288280487,-1.526023030281067,0.0,0.0,-0.0007398809539154172,-0.17144770920276642,0.0,0.0,0.0031014437475809895,0.03224715588633685,-0.038294143974781036,0.09103788435459137,0.0,0.0,0.0,0.0
2.3942832946777344,-0.3070516288280487,-1.526023030281067,0.0,0.0,-0.0007398809539154172,-0.17144770920276642,0.0,0.0,0.003139793047840419,0.032232775401617654,-0.031233694404363632,0.083433136343956,0.0,0.0,0.0,0.0
2.3957793712615967,-0.3070516288280487,-1.526023030281067,0.0,0.0,-0.0007398809539154172,-0.17144770920276642,0.0,0.0,0.003139793047840419,0.03228550774670292,-0.031233694404363632,0.0822887122631073,0.0,0.0,0.0,0.0
2.397270917892456,-0.3070516288280487,-1.526023030281067,0.0,0.0,-0.0007398809539154172,-0.17144770920276642,0.0,0.0,0.003139793047840419,0.03228550774670292,-0.031233694404363632,0.0822887122631073,0.0,0.0,0.0,0.0
2.4002084732055664,-0.2879889905452728,-1.2986109256744385,0.0,0.0,-0.0007408478413708508,-0.1713876873254776,0.0,0.0,0.003139793047840419,0.03228550774670292,-0.031233694404363632,0.0822887122631073,0.0,0.0,0.0,0.0
2.4022936820983887,-0.2879889905452728,-1.2986109256744385,0.0,0.0,-0.0007408478413708508,-0.1713876873254776,0.0,0.0,0.003139793047840419,0.03228550774670292,-0.031233694404363632,0.0822887122631073,0.0,0.0,0.0,0.0
2.4040637016296387,-0.2879889905452728,-1.2986109256744385,0.0,0.0,-0.0007408478413708508,-0.1713876873254776,0.0,0.0,0.003139793047840419,0.03228550774670292,-0.025171900168061256,0.0762290433049202,0.0,0.0,0.0,0.0
2.405583143234253,-0.2879889905452728,-1.2986109256744385,0.0,0.0,-0.0007408478413708508,-0.1713876873254776,0.0,0.0,0.003139793047840419,0.03228550774670292,-0.025171900168061256,0.0762290433049202,0.0,0.0,0.0,0.0
2.407235622406006,-0.2879889905452728,-1.2986109256744385,0.0,0.0,-0.0007408478413708508,-0.1713876873254776,0.0,0.0,0.003043919431462326,0.03228550774670292,-0.026545191183686256,0.0762290433049202,0.0,0.0,0.0,0.0
2.409259080886841,-0.31659287214279175,-1.1888998746871948,0.0,0.0,-0.0007658253307454288,-0.1713717132806778,0.0,0.0,0.002943251832538475,0.03228550774670292,-0.027174614369869232,0.0762290433049202,0.0,0.0,0.0,0.0
2.4114608764648438,-0.31659287214279175,-1.1888998746871948,0.0,0.0,-0.0007658253307454288,-0.1713717132806778,0.0,0.0,0.0028569654497928596,0.03228550774670292,-0.027718210592865944,0.0762290433049202,0.0,0.0,0.0,0.0
2.412903308868408,-0.31659287214279175,-1.1888998746871948,0.0,0.0,-0.0007658253307454288,-0.1713717132806778,0.0,0.0,0.0028569654497928596,0.03228550774670292,-0.027718210592865944,0.0762290433049202,0.0,0.0,0.0,0.0
2.414371967315674,-0.31659287214279175,-1.1888998746871948,0.0,0.0,-0.0007658253307454288,-0.1713717132806778,0.0,0.0,0.002837790799663145,0.03228550774670292,-0.022140245884656906,0.07010749727487564,0.0,0.0,0.0,0.0
2.415796995162964,-0.31659287214279175,-1.1888998746871948,0.0,0.0,-0.0007658253307454288,-0.1713717132806778,0.0,0.0,0.002837790799663145,0.03228550774670292,-0.022140245884656906,0.07010749727487564,0.0,0.0,0.0,0.0
2.4172463417053223,-0.31659287214279175,-1.1888998746871948,0.0,0.0,-0.0007658253307454288,-0.1713717132806778,0.0,0.0,0.0028329969999821465,0.03211772859802793,-0.020881395787000656,0.07190995663404465,0.0,0.0,0.0,0.0
2.4188342094421387,-0.3094584047794342,-1.1573890447616577,0.0,0.0,-0.0007378014270216227,-0.17143942415714264,0.0,0.0,0.0026604242344909156,0.032021854798785075,-0.022741060703992844,0.07251076400279999,0.0,0.0,0.0,0.0
2.4202520847320557,-0.3094584047794342,-1.1573890447616577,0.0,0.0,-0.0007378014270216227,-0.17143942415714264,0.0,0.0,0.0026604242344909156,0.032021854798785075,-0.022741060703992844,0.07251076400279999,0.0,0.0,0.0,0.0
2.4216299057006836,-0.3094584047794342,-1.1573890447616577,0.0,0.0,-0.0007378014270216227,-0.17143942415714264,0.0,0.0,0.002569344052064302,0.031825311754835536,-0.023256046697497368,0.07457070052623749,0.0,0.0,0.0,0.0
2.422978401184082,-0.3094584047794342,-1.1573890447616577,0.0,0.0,-0.0007378014270216227,-0.17143942415714264,0.0,0.0,0.002569344052064302,0.031825311754835536,-0.023256046697497368,0.07457070052623749,0.0,0.0,0.0,0.0
2.424838066101074,-0.3094584047794342,-1.1573890447616577,0.0,0.0,-0.0007378014270216227,-0.17143942415714264,0.0,0.0,0.0022817226543357444,0.03162397619125831,-0.02061310037970543,0.06955311447381973,0.0,0.0,0.0,0.0
2.426229476928711,-0.3094584047794342,-1.1573890447616577,0.0,0.0,-0.0007378014270216227,-0.17143942415714264,0.0,0.0,0.0021762614385956542,0.03148496093785787,-0.01958313211798668,0.07049725204706192,0.0,0.0,0.0,0.0
2.4276504516601562,-0.3094584047794342,-1.1573890447616577,0.0,0.0,-0.0007378014270216227,-0.17143942415714264,0.0,0.0,0.0021762614385956542,0.03148496093785787,-0.01958313211798668,0.07049725204706192,0.0,0.0,0.0,0.0
2.4292666912078857,-0.3021961748600006,-1.0233913660049438,0.0,0.0,-0.0007332532550208271,-0.1714368313550949,0.0,0.0,0.002219404721400842,0.031350738204085106,-0.018495945259928703,0.07175608724355698,0.0,0.0,0.0,0.0
2.4307656288146973,-0.3021961748600006,-1.0233913660049438,0.0,0.0,-0.0007332532550208271,-0.1714368313550949,0.0,0.0,0.002219404721400842,0.031350738204085106,-0.018495945259928703,0.07175608724355698,0.0,0.0,0.0,0.0
2.4330556392669678,-0.3021961748600006,-1.0233913660049438,0.0,0.0,-0.0007332532550208271,-0.1714368313550949,0.0,0.0,0.002219404721400842,0.0313651186888043,-0.012439842335879803,0.06349557638168335,0.0,0.0,0.0,0.0
2.434540033340454,-0.3021961748600006,-1.0233913660049438,0.0,0.0,-0.0007332532550208271,-0.1714368313550949,0.0,0.0,0.002219404721400842,0.0313651186888043,-0.012439842335879803,0.06349557638168335,0.0,0.0,0.0,0.0
2.436574697494507,-0.3021961748600006,-1.0233913660049438,0.0,0.0,-0.0007332532550208271,-0.1714368313550949,0.0,0.0,0.0021331183386552265,0.0313651186888043,-0.012439842335879803,0.06349557638168335,0.0,0.0,0.0,0.0
2.4386701583862305,-0.28361213207244873,-0.930932879447937,0.0,0.0,-0.0007074417662806809,-0.1714518666267395,0.0,0.0,0.0020468319559096113,0.0313651186888043,-0.014299508184194565,0.06349557638168335,0.0,0.0,0.0,0.0
2.4401583671569824,-0.28361213207244873,-0.930932879447937,0.0,0.0,-0.0007074417662806809,-0.1714518666267395,0.0,0.0,0.0020468319559096113,0.0313651186888043,-0.014299508184194565,0.06349557638168335,0.0,0.0,0.0,0.0
2.441594123840332,-0.28361213207244873,-0.930932879447937,0.0,0.0,-0.0007074417662806809,-0.1714518666267395,0.0,0.0,0.001936576940488523,0.0313651186888043,-0.014957542531192303,0.06349557638168335,0.0,0.0,0.0,0.0
2.4430458545684814,-0.28361213207244873,-0.930932879447937,0.0,0.0,-0.0007074417662806809,-0.1714518666267395,0.0,0.0,0.001936576940488523,0.0313651186888043,-0.014957542531192303,0.06349557638168335,0.0,0.0,0.0,0.0
2.445171594619751,-0.28361213207244873,-0.930932879447937,0.0,0.0,-0.0007074417662806809,-0.1714518666267395,0.0,0.0,0.0019174022903588083,0.03127403740918913,-0.009453574195504189,0.058821313083171844,0.0,0.0,0.0,0.0
2.4467742443084717,-0.28361213207244873,-0.930932879447937,0.0,0.0,-0.0007074417662806809,-0.1714518666267395,0.0,0.0,0.00191260849067781,0.031173371090318598,-0.008223334327340126,0.05939352139830589,0.0,0.0,0.0,0.0
2.4488627910614014,-0.28914523124694824,-0.9095296263694763,0.0,0.0,-0.0007167274015955627,-0.17151208221912384,0.0,0.0,0.00191260849067781,0.031077497291075746,-0.008223334327340126,0.05996572598814964,0.0,0.0,0.0,0.0
2.4503731727600098,-0.28914523124694824,-0.9095296263694763,0.0,0.0,-0.0007167274015955627,-0.17151208221912384,0.0,0.0,0.00191260849067781,0.031077497291075746,-0.008223334327340126,0.05996572598814964,0.0,0.0,0.0,0.0
2.45198917388916,-0.28914523124694824,-0.9095296263694763,0.0,0.0,-0.0007167274015955627,-0.17151208221912384,0.0,0.0,0.001831115907613193,0.03105832136089271,-0.0022355355322360992,0.054579440504312515,0.0,0.0,0.0,0.0
2.454138994216919,-0.28914523124694824,-0.9095296263694763,0.0,0.0,-0.0007167274015955627,-0.17151208221912384,0.0,0.0,0.001730448308689342,0.03105832136089271,-0.004152420908212662,0.053291987627744675,0.0,0.0,0.0,0.0
2.4556024074554443,-0.28914523124694824,-0.9095296263694763,0.0,0.0,-0.0007167274015955627,-0.17151208221912384,0.0,0.0,0.001730448308689342,0.03105832136089271,-0.004152420908212662,0.053291987627744675,0.0,0.0,0.0,0.0
2.4570717811584473,-0.28914523124694824,-0.9095296263694763,0.0,0.0,-0.0007167274015955627,-0.17151208221912384,0.0,0.0,0.0014140648443338323,0.03105832136089271,-0.007700089830905199,0.053291987627744675,0.0,0.0,0.0,0.0
2.45967698097229,-0.3009273409843445,-0.7656368017196655,0.0,0.0,-0.0007336428388953209,-0.1715279221534729,0.0,0.0,0.0012223172458481271,0.03093368659221147,-0.0079575814306736,0.05486554279923439,0.0,0.0,0.0,0.0
2.462155818939209,-0.3009273409843445,-0.7656368017196655,0.0,0.0,-0.0007336428388953209,-0.1715279221534729,0.0,0.0,0.001030569647362422,0.030828224827877098,-0.0031031083781272173,0.049410972744226456,0.0,0.0,0.0,0.0
2.4644827842712402,-0.3009273409843445,-0.7656368017196655,0.0,0.0,-0.0007336428388953209,-0.1715279221534729,0.0,0.0,0.0009538705896816641,0.03074193899372576,-0.0027025651652365923,0.04995457082986832,0.0,0.0,0.0,0.0
2.4667611122131348,-0.3009273409843445,-0.7656368017196655,0.0,0.0,-0.0007336428388953209,-0.1715279221534729,0.0,0.0,0.0008627904986874301,0.03075152695881728,-0.0032747697550803423,0.049067649990320206,0.0,0.0,0.0,0.0
2.468831777572632,-0.2906501591205597,-0.6882608532905579,0.0,0.0,-0.000715648231562227,-0.17154745757579803,0.0,0.0,0.0007669166537283875,0.03061250877958068,-0.003818363882601261,0.05072705075144768,0.0,0.0,0.0,0.0
2.470304250717163,-0.2906501591205597,-0.6882608532905579,0.0,0.0,-0.000715648231562227,-0.17154745757579803,0.0,0.0,0.0007669166537283875,0.03061250877958068,-0.003818363882601261,0.05072705075144768,0.0,0.0,0.0,0.0
2.4717817306518555,-0.2906501591205597,-0.6882608532905579,0.0,0.0,-0.000715648231562227,-0.17154745757579803,0.0,0.0,0.0003930088275380245,0.030166696198268648,-0.0016875568544492126,0.04971202462911606,0.0,0.0,0.0,0.0
2.4733731746673584,-0.2906501591205597,-0.6882608532905579,0.0,0.0,-0.000715648231562227,-0.17154745757579803,0.0,0.0,0.0003930088275380245,0.030166696198268648,-0.0016875568544492126,0.04971202462911606,0.0,0.0,0.0,0.0
2.4749715328216553,-0.2906501591205597,-0.6882608532905579,0.0,0.0,-0.000715648231562227,-0.17154745757579803,0.0,0.0,0.00024919815153184063,0.03011875929864722,-0.00037148603587411344,0.048939552158117294,0.0,0.0,0.0,0.0
2.4772322177886963,-0.2906501591205597,-0.6882608532905579,0.0,0.0,-0.000715648231562227,-0.17154745757579803,0.0,0.0,-0.0002541393173512304,0.029864694315820894,-0.006265193689614534,0.04996951296925545,0.0,0.0,0.0,0.0
2.478915214538574,-0.2888385057449341,-0.5788227915763855,0.0,0.0,-0.0007181856781244278,-0.1715673953294754,0.0,0.0,-0.0002541393173512304,0.029864694315820894,-0.006265193689614534,0.04996951296925545,0.0,0.0,0.0,0.0
2.480707883834839,-0.2888385057449341,-0.5788227915763855,0.0,0.0,-0.0007181856781244278,-0.1715673953294754,0.0,0.0,-0.00025413934020932535,0.0297784055558334,-0.0038905444089323282,0.04965479299426079,0.0,0.0,0.0,0.0
2.482921838760376,-0.2888385057449341,-0.5788227915763855,0.0,0.0,-0.0007181856781244278,-0.1715673953294754,0.0,0.0,-0.00023496457578913585,0.029749644586395008,0.0030983106698840857,0.04246426001191139,0.0,0.0,0.0,0.0
2.4845714569091797,-0.2888385057449341,-0.5788227915763855,0.0,0.0,-0.0007181856781244278,-0.1715673953294754,0.0,0.0,-0.00023496457578913585,0.029749644586395008,0.0030983106698840857,0.04246426001191139,0.0,0.0,0.0,0.0
2.486935615539551,-0.2888385057449341,-0.5788227915763855,0.0,0.0,-0.0007181856781244278,-0.1715673953294754,0.0,0.0,-0.00023496457578913585,0.02963459485696912,0.0030983106698840857,0.04443836957216263,0.0,0.0,0.0,0.0
2.488523244857788,-0.27192825078964233,-0.5290265679359436,0.0,0.0,-0.0006780763505958021,-0.17161358892917633,0.0,0.0,-0.00023496457578913585,0.029519548053379394,0.0030983106698840857,0.04509640112519264,0.0,0.0,0.0,0.0
2.4900565147399902,-0.27192825078964233,-0.5290265679359436,0.0,0.0,-0.0006780763505958021,-0.17161358892917633,0.0,0.0,-0.00023496457578913585,0.029519548053379394,0.0030983106698840857,0.04509640112519264,0.0,0.0,0.0,0.0
2.492124080657959,-0.27192825078964233,-0.5290265679359436,0.0,0.0,-0.0006780763505958021,-0.17161358892917633,0.0,0.0,-0.00023496457578913585,0.029524340573007072,0.0030983106698840857,0.04429531842470169,0.0,0.0,0.0,0.0
2.49360990524292,-0.27192825078964233,-0.5290265679359436,0.0,0.0,-0.0006780763505958021,-0.17161358892917633,0.0,0.0,-0.00023496457578913585,0.02938532531960663,0.009125953540205956,0.039899881929159164,0.0,0.0,0.0,0.0
2.4950695037841797,-0.27192825078964233,-0.5290265679359436,0.0,0.0,-0.0006780763505958021,-0.17161358892917633,0.0,0.0,-0.00023496457578913585,0.02938532531960663,0.009125953540205956,0.039899881929159164,0.0,0.0,0.0,0.0
2.496530532836914,-0.27192825078964233,-0.5290265679359436,0.0,0.0,-0.0006780763505958021,-0.17161358892917633,0.0,0.0,-0.00023496457578913585,0.029279863555272262,0.009125953540205956,0.04052931070327759,0.0,0.0,0.0,0.0
2.498136043548584,-0.2817869186401367,-0.5175323486328125,0.0,0.0,-0.0006804181612096727,-0.17167796194553375,0.0,0.0,-0.00023496457578913585,0.029279863555272262,0.009125953540205956,0.04052931070327759,0.0,0.0,0.0,0.0
2.4998111724853516,-0.2817869186401367,-0.5175323486328125,0.0,0.0,-0.0006804181612096727,-0.17167796194553375,0.0,0.0,-0.00023496457578913585,0.02917440179093789,0.009125953540205956,0.0411873422563076,0.0,0.0,0.0,0.0
2.501221179962158,-0.2817869186401367,-0.5175323486328125,0.0,0.0,-0.0006804181612096727,-0.17167796194553375,0.0,0.0,-0.00023496457578913585,0.02917440179093789,0.009125953540205956,0.0411873422563076,0.0,0.0,0.0,0.0
2.5026094913482666,-0.2817869186401367,-0.5175323486328125,0.0,0.0,-0.0006804181612096727,-0.17167796194553375,0.0,0.0,-0.00023496457578913585,0.02910249644150575,0.015122289769351482,0.035648755729198456,0.0,0.0,0.0,0.0
2.504610061645508,-0.2817869186401367,-0.5175323486328125,0.0,0.0,-0.0006804181612096727,-0.17167796194553375,0.0,0.0,-0.0003500131394521779,0.02900183012263522,0.01360594853758812,0.036192357540130615,0.0,0.0,0.0,0.0
2.506053924560547,-0.2817869186401367,-0.5175323486328125,0.0,0.0,-0.0006804181612096727,-0.17167796194553375,0.0,0.0,-0.0003500131394521779,0.02900183012263522,0.01360594853758812,0.036192357540130615,0.0,0.0,0.0,0.0
2.507528305053711,-0.2817869186401367,-0.5175323486328125,0.0,0.0,-0.0006804181612096727,-0.17167796194553375,0.0,0.0,-0.00045068062408555414,0.02882925552849639,0.01303374394774437,0.036793164908885956,0.0,0.0,0.0,0.0
2.509622812271118,-0.26684334874153137,-0.3960699141025543,0.0,0.0,-0.0006624853704124689,-0.17172980308532715,0.0,0.0,-0.0007430956843465405,0.02826839321775847,0.00960051640868187,0.0437740720808506,0.0,0.0,0.0,0.0
2.5110607147216797,-0.26684334874153137,-0.3960699141025543,0.0,0.0,-0.0006624853704124689,-0.17172980308532715,0.0,0.0,-0.0007430956843465405,0.02826839321775847,0.00960051640868187,0.0437740720808506,0.0,0.0,0.0,0.0
2.5124802589416504,-0.26684334874153137,-0.3960699141025543,0.0,0.0,-0.0006624853704124689,-0.17172980308532715,0.0,0.0,-0.000853350562619059,0.028292361667569186,0.015476418659090996,0.03572237491607666,0.0,0.0,0.0,0.0
2.514423131942749,-0.26684334874153137,-0.3960699141025543,0.0,0.0,-0.0006624853704124689,-0.17172980308532715,0.0,0.0,-0.0010882413524775719,0.02802870871965134,0.014417838305234909,0.03675233572721481,0.0,0.0,0.0,0.0
2.5158958435058594,-0.26684334874153137,-0.3960699141025543,0.0,0.0,-0.0006624853704124689,-0.17172980308532715,0.0,0.0,-0.0010882413524775719,0.02802870871965134,0.014417838305234909,0.03675233572721481,0.0,0.0,0.0,0.0
2.5184295177459717,-0.28670185804367065,-0.3092365562915802,0.0,0.0,-0.0006938392180018127,-0.17174774408340454,0.0,0.0,-0.0014285933580761743,0.027621245072869217,0.011556816287338734,0.0399852991104126,0.0,0.0,0.0,0.0
2.5200138092041016,-0.28670185804367065,-0.3092365562915802,0.0,0.0,-0.0006938392180018127,-0.17174774408340454,0.0,0.0,-0.0014909112910110765,0.027510990788907168,0.012844277545809746,0.03989946097135544,0.0,0.0,0.0,0.0
2.521498918533325,-0.28670185804367065,-0.3092365562915802,0.0,0.0,-0.0006938392180018127,-0.17174774408340454,0.0,0.0,-0.0014909112910110765,0.027510990788907168,0.012844277545809746,0.03989946097135544,0.0,0.0,0.0,0.0
2.52327561378479,-0.28670185804367065,-0.3092365562915802,0.0,0.0,-0.0006938392180018127,-0.17174774408340454,0.0,0.0,-0.0015819913820053105,0.027026829273065225,0.018314095214009285,0.03843578323721886,0.0,0.0,0.0,0.0
2.525151014328003,-0.28670185804367065,-0.3092365562915802,0.0,0.0,-0.0006938392180018127,-0.17174774408340454,0.0,0.0,-0.0016874525977454004,0.026815905744396486,0.01768466830253601,0.038779109716415405,0.0,0.0,0.0,0.0
2.5268285274505615,-0.28670185804367065,-0.3092365562915802,0.0,0.0,-0.0006938392180018127,-0.17174774408340454,0.0,0.0,-0.0016874525977454004,0.026815905744396486,0.01768466830253601,0.038779109716415405,0.0,0.0,0.0,0.0
2.528299570083618,-0.29085439443588257,-0.22656524181365967,0.0,0.0,-0.0007169960881583393,-0.17177239060401917,0.0,0.0,-0.0020757414115330493,0.026537872311759445,0.013707846403121948,0.040524326264858246,0.0,0.0,0.0,0.0
2.5301504135131836,-0.29085439443588257,-0.22656524181365967,0.0,0.0,-0.0007169960881583393,-0.17177239060401917,0.0,0.0,-0.0022003774602676134,0.02625025091403089,0.015138357877731323,0.04215511307120323,0.0,0.0,0.0,0.0
2.531812906265259,-0.29085439443588257,-0.22656524181365967,0.0,0.0,-0.0007169960881583393,-0.17177239060401917,0.0,0.0,-0.0022003774602676134,0.02625025091403089,0.015138357877731323,0.04215511307120323,0.0,0.0,0.0,0.0
2.5332398414611816,-0.29085439443588257,-0.22656524181365967,0.0,0.0,-0.0007169960881583393,-0.17177239060401917,0.0,0.0,-0.0024017124752505558,0.02578526240253582,0.018665529787540436,0.0396014079451561,0.0,0.0,0.0,0.0
2.5346415042877197,-0.29085439443588257,-0.22656524181365967,0.0,0.0,-0.0007169960881583393,-0.17177239060401917,0.0,0.0,-0.0024017124752505558,0.02578526240253582,0.018665529787540436,0.0396014079451561,0.0,0.0,0.0,0.0
2.5361154079437256,-0.29085439443588257,-0.22656524181365967,0.0,0.0,-0.0007169960881583393,-0.17177239060401917,0.0,0.0,-0.0025886662740552627,0.025814026297810374,0.017549727112054825,0.03716953098773956,0.0,0.0,0.0,0.0
2.5376505851745605,-0.29085439443588257,-0.22656524181365967,0.0,0.0,-0.0007169960881583393,-0.17177239060401917,0.0,0.0,-0.0025886662740552627,0.025814026297810374,0.017549727112054825,0.03716953098773956,0.0,0.0,0.0,0.0
2.5397627353668213,-0.29882514476776123,-0.20282456278800964,0.0,0.0,-0.0007349453517235816,-0.17183245718479156,0.0,0.0,-0.0026941274897953524,0.02554557790442869,0.016405319795012474,0.03954418748617172,0.0,0.0,0.0,0.0
2.5414249897003174,-0.29882514476776123,-0.20282456278800964,0.0,0.0,-0.0007349453517235816,-0.17183245718479156,0.0,0.0,-0.002689333872979114,0.02547846800046039,0.018551085144281387,0.03917224705219269,0.0,0.0,0.0,0.0
2.543166160583496,-0.29882514476776123,-0.20282456278800964,0.0,0.0,-0.0007349453517235816,-0.17183245718479156,0.0,0.0,-0.002785207672221966,0.025219607572170222,0.02323659509420395,0.035458799451589584,0.0,0.0,0.0,0.0
2.544696092605591,-0.29882514476776123,-0.20282456278800964,0.0,0.0,-0.0007349453517235816,-0.17183245718479156,0.0,0.0,-0.002785207672221966,0.025219607572170222,0.02323659509420395,0.035458799451589584,0.0,0.0,0.0,0.0
2.546130895614624,-0.29882514476776123,-0.20282456278800964,0.0,0.0,-0.0007349453517235816,-0.17183245718479156,0.0,0.0,-0.0028810814714648188,0.02516208270745728,0.022692997008562088,0.0349724255502224,0.0,0.0,0.0,0.0
2.547609806060791,-0.29882514476776123,-0.20282456278800964,0.0,0.0,-0.0007349453517235816,-0.17183245718479156,0.0,0.0,-0.0028810814714648188,0.02516208270745728,0.022692997008562088,0.0349724255502224,0.0,0.0,0.0,0.0
2.5493977069854736,-0.33098796010017395,-0.20122531056404114,0.0,0.0,-0.0007815249846316874,-0.1719311773777008,0.0,0.0,-0.0029769552707076714,0.024898429759539435,0.02209218591451645,0.037432894110679626,0.0,0.0,0.0,0.0
2.5508809089660645,-0.33098796010017395,-0.20122531056404114,0.0,0.0,-0.0007815249846316874,-0.1719311773777008,0.0,0.0,-0.003178290102825854,0.024606015842183197,0.020118076354265213,0.0402367077767849,0.0,0.0,0.0,0.0
2.5522162914276123,-0.33098796010017395,-0.20122531056404114,0.0,0.0,-0.0007815249846316874,-0.1719311773777008,0.0,0.0,-0.003178290102825854,0.024606015842183197,0.020118076354265213,0.0402367077767849,0.0,0.0,0.0,0.0
2.553746223449707,-0.33098796010017395,-0.20122531056404114,0.0,0.0,-0.0007815249846316874,-0.1719311773777008,0.0,0.0,-0.0033077199512414166,0.024160201797953085,0.024798650294542313,0.03610042855143547,0.0,0.0,0.0,0.0
2.55507493019104,-0.33098796010017395,-0.20122531056404114,0.0,0.0,-0.0007815249846316874,-0.1719311773777008,0.0,0.0,-0.0033077199512414166,0.024160201797953085,0.024798650294542313,0.03610042855143547,0.0,0.0,0.0,0.0
2.5564053058624268,-0.33098796010017395,-0.20122531056404114,0.0,0.0,-0.0007815249846316874,-0.1719311773777008,0.0,0.0,-0.0035809601327917388,0.023954073714748184,0.023654241114854813,0.03830341249704361,0.0,0.0,0.0,0.0
2.5577690601348877,-0.33098796010017395,-0.20122531056404114,0.0,0.0,-0.0007815249846316874,-0.1719311773777008,0.0,0.0,-0.0035809601327917388,0.023954073714748184,0.023654241114854813,0.03830341249704361,0.0,0.0,0.0,0.0
2.559851884841919,-0.3396906554698944,-0.20918838679790497,0.0,0.0,-0.0008182891760952771,-0.17203330993652344,0.0,0.0,-0.0037727077312774437,0.023469910735988163,0.022509831935167313,0.0424518957734108,0.0,0.0,0.0,0.0
2.5616230964660645,-0.3396906554698944,-0.20918838679790497,0.0,0.0,-0.0008182891760952771,-0.17203330993652344,0.0,0.0,-0.004060329129006002,0.02271250830713686,0.027258703485131264,0.042937271296978,0.0,0.0,0.0,0.0
2.5631048679351807,-0.3396906554698944,-0.20918838679790497,0.0,0.0,-0.0008182891760952771,-0.17203330993652344,0.0,0.0,-0.004060329129006002,0.02271250830713686,0.027258703485131264,0.042937271296978,0.0,0.0,0.0,0.0
2.5646002292633057,-0.3396906554698944,-0.20918838679790497,0.0,0.0,-0.0008182891760952771,-0.17203330993652344,0.0,0.0,-0.004362331742912795,0.021849644113951187,0.025399036705493927,0.04814433678984642,0.0,0.0,0.0,0.0
2.5661332607269287,-0.3396906554698944,-0.20918838679790497,0.0,0.0,-0.0008182891760952771,-0.17203330993652344,0.0,0.0,-0.004362331742912795,0.021849644113951187,0.025399036705493927,0.04814433678984642,0.0,0.0,0.0,0.0
2.5676801204681396,-0.3396906554698944,-0.20918838679790497,0.0,0.0,-0.0008182891760952771,-0.17203330993652344,0.0,0.0,-0.004793763839505632,0.021053891287651894,0.020706959068775177,0.05157756432890892,0.0,0.0,0.0,0.0
2.5698564052581787,-0.34168118238449097,-0.12137498706579208,0.0,0.0,-0.0008341449429281056,-0.1720804125070572,0.0,0.0,-0.004793763839505632,0.021053891287651894,0.020706959068775177,0.05157756432890892,0.0,0.0,0.0,0.0
2.571955680847168,-0.34168118238449097,-0.12137498706579208,0.0,0.0,-0.0008341449429281056,-0.1720804125070572,0.0,0.0,-0.005383387485411463,0.019687689648441246,0.017988987267017365,0.06459521502256393,0.0,0.0,0.0,0.0
2.573436975479126,-0.34168118238449097,-0.12137498706579208,0.0,0.0,-0.0008341449429281056,-0.1720804125070572,0.0,0.0,-0.005762089065566634,0.01870018922365625,0.021192753687500954,0.06256590783596039,0.0,0.0,0.0,0.0
2.5748960971832275,-0.34168118238449097,-0.12137498706579208,0.0,0.0,-0.0008341449429281056,-0.1720804125070572,0.0,0.0,-0.005762089065566634,0.01870018922365625,0.021192753687500954,0.06256590783596039,0.0,0.0,0.0,0.0
2.5767903327941895,-0.34168118238449097,-0.12137498706579208,0.0,0.0,-0.0008341449429281056,-0.1720804125070572,0.0,0.0,-0.0064236184266341255,0.01749697275057483,0.015527929179370403,0.07026206701993942,0.0,0.0,0.0,0.0
2.578404426574707,-0.35431042313575745,-0.11190029233694077,0.0,0.0,-0.0008807844715192914,-0.17215873301029205,0.0,0.0,-0.007204990036755182,0.01609721615938003,0.01077862735837698,0.08136282861232758,0.0,0.0,0.0,0.0
2.580379009246826,-0.35431042313575745,-0.11190029233694077,0.0,0.0,-0.0008807844715192914,-0.17215873301029205,0.0,0.0,-0.007880899882541868,0.01463514072092653,0.004999361000955105,0.09232055395841599,0.0,0.0,0.0,0.0
2.582533597946167,-0.35431042313575745,-0.11190029233694077,0.0,0.0,-0.0008807844715192914,-0.17215873301029205,0.0,0.0,-0.008528048027431123,0.012981317683987324,0.007170313503593206,0.09692949801683426,0.0,0.0,0.0,0.0
2.584289312362671,-0.35431042313575745,-0.11190029233694077,0.0,0.0,-0.0008807844715192914,-0.17215873301029205,0.0,0.0,-0.008528048027431123,0.012981317683987324,0.007170313503593206,0.09692949801683426,0.0,0.0,0.0,0.0
2.5859129428863525,-0.35431042313575745,-0.11190029233694077,0.0,0.0,-0.0008807844715192914,-0.17215873301029205,0.0,0.0,-0.009577866568015783,0.011250795315070219,-0.0010408239904791117,0.10545534640550613,0.0,0.0,0.0,0.0
2.5877695083618164,-0.35431042313575745,-0.11190029233694077,0.0,0.0,-0.0008807844715192914,-0.17215873301029205,0.0,0.0,-0.009577866568015783,0.011250795315070219,-0.0010408239904791117,0.10545534640550613,0.0,0.0,0.0,0.0
2.5905258655548096,-0.4083307683467865,-0.15541702508926392,0.0,0.0,-0.0009411858627572656,-0.1722678393125534,0.0,0.0,-0.011624772035558877,0.007689083526906438,-0.012141593731939793,0.12768548727035522,0.0,0.0,0.0,0.0
2.592258930206299,-0.4083307683467865,-0.15541702508926392,0.0,0.0,-0.0009411858627572656,-0.1722678393125534,0.0,0.0,-0.011624772035558877,0.007689083526906438,-0.012141593731939793,0.12768548727035522,0.0,0.0,0.0,0.0
2.594428300857544,-0.4083307683467865,-0.15541702508926392,0.0,0.0,-0.0009411858627572656,-0.1722678393125534,0.0,0.0,-0.01262665367652211,0.006485867053825022,-0.013008566573262215,0.12852314114570618,0.0,0.0,0.0,0.0
2.5961174964904785,-0.4083307683467865,-0.15541702508926392,0.0,0.0,-0.0009411858627572656,-0.1722678393125534,0.0,0.0,-0.013772345284890583,0.005263476113478652,-0.02164885587990284,0.13221387565135956,0.0,0.0,0.0,0.0
2.597831964492798,-0.4083307683467865,-0.15541702508926392,0.0,0.0,-0.0009411858627572656,-0.1722678393125534,0.0,0.0,-0.013772345284890583,0.005263476113478652,-0.02164885587990284,0.13221387565135956,0.0,0.0,0.0,0.0
2.600466012954712,-0.48814138770103455,-0.41208064556121826,0.0,0.0,-0.0011421018280088902,-0.17255103588104248,0.0,0.0,-0.014697526862416878,0.004841631616247812,-0.025854559615254402,0.1302969753742218,0.0,0.0,0.0,0.0
2.602586507797241,-0.48814138770103455,-0.41208064556121826,0.0,0.0,-0.0011421018280088902,-0.17255103588104248,0.0,0.0,-0.015306326072776225,0.004299944504233887,-0.02051340974867344,0.12818950414657593,0.0,0.0,0.0,0.0
2.604304790496826,-0.48814138770103455,-0.41208064556121826,0.0,0.0,-0.0011421018280088902,-0.17255103588104248,0.0,0.0,-0.016135633851059667,0.004343087787039075,-0.026292676106095314,0.1232399269938469,0.0,0.0,0.0,0.0
2.606050968170166,-0.48814138770103455,-0.41208064556121826,0.0,0.0,-0.0011421018280088902,-0.17255103588104248,0.0,0.0,-0.016135633851059667,0.004343087787039075,-0.026292676106095314,0.1232399269938469,0.0,0.0,0.0,0.0
2.6082630157470703,-0.60906583070755,-0.8938723802566528,0.0,0.0,-0.001400302047841251,-0.17297226190567017,0.0,0.0,-0.016495160598220364,0.004367056236849788,-0.02760874666273594,0.1222957968711853,0.0,0.0,0.0,0.0
2.610456705093384,-0.60906583070755,-0.8938723802566528,0.0,0.0,-0.001400302047841251,-0.17297226190567017,0.0,0.0,-0.01689303774282905,0.0050142043817390436,-0.027294032275676727,0.11577265709638596,0.0,0.0,0.0,0.0
2.612227439880371,-0.60906583070755,-0.8938723802566528,0.0,0.0,-0.001400302047841251,-0.17297226190567017,0.0,0.0,-0.017358024791406038,0.005939386690724378,-0.025142697617411613,0.10103211551904678,0.0,0.0,0.0,0.0
2.61397385597229,-0.60906583070755,-0.8938723802566528,0.0,0.0,-0.001400302047841251,-0.17297226190567017,0.0,0.0,-0.017358024791406038,0.005939386690724378,-0.025142697617411613,0.10103211551904678,0.0,0.0,0.0,0.0
2.615727424621582,-0.60906583070755,-0.8938723802566528,0.0,0.0,-0.001400302047841251,-0.17297226190567017,0.0,0.0,-0.017712757556020975,0.0068837434669746685,-0.02654460072517395,0.09462342411279678,0.0,0.0,0.0,0.0
2.6174376010894775,-0.60906583070755,-0.8938723802566528,0.0,0.0,-0.001400302047841251,-0.17297226190567017,0.0,0.0,-0.0181202212028031,0.007602796961296063,-0.028747593984007835,0.089101642370224,0.0,0.0,0.0,0.0
2.619166851043701,-0.6788619160652161,-1.4066084623336792,0.0,0.0,-0.0016124960966408253,-0.17350026965141296,0.0,0.0,-0.0181202212028031,0.007602796961296063,-0.028747593984007835,0.089101642370224,0.0,0.0,0.0,0.0
2.621490955352783,-0.6788619160652161,-1.4066084623336792,0.0,0.0,-0.0016124960966408253,-0.17350026965141296,0.0,0.0,-0.018685877496086776,0.008235563890007081,-0.034383807331323624,0.08584007620811462,0.0,0.0,0.0,0.0
2.623985528945923,-0.6788619160652161,-1.4066084623336792,0.0,0.0,-0.0016124960966408253,-0.17350026965141296,0.0,0.0,-0.019356994090786745,0.008839569117820668,-0.03167809173464775,0.07749956846237183,0.0,0.0,0.0,0.0
2.625704765319824,-0.6788619160652161,-1.4066084623336792,0.0,0.0,-0.0016124960966408253,-0.17350026965141296,0.0,0.0,-0.020171922847269073,0.008988173067771667,-0.038115404546260834,0.08161945641040802,0.0,0.0,0.0,0.0
2.6277244091033936,-0.6788619160652161,-1.4066084623336792,0.0,0.0,-0.0016124960966408253,-0.17350026965141296,0.0,0.0,-0.021111484909514564,0.00918471464880313,-0.04523935541510582,0.07990284264087677,0.0,0.0,0.0,0.0
2.6301698684692383,-0.5706499814987183,-1.485459566116333,0.0,0.0,-0.001496463897638023,-0.17378462851047516,0.0,0.0,-0.022079810867034606,0.009127190515549227,-0.051018621772527695,0.08050364255905151,0.0,0.0,0.0,0.0
2.6318421363830566,-0.5706499814987183,-1.485459566116333,0.0,0.0,-0.001496463897638023,-0.17378462851047516,0.0,0.0,-0.022079810867034606,0.009127190515549227,-0.051018621772527695,0.08050364255905151,0.0,0.0,0.0,0.0
2.6333045959472656,-0.5706499814987183,-1.485459566116333,0.0,0.0,-0.001496463897638023,-0.17378462851047516,0.0,0.0,-0.02276051542682609,0.009127190515549227,-0.047937072813510895,0.07596227526664734,0.0,0.0,0.0,0.0
2.63537335395813,-0.5706499814987183,-1.485459566116333,0.0,0.0,-0.001496463897638023,-0.17378462851047516,0.0,0.0,-0.02356106077275306,0.009127190515549227,-0.05245749652385712,0.07596227526664734,0.0,0.0,0.0,0.0
2.6370315551757812,-0.5706499814987183,-1.485459566116333,0.0,0.0,-0.001496463897638023,-0.17378462851047516,0.0,0.0,-0.02356106077275306,0.009127190515549227,-0.05245749652385712,0.07596227526664734,0.0,0.0,0.0,0.0
2.638458490371704,-0.3997425138950348,-1.2053608894348145,0.0,0.0,-0.0011382832890376449,-0.1737390160560608,0.0,0.0,-0.024222590865279593,0.009127190515549227,-0.05609099194407463,0.07596227526664734,0.0,0.0,0.0,0.0
2.6401054859161377,-0.3997425138950348,-1.2053608894348145,0.0,0.0,-0.0011382832890376449,-0.1737390160560608,0.0,0.0,-0.024222590865279593,0.009127190515549227,-0.05609099194407463,0.07596227526664734,0.0,0.0,0.0,0.0
2.6421332359313965,-0.3997425138950348,-1.2053608894348145,0.0,0.0,-0.0011382832890376449,-0.1737390160560608,0.0,0.0,-0.024701959861493854,0.008810806685464197,-0.05700652301311493,0.08033964782953262,0.0,0.0,0.0,0.0
2.64438533782959,-0.3997425138950348,-1.2053608894348145,0.0,0.0,-0.0011382832890376449,-0.1737390160560608,0.0,0.0,-0.02483618259526662,0.008628646320610969,-0.049350641667842865,0.07462926208972931,0.0,0.0,0.0,0.0
2.6465401649475098,-0.3997425138950348,-1.2053608894348145,0.0,0.0,-0.0011382832890376449,-0.1737390160560608,0.0,0.0,-0.025099835543184464,0.008475248388114214,-0.05224026367068291,0.07548756897449493,0.0,0.0,0.0,0.0
2.6487295627593994,-0.2689248323440552,-1.0872502326965332,0.0,0.0,-0.0008255080902017653,-0.1737251579761505,0.0,0.0,-0.02515256496243357,0.008283500789628508,-0.050380606204271317,0.07668918371200562,0.0,0.0,0.0,0.0
2.650756597518921,-0.2689248323440552,-1.0872502326965332,0.0,0.0,-0.0008255080902017653,-0.1737251579761505,0.0,0.0,-0.02500875426356929,0.008355406139060648,-0.04917897656559944,0.07460065186023712,0.0,0.0,0.0,0.0
2.6524083614349365,-0.2689248323440552,-1.0872502326965332,0.0,0.0,-0.0008255080902017653,-0.1737251579761505,0.0,0.0,-0.02500875426356929,0.008355406139060648,-0.04917897656559944,0.07460065186023712,0.0,0.0,0.0,0.0
2.6541082859039307,-0.2689248323440552,-1.0872502326965332,0.0,0.0,-0.0008255080902017653,-0.1737251579761505,0.0,0.0,-0.024328051166695883,0.008355406139060648,-0.034611254930496216,0.06855949014425278,0.0,0.0,0.0,0.0
2.655661106109619,-0.2689248323440552,-1.0872502326965332,0.0,0.0,-0.0008255080902017653,-0.1737251579761505,0.0,0.0,-0.023853476153027377,0.008355406139060648,-0.031635791063308716,0.06855949014425278,0.0,0.0,0.0,0.0
2.657151460647583,-0.2689248323440552,-1.0872502326965332,0.0,0.0,-0.0008255080902017653,-0.1737251579761505,0.0,0.0,-0.023853476153027377,0.008355406139060648,-0.031635791063308716,0.06855949014425278,0.0,0.0,0.0,0.0
2.6586081981658936,-0.13834865391254425,-1.2785933017730713,0.0,0.0,-0.0004358289879746735,-0.1739230901002884,0.0,0.0,-0.02332617025719169,0.008355406139060648,-0.027315648272633553,0.06855949014425278,0.0,0.0,0.0,0.0
2.660076379776001,-0.13834865391254425,-1.2785933017730713,0.0,0.0,-0.0004358289879746735,-0.1739230901002884,0.0,0.0,-0.02332617025719169,0.008355406139060648,-0.027315648272633553,0.06855949014425278,0.0,0.0,0.0,0.0
2.6616101264953613,-0.13834865391254425,-1.2785933017730713,0.0,0.0,-0.0004358289879746735,-0.1739230901002884,0.0,0.0,-0.022923500592955323,0.008240357872552841,-0.028002291917800903,0.07007582485675812,0.0,0.0,0.0,0.0
2.663546323776245,-0.13834865391254425,-1.2785933017730713,0.0,0.0,-0.0004358289879746735,-0.1739230901002884,0.0,0.0,-0.022463306064006018,0.00789041835902462,-0.01738233119249344,0.06603479385375977,0.0,0.0,0.0,0.0
2.6650142669677734,-0.13834865391254425,-1.2785933017730713,0.0,0.0,-0.0004358289879746735,-0.1739230901002884,0.0,0.0,-0.022463306064006018,0.00789041835902462,-0.01738233119249344,0.06603479385375977,0.0,0.0,0.0,0.0
2.666510581970215,-0.13834865391254425,-1.2785933017730713,0.0,0.0,-0.0004358289879746735,-0.1739230901002884,0.0,0.0,-0.02230511488042254,0.00750692316205321,-0.018097586929798126,0.07109880447387695,0.0,0.0,0.0,0.0
2.6682286262512207,-0.1362009197473526,-1.2709769010543823,0.0,0.0,-0.0003589281695894897,-0.1740332841873169,0.0,0.0,-0.022108573299391077,0.006778282434099338,-0.017811482772231102,0.07802248746156693,0.0,0.0,0.0,0.0
2.6696879863739014,-0.1362009197473526,-1.2709769010543823,0.0,0.0,-0.0003589281695894897,-0.1740332841873169,0.0,0.0,-0.022108573299391077,0.006778282434099338,-0.017811482772231102,0.07802248746156693,0.0,0.0,0.0,0.0
2.671248197555542,-0.1362009197473526,-1.2709769010543823,0.0,0.0,-0.0003589281695894897,-0.1740332841873169,0.0,0.0,-0.022089398832126125,0.006399580488214647,-0.018440907821059227,0.07664919644594193,0.0,0.0,0.0,0.0
2.673288106918335,-0.1362009197473526,-1.2709769010543823,0.0,0.0,-0.0003589281695894897,-0.1740332841873169,0.0,0.0,-0.022089398832126125,0.005814750459125054,-0.013331340625882149,0.07648848742246628,0.0,0.0,0.0,0.0
2.674912214279175,-0.1362009197473526,-1.2709769010543823,0.0,0.0,-0.0003589281695894897,-0.1740332841873169,0.0,0.0,-0.022089398832126125,0.005814750459125054,-0.013331340625882149,0.07648848742246628,0.0,0.0,0.0,0.0
2.6765191555023193,-0.1362009197473526,-1.2709769010543823,0.0,0.0,-0.0003589281695894897,-0.1740332841873169,0.0,0.0,-0.022089398832126125,0.0055558914937529685,-0.013331340625882149,0.07706068456172943,0.0,0.0,0.0,0.0
2.6785974502563477,-0.19767923653125763,-1.0265395641326904,0.0,0.0,-0.00043643740355037153,-0.1740003377199173,0.0,0.0,-0.022089398832126125,0.005129253013976371,-0.013331340625882149,0.07737540453672409,0.0,0.0,0.0,0.0
2.6805858612060547,-0.19767923653125763,-1.0265395641326904,0.0,0.0,-0.00043643740355037153,-0.1740003377199173,0.0,0.0,-0.022089398832126125,0.004951886265939381,-0.013331340625882149,0.07866285741329193,0.0,0.0,0.0,0.0
2.6820690631866455,-0.19767923653125763,-1.0265395641326904,0.0,0.0,-0.00043643740355037153,-0.1740003377199173,0.0,0.0,-0.022089398832126125,0.004951886265939381,-0.013331340625882149,0.07866285741329193,0.0,0.0,0.0,0.0
2.6835217475891113,-0.19767923653125763,-1.0265395641326904,0.0,0.0,-0.00043643740355037153,-0.1740003377199173,0.0,0.0,-0.022611910745416054,0.004774519883631912,-0.012976756319403648,0.07370274513959885,0.0,0.0,0.0,0.0
2.6849782466888428,-0.19767923653125763,-1.0265395641326904,0.0,0.0,-0.00043643740355037153,-0.1740003377199173,0.0,0.0,-0.022611910745416054,0.004774519883631912,-0.012976756319403648,0.07370274513959885,0.0,0.0,0.0,0.0
2.686469078063965,-0.19767923653125763,-1.0265395641326904,0.0,0.0,-0.00043643740355037153,-0.1740003377199173,0.0,0.0,-0.022789276396264484,0.004669058850756582,-0.013949502259492874,0.07484715431928635,0.0,0.0,0.0,0.0
2.6885781288146973,-0.28277266025543213,-0.8296876549720764,0.0,0.0,-0.0006388328038156033,-0.17392943799495697,0.0,0.0,-0.02312483469361447,0.004673852467572821,-0.016038045287132263,0.07264416664838791,0.0,0.0,0.0,0.0
2.6900837421417236,-0.28277266025543213,-0.8296876549720764,0.0,0.0,-0.0006388328038156033,-0.17392943799495697,0.0,0.0,-0.02312483469361447,0.004673852467572821,-0.016038045287132263,0.07264416664838791,0.0,0.0,0.0,0.0
2.6915082931518555,-0.28277266025543213,-0.8296876549720764,0.0,0.0,-0.0006388328038156033,-0.17392943799495697,0.0,0.0,-0.023297407824835217,0.004673852467572821,-0.016238315030932426,0.07264416664838791,0.0,0.0,0.0,0.0
2.692958354949951,-0.28277266025543213,-0.8296876549720764,0.0,0.0,-0.0006388328038156033,-0.17392943799495697,0.0,0.0,-0.023297407824835217,0.004673852467572821,-0.016238315030932426,0.07264416664838791,0.0,0.0,0.0,0.0
2.6943817138671875,-0.28277266025543213,-0.8296876549720764,0.0,0.0,-0.0006388328038156033,-0.17392943799495697,0.0,0.0,-0.023599411170201052,0.004673852467572821,-0.012032738886773586,0.06669265031814575,0.0,0.0,0.0,0.0
2.6958181858062744,-0.28277266025543213,-0.8296876549720764,0.0,0.0,-0.0006388328038156033,-0.17392943799495697,0.0,0.0,-0.023599411170201052,0.004673852467572821,-0.012032738886773586,0.06669265031814575,0.0,0.0,0.0,0.0
2.6977810859680176,-0.28277266025543213,-0.8296876549720764,0.0,0.0,-0.0006388328038156033,-0.17392943799495697,0.0,0.0,-0.02377677682104948,0.004673852467572821,-0.013091322034597397,0.06669265031814575,0.0,0.0,0.0,0.0
2.6999924182891846,-0.3673132359981537,-0.8922629952430725,0.0,0.0,-0.000852313416544348,-0.17401397228240967,0.0,0.0,-0.023987698886800142,0.005090903347987421,-0.014292946085333824,0.06180030107498169,0.0,0.0,0.0,0.0
2.701540946960449,-0.3673132359981537,-0.8922629952430725,0.0,0.0,-0.000852313416544348,-0.17401397228240967,0.0,0.0,-0.024280114267074458,0.005167602314235799,-0.016982311382889748,0.062916100025177,0.0,0.0,0.0,0.0
2.7031614780426025,-0.3673132359981537,-0.8922629952430725,0.0,0.0,-0.000852313416544348,-0.17401397228240967,0.0,0.0,-0.024280114267074458,0.005167602314235799,-0.016982311382889748,0.062916100025177,0.0,0.0,0.0,0.0
2.7049360275268555,-0.3673132359981537,-0.8922629952430725,0.0,0.0,-0.000852313416544348,-0.17401397228240967,0.0,0.0,-0.024596498097159487,0.005138840247608848,-0.0129055455327034,0.05795241892337799,0.0,0.0,0.0,0.0
2.706934690475464,-0.3673132359981537,-0.8922629952430725,0.0,0.0,-0.000852313416544348,-0.17401397228240967,0.0,0.0,-0.024817006665083585,0.005138840247608848,-0.01333470270037651,0.05795241892337799,0.0,0.0,0.0,0.0
2.7087819576263428,-0.35325297713279724,-0.8606013059616089,0.0,0.0,-0.0008977744728326797,-0.17409227788448334,0.0,0.0,-0.024817006665083585,0.005138840247608848,-0.01333470270037651,0.05795241892337799,0.0,0.0,0.0,0.0
2.711163282394409,-0.35325297713279724,-0.8606013059616089,0.0,0.0,-0.0008977744728326797,-0.17409227788448334,0.0,0.0,-0.025003961743941608,0.005138840247608848,-0.014450508169829845,0.05795241892337799,0.0,0.0,0.0,0.0
2.7137742042541504,-0.35325297713279724,-0.8606013059616089,0.0,0.0,-0.0008977744728326797,-0.17409227788448334,0.0,0.0,-0.025099835543184464,0.005138840247608848,-0.009183495305478573,0.05200161784887314,0.0,0.0,0.0,0.0
2.7153263092041016,-0.35325297713279724,-0.8606013059616089,0.0,0.0,-0.0008977744728326797,-0.17409227788448334,0.0,0.0,-0.02535390052601079,0.005138840247608848,-0.010642627254128456,0.05200161784887314,0.0,0.0,0.0,0.0
2.7173852920532227,-0.35325297713279724,-0.8606013059616089,0.0,0.0,-0.0008977744728326797,-0.17409227788448334,0.0,0.0,-0.025430601320906767,0.005138840247608848,-0.010242080315947533,0.05200161784887314,0.0,0.0,0.0,0.0
2.7188680171966553,-0.31755536794662476,-0.7815438508987427,0.0,0.0,-0.0008208294166252017,-0.1741473376750946,0.0,0.0,-0.025430601320906767,0.005138840247608848,-0.010242080315947533,0.05200161784887314,0.0,0.0,0.0,0.0
2.720836639404297,-0.31755536794662476,-0.7815438508987427,0.0,0.0,-0.0008208294166252017,-0.1741473376750946,0.0,0.0,-0.02569425426882461,0.005138840247608848,-0.012673946097493172,0.05200161784887314,0.0,0.0,0.0,0.0
2.722592830657959,-0.31755536794662476,-0.7815438508987427,0.0,0.0,-0.0008208294166252017,-0.1741473376750946,0.0,0.0,-0.02569904678845229,0.005138840247608848,-0.006379829719662666,0.046049389988183975,0.0,0.0,0.0,0.0
2.724241018295288,-0.31755536794662476,-0.7815438508987427,0.0,0.0,-0.0008208294166252017,-0.1741473376750946,0.0,0.0,-0.02569904678845229,0.005138840247608848,-0.006379829719662666,0.046049389988183975,0.0,0.0,0.0,0.0
2.726191282272339,-0.31755536794662476,-0.7815438508987427,0.0,0.0,-0.0008208294166252017,-0.1741473376750946,0.0,0.0,-0.02569904678845229,0.005138840247608848,-0.005092373117804527,0.046049389988183975,0.0,0.0,0.0,0.0
2.728092670440674,-0.2614326477050781,-0.7036380767822266,0.0,0.0,-0.0006936354911886156,-0.17417463660240173,0.0,0.0,-0.02569904678845229,0.005138840247608848,-0.005092373117804527,0.046049389988183975,0.0,0.0,0.0,0.0
2.7295525074005127,-0.2614326477050781,-0.7036380767822266,0.0,0.0,-0.0006936354911886156,-0.17417463660240173,0.0,0.0,-0.02569904678845229,0.005138840247608848,-0.005092373117804527,0.046049389988183975,0.0,0.0,0.0,0.0
2.731003522872925,-0.2614326477050781,-0.7036380767822266,0.0,0.0,-0.0006936354911886156,-0.17417463660240173,0.0,0.0,-0.02569904678845229,0.005138840247608848,-0.005092373117804527,0.046049389988183975,0.0,0.0,0.0,0.0
2.732490062713623,-0.2614326477050781,-0.7036380767822266,0.0,0.0,-0.0006936354911886156,-0.17417463660240173,0.0,0.0,-0.02569904678845229,0.005138840247608848,-0.005092373117804527,0.046049389988183975,0.0,0.0,0.0,0.0
2.7339348793029785,-0.2614326477050781,-0.7036380767822266,0.0,0.0,-0.0006936354911886156,-0.17417463660240173,0.0,0.0,-0.02569904678845229,0.005138840247608848,0.0007872877758927643,0.04017044976353645,0.0,0.0,0.0,0.0
2.735355854034424,-0.2614326477050781,-0.7036380767822266,0.0,0.0,-0.0006936354911886156,-0.17417463660240173,0.0,0.0,-0.02569904678845229,0.005138840247608848,0.0007872877758927643,0.04017044976353645,0.0,0.0,0.0,0.0
2.7368149757385254,-0.2614326477050781,-0.7036380767822266,0.0,0.0,-0.0006936354911886156,-0.17417463660240173,0.0,0.0,-0.02569904678845229,0.00506214128136047,0.0007872877758927643,0.04017044976353645,0.0,0.0,0.0,0.0
2.7384438514709473,-0.24806468188762665,-0.6074707508087158,0.0,0.0,-0.0006498780567198992,-0.1742001324892044,0.0,0.0,-0.02569904678845229,0.004635502801583872,0.0007872877758927643,0.04557778313755989,0.0,0.0,0.0,0.0
2.739936590194702,-0.24806468188762665,-0.6074707508087158,0.0,0.0,-0.0006498780567198992,-0.1742001324892044,0.0,0.0,-0.02569904678845229,0.004635502801583872,0.0007872877758927643,0.04557778313755989,0.0,0.0,0.0,0.0
2.741572141647339,-0.24806468188762665,-0.6074707508087158,0.0,0.0,-0.0006498780567198992,-0.1742001324892044,0.0,0.0,-0.02569904678845229,0.0045300417687085415,0.006749475374817848,0.039441801607608795,0.0,0.0,0.0,0.0
2.7431294918060303,-0.24806468188762665,-0.6074707508087158,0.0,0.0,-0.0006498780567198992,-0.1742001324892044,0.0,0.0,-0.02569904678845229,0.0045300417687085415,0.006749475374817848,0.039441801607608795,0.0,0.0,0.0,0.0
2.744539499282837,-0.24806468188762665,-0.6074707508087158,0.0,0.0,-0.0006498780567198992,-0.1742001324892044,0.0,0.0,-0.02569904678845229,0.004328706570860839,0.006749475374817848,0.04070064425468445,0.0,0.0,0.0,0.0
2.745978355407715,-0.24806468188762665,-0.6074707508087158,0.0,0.0,-0.0006498780567198992,-0.1742001324892044,0.0,0.0,-0.02569904678845229,0.004328706570860839,0.006749475374817848,0.04070064425468445,0.0,0.0,0.0,0.0
2.747915029525757,-0.24806468188762665,-0.6074707508087158,0.0,0.0,-0.0006498780567198992,-0.1742001324892044,0.0,0.0,-0.02569904678845229,0.004180102255180322,0.006749475374817848,0.04158756881952286,0.0,0.0,0.0,0.0
2.7493860721588135,-0.22947019338607788,-0.5204557180404663,0.0,0.0,-0.0005978164845146239,-0.1742304414510727,0.0,0.0,-0.02569904678845229,0.003854131557192335,0.006749475374817848,0.04427693039178848,0.0,0.0,0.0,0.0
2.7508585453033447,-0.22947019338607788,-0.5204557180404663,0.0,0.0,-0.0005978164845146239,-0.1742304414510727,0.0,0.0,-0.02569904678845229,0.003854131557192335,0.006749475374817848,0.04427693039178848,0.0,0.0,0.0,0.0
2.752497911453247,-0.22947019338607788,-0.5204557180404663,0.0,0.0,-0.0005978164845146239,-0.1742304414510727,0.0,0.0,-0.02569904678845229,0.0034226994605994986,0.012757187709212303,0.041761789470911026,0.0,0.0,0.0,0.0
2.7539703845977783,-0.22947019338607788,-0.5204557180404663,0.0,0.0,-0.0005978164845146239,-0.1742304414510727,0.0,0.0,-0.02569904678845229,0.0034226994605994986,0.012757187709212303,0.041761789470911026,0.0,0.0,0.0,0.0
2.755429983139038,-0.22947019338607788,-0.5204557180404663,0.0,0.0,-0.0005978164845146239,-0.1742304414510727,0.0,0.0,-0.02569904678845229,0.003211777029119319,0.012757187709212303,0.0422767736017704,0.0,0.0,0.0,0.0
2.7568957805633545,-0.22947019338607788,-0.5204557180404663,0.0,0.0,-0.0005978164845146239,-0.1742304414510727,0.0,0.0,-0.02569904678845229,0.003211777029119319,0.012757187709212303,0.0422767736017704,0.0,0.0,0.0,0.0
2.7583837509155273,-0.23641861975193024,-0.39072999358177185,0.0,0.0,-0.0005978164845146239,-0.1742304414510727,0.0,0.0,-0.02569904678845229,0.0031206968466927047,0.012757187709212303,0.04104653373360634,0.0,0.0,0.0,0.0
2.75993275642395,-0.23641861975193024,-0.39072999358177185,0.0,0.0,-0.0005978164845146239,-0.1742304414510727,0.0,0.0,-0.02569904678845229,0.0030344104639470895,0.012757187709212303,0.041561517864465714,0.0,0.0,0.0,0.0
2.761378526687622,-0.23641861975193024,-0.39072999358177185,0.0,0.0,-0.0005978164845146239,-0.1742304414510727,0.0,0.0,-0.02569904678845229,0.0030344104639470895,0.012757187709212303,0.041561517864465714,0.0,0.0,0.0,0.0
2.7628495693206787,-0.23641861975193024,-0.39072999358177185,0.0,0.0,-0.0005978164845146239,-0.1742304414510727,0.0,0.0,-0.02580450855278666,0.0024591676684899743,0.0172063410282135,0.041516926139593124,0.0,0.0,0.0,0.0
2.7646100521087646,-0.23641861975193024,-0.39072999358177185,0.0,0.0,-0.0005978164845146239,-0.1742304414510727,0.0,0.0,-0.02580450855278666,0.0024591676684899743,0.0172063410282135,0.041516926139593124,0.0,0.0,0.0,0.0
2.766071081161499,-0.23641861975193024,-0.39072999358177185,0.0,0.0,-0.0005978164845146239,-0.1742304414510727,0.0,0.0,-0.02590517487165719,0.0024831361183006873,0.016605515033006668,0.03897061571478844,0.0,0.0,0.0,0.0
2.767536163330078,-0.23641861975193024,-0.39072999358177185,0.0,0.0,-0.0005978164845146239,-0.1742304414510727,0.0,0.0,-0.02590517487165719,0.0024831361183006873,0.016605515033006668,0.03897061571478844,0.0,0.0,0.0,0.0
2.7698771953582764,-0.266279935836792,-0.3239719271659851,0.0,0.0,-0.0006509771337732673,-0.17426086962223053,0.0,0.0,-0.026092129950515217,0.002526279218241115,0.015947483479976654,0.0379120372235775,0.0,0.0,0.0,0.0
2.7716753482818604,-0.266279935836792,-0.3239719271659851,0.0,0.0,-0.0006509771337732673,-0.17426086962223053,0.0,0.0,-0.026283877549000922,0.0023632938692471216,0.013487013056874275,0.03965726122260094,0.0,0.0,0.0,0.0
2.7731590270996094,-0.266279935836792,-0.3239719271659851,0.0,0.0,-0.0006509771337732673,-0.17426086962223053,0.0,0.0,-0.026355782898433062,0.0022722136868205075,0.01979280263185501,0.03435494750738144,0.0,0.0,0.0,0.0
2.7745983600616455,-0.266279935836792,-0.3239719271659851,0.0,0.0,-0.0006509771337732673,-0.17426086962223053,0.0,0.0,-0.026355782898433062,0.0022722136868205075,0.01979280263185501,0.03435494750738144,0.0,0.0,0.0,0.0
2.7763020992279053,-0.266279935836792,-0.3239719271659851,0.0,0.0,-0.0006509771337732673,-0.17426086962223053,0.0,0.0,-0.026408512317682167,0.0021715462707614162,0.019506700336933136,0.03492715209722519,0.0,0.0,0.0,0.0
2.7781221866607666,-0.3139896094799042,-0.28687408566474915,0.0,0.0,-0.0007476881146430969,-0.1743161976337433,0.0,0.0,-0.026518766601644216,0.0021331967876372275,0.01882006600499153,0.033839963376522064,0.0,0.0,0.0,0.0
2.779481887817383,-0.3139896094799042,-0.28687408566474915,0.0,0.0,-0.0007476881146430969,-0.1743161976337433,0.0,0.0,-0.026518766601644216,0.0021331967876372275,0.01882006600499153,0.033839963376522064,0.0,0.0,0.0,0.0
2.7808029651641846,-0.3139896094799042,-0.28687408566474915,0.0,0.0,-0.0007476881146430969,-0.1743161976337433,0.0,0.0,-0.026518766601644216,0.0021331967876372275,0.01882006600499153,0.033839963376522064,0.0,0.0,0.0,0.0
2.7825379371643066,-0.3139896094799042,-0.28687408566474915,0.0,0.0,-0.0007476881146430969,-0.1743161976337433,0.0,0.0,-0.026945406178609375,0.002032529188713376,0.014700192026793957,0.035785458981990814,0.0,0.0,0.0,0.0
2.7838754653930664,-0.3139896094799042,-0.28687408566474915,0.0,0.0,-0.0007476881146430969,-0.1743161976337433,0.0,0.0,-0.026964582108792406,0.0019270679729732863,0.022101599723100662,0.030469773337244987,0.0,0.0,0.0,0.0
2.7852301597595215,-0.3139896094799042,-0.28687408566474915,0.0,0.0,-0.0007476881146430969,-0.1743161976337433,0.0,0.0,-0.026964582108792406,0.0019270679729732863,0.022101599723100662,0.030469773337244987,0.0,0.0,0.0,0.0
2.7865700721740723,-0.3139896094799042,-0.28687408566474915,0.0,0.0,-0.0007476881146430969,-0.1743161976337433,0.0,0.0,-0.027050867942943743,0.0019126869396598105,0.021586600691080093,0.03101336769759655,0.0,0.0,0.0,0.0
2.788663625717163,-0.33790647983551025,-0.23990963399410248,0.0,0.0,-0.0008227087673731148,-0.1743696630001068,0.0,0.0,-0.027141946296722758,0.0019126869396598105,0.021043017506599426,0.029725907370448112,0.0,0.0,0.0,0.0
2.7908310890197754,-0.33790647983551025,-0.23990963399410248,0.0,0.0,-0.0008227087673731148,-0.1743696630001068,0.0,0.0,-0.027141946296722758,0.0019126869396598105,0.021043017506599426,0.029725907370448112,0.0,0.0,0.0,0.0
2.793076276779175,-0.33790647983551025,-0.23990963399410248,0.0,0.0,-0.0008227087673731148,-0.1743696630001068,0.0,0.0,-0.02731931341048927,0.0017688762407955317,0.020470812916755676,0.03138529881834984,0.0,0.0,0.0,0.0
2.7950990200042725,-0.33790647983551025,-0.23990963399410248,0.0,0.0,-0.0008227087673731148,-0.1743696630001068,0.0,0.0,-0.027530236939158008,0.0012751262112677929,0.02391527220606804,0.03126102313399315,0.0,0.0,0.0,0.0
2.796839714050293,-0.33790647983551025,-0.23990963399410248,0.0,0.0,-0.0008227087673731148,-0.1743696630001068,0.0,0.0,-0.027602142288590144,0.0011409029289007513,0.024287216365337372,0.030030786991119385,0.0,0.0,0.0,0.0
2.7998971939086914,-0.3111174404621124,-0.14322055876255035,0.0,0.0,-0.0007911156280897558,-0.1744069755077362,0.0,0.0,-0.027693220642369162,0.000872456272734288,0.023743612691760063,0.031175198033452034,0.0,0.0,0.0,0.0
2.801705837249756,-0.3111174404621124,-0.14322055876255035,0.0,0.0,-0.0007911156280897558,-0.1744069755077362,0.0,0.0,-0.02800960593537227,0.0006567402244378698,0.026069771498441696,0.02707521617412567,0.0,0.0,0.0,0.0
2.80344820022583,-0.3111174404621124,-0.14322055876255035,0.0,0.0,-0.0007911156280897558,-0.1744069755077362,0.0,0.0,-0.02800960593537227,0.0006567402244378698,0.026069771498441696,0.02707521617412567,0.0,0.0,0.0,0.0
2.8058576583862305,-0.3111174404621124,-0.14322055876255035,0.0,0.0,-0.0007911156280897558,-0.1744069755077362,0.0,0.0,-0.028201353533857974,0.000498548446543925,0.025697842240333557,0.02790491096675396,0.0,0.0,0.0,0.0
2.808525562286377,-0.30170631408691406,-0.08176194131374359,0.0,0.0,-0.0007683738367632031,-0.17445507645606995,0.0,0.0,-0.028484179486122696,-0.00010066282158199854,0.02272237278521061,0.034027501940727234,0.0,0.0,0.0,0.0
2.811169147491455,-0.30170631408691406,-0.08176194131374359,0.0,0.0,-0.0007683738367632031,-0.17445507645606995,0.0,0.0,-0.0286759270846084,-0.00045060222081974344,0.022922644391655922,0.03371278941631317,0.0,0.0,0.0,0.0
2.8135786056518555,-0.30170631408691406,-0.08176194131374359,0.0,0.0,-0.0007683738367632031,-0.17445507645606995,0.0,0.0,-0.0290210733470499,-0.0007046677979565408,0.02607819065451622,0.030013656243681908,0.0,0.0,0.0,0.0
2.8152763843536377,-0.30170631408691406,-0.08176194131374359,0.0,0.0,-0.0007683738367632031,-0.17445507645606995,0.0,0.0,-0.029519618273447196,-0.0013757844840888887,0.022644948214292526,0.03650818020105362,0.0,0.0,0.0,0.0
2.817577838897705,-0.30170631408691406,-0.08176194131374359,0.0,0.0,-0.0007683738367632031,-0.17445507645606995,0.0,0.0,-0.029888732985699412,-0.0018982967631083392,0.020098648965358734,0.038053132593631744,0.0,0.0,0.0,0.0
2.8193788528442383,-0.31648483872413635,-0.07150634378194809,0.0,0.0,-0.0007761335000395775,-0.17451639473438263,0.0,0.0,-0.03031536963682841,-0.002483126792197932,0.016150426119565964,0.04248771816492081,0.0,0.0,0.0,0.0
2.8210198879241943,-0.31648483872413635,-0.07150634378194809,0.0,0.0,-0.0007761335000395775,-0.17451639473438263,0.0,0.0,-0.03031536963682841,-0.002483126792197932,0.016150426119565964,0.04248771816492081,0.0,0.0,0.0,0.0
2.8226890563964844,-0.31648483872413635,-0.07150634378194809,0.0,0.0,-0.0007761335000395775,-0.17451639473438263,0.0,0.0,-0.030938549331906953,-0.0032117675201518035,0.01767832785844803,0.04201768338680267,0.0,0.0,0.0,0.0
2.824597120285034,-0.31648483872413635,-0.07150634378194809,0.0,0.0,-0.0007761335000395775,-0.17451639473438263,0.0,0.0,-0.030938549331906953,-0.0032117675201518035,0.01767832785844803,0.04201768338680267,0.0,0.0,0.0,0.0
2.8261077404022217,-0.31648483872413635,-0.07150634378194809,0.0,0.0,-0.0007761335000395775,-0.17451639473438263,0.0,0.0,-0.03142750629321273,-0.004122568612958903,0.017363615334033966,0.047911386936903,0.0,0.0,0.0,0.0
2.829213857650757,-0.3071143627166748,-0.02051646262407303,0.0,0.0,-0.0007856570300646126,-0.17458927631378174,0.0,0.0,-0.03219928920678323,-0.0051532119548195685,0.009610243141651154,0.0577533096075058,0.0,0.0,0.0,0.0
2.8319380283355713,-0.3071143627166748,-0.02051646262407303,0.0,0.0,-0.0007856570300646126,-0.17458927631378174,0.0,0.0,-0.03303818495015819,-0.0064618890950467935,0.003773752599954605,0.06430505216121674,0.0,0.0,0.0,0.0
2.8337574005126953,-0.3071143627166748,-0.02051646262407303,0.0,0.0,-0.0007856570300646126,-0.17458927631378174,0.0,0.0,-0.03418867054107242,-0.008029426297834666,0.003069902304559946,0.06970097124576569,0.0,0.0,0.0,0.0
2.8354806900024414,-0.3071143627166748,-0.02051646262407303,0.0,0.0,-0.0007856570300646126,-0.17458927631378174,0.0,0.0,-0.03418867054107242,-0.008029426297834666,0.003069902304559946,0.06970097124576569,0.0,0.0,0.0,0.0
2.8390166759490967,-0.32126763463020325,-0.037518203258514404,0.0,0.0,-0.0008196438429877162,-0.1746910959482193,0.0,0.0,-0.03684916847006158,-0.011361040821523793,-0.01976105570793152,0.09470631182193756,0.0,0.0,0.0,0.0
2.8411898612976074,-0.32126763463020325,-0.037518203258514404,0.0,0.0,-0.0008196438429877162,-0.1746910959482193,0.0,0.0,-0.03865639017095658,-0.0136428375360873,-0.029545754194259644,0.10984113067388535,0.0,0.0,0.0,0.0
2.842839241027832,-0.32126763463020325,-0.037518203258514404,0.0,0.0,-0.0008196438429877162,-0.1746910959482193,0.0,0.0,-0.03865639017095658,-0.0136428375360873,-0.029545754194259644,0.10984113067388535,0.0,0.0,0.0,0.0
2.84493088722229,-0.32126763463020325,-0.037518203258514404,0.0,0.0,-0.0008196438429877162,-0.1746910959482193,0.0,0.0,-0.04053072470165605,-0.015507582638777166,-0.03693285956978798,0.11256405711174011,0.0,0.0,0.0,0.0
2.8465988636016846,-0.32126763463020325,-0.037518203258514404,0.0,0.0,-0.0008196438429877162,-0.1746910959482193,0.0,0.0,-0.04243381727595774,-0.017439439108353414,-0.04903498291969299,0.12420841306447983,0.0,0.0,0.0,0.0
2.84832501411438,-0.34248116612434387,-0.2393542379140854,0.0,0.0,-0.0008722359198145568,-0.17491409182548523,0.0,0.0,-0.04243381727595774,-0.017439439108353414,-0.04903498291969299,0.12420841306447983,0.0,0.0,0.0,0.0
2.8506171703338623,-0.34248116612434387,-0.2393542379140854,0.0,0.0,-0.0008722359198145568,-0.17491409182548523,0.0,0.0,-0.04448072347495988,-0.01893027697916339,-0.0634545311331749,0.13264843821525574,0.0,0.0,0.0,0.0
2.85233736038208,-0.34248116612434387,-0.2393542379140854,0.0,0.0,-0.0008722359198145568,-0.17491409182548523,0.0,0.0,-0.04635505800565934,-0.020234161234033415,-0.07083597034215927,0.13628193736076355,0.0,0.0,0.0,0.0
2.854093074798584,-0.34248116612434387,-0.2393542379140854,0.0,0.0,-0.0008722359198145568,-0.17491409182548523,0.0,0.0,-0.04635505800565934,-0.020234161234033415,-0.07083597034215927,0.13628193736076355,0.0,0.0,0.0,0.0
2.8562867641448975,-0.34248116612434387,-0.2393542379140854,0.0,0.0,-0.0008722359198145568,-0.17491409182548523,0.0,0.0,-0.04764455884997401,-0.020823784514209725,-0.07200580835342407,0.13221682608127594,0.0,0.0,0.0,0.0
2.857856273651123,-0.34248116612434387,-0.2393542379140854,0.0,0.0,-0.0008722359198145568,-0.17491409182548523,0.0,0.0,-0.04861767732712174,-0.02111140591193828,-0.07289273291826248,0.12949885427951813,0.0,0.0,0.0,0.0
2.8600986003875732,-0.41885778307914734,-0.656046450138092,0.0,0.0,-0.0010117072379216552,-0.1753210872411728,0.0,0.0,-0.04933193830181545,-0.020900483846187624,-0.07452351599931717,0.12672364711761475,0.0,0.0,0.0,0.0
2.8619070053100586,-0.41885778307914734,-0.656046450138092,0.0,0.0,-0.0010117072379216552,-0.1753210872411728,0.0,0.0,-0.04933193830181545,-0.020900483846187624,-0.07452351599931717,0.12672364711761475,0.0,0.0,0.0,0.0
2.8641481399536133,-0.41885778307914734,-0.656046450138092,0.0,0.0,-0.0010117072379216552,-0.1753210872411728,0.0,0.0,-0.04936069927125384,-0.01962056804112831,-0.064973384141922,0.10541541874408722,0.0,0.0,0.0,0.0
2.8658597469329834,-0.41885778307914734,-0.656046450138092,0.0,0.0,-0.0010117072379216552,-0.1753210872411728,0.0,0.0,-0.04932235326256009,-0.018225603969561188,-0.06440116465091705,0.09176833182573318,0.0,0.0,0.0,0.0
2.8677878379821777,-0.41885778307914734,-0.656046450138092,0.0,0.0,-0.0010117072379216552,-0.1753210872411728,0.0,0.0,-0.04932235326256009,-0.016749148046388492,-0.063142329454422,0.08301360160112381,0.0,0.0,0.0,0.0
2.8707351684570312,-0.43898290395736694,-1.4690380096435547,0.0,0.0,-0.0011157147819176316,-0.1760210543870926,0.0,0.0,-0.0488765377554119,-0.015291866590480747,-0.05799247696995735,0.07374388724565506,0.0,0.0,0.0,0.0
2.8726251125335693,-0.43898290395736694,-1.4690380096435547,0.0,0.0,-0.0011157147819176316,-0.1760210543870926,0.0,0.0,-0.04818145271090122,-0.014323540632960706,-0.04643946513533592,0.06556688249111176,0.0,0.0,0.0,0.0
2.874809980392456,-0.43898290395736694,-1.4690380096435547,0.0,0.0,-0.0011157147819176316,-0.1760210543870926,0.0,0.0,-0.04818145271090122,-0.014323540632960706,-0.04643946513533592,0.06556688249111176,0.0,0.0,0.0,0.0
2.8766467571258545,-0.43898290395736694,-1.4690380096435547,0.0,0.0,-0.0011157147819176316,-0.1760210543870926,0.0,0.0,-0.0481862452305289,-0.013762679785140865,-0.04881412163376808,0.06459413468837738,0.0,0.0,0.0,0.0
2.87849760055542,-0.38243594765663147,-2.031127452850342,0.0,0.0,-0.0010222139535471797,-0.1765582412481308,0.0,0.0,-0.04816707222618202,-0.013244960391478613,-0.05035906657576561,0.06244836747646332,0.0,0.0,0.0,0.0
2.8803491592407227,-0.38243594765663147,-2.031127452850342,0.0,0.0,-0.0010222139535471797,-0.1765582412481308,0.0,0.0,-0.04816707222618202,-0.013244960391478613,-0.05035906657576561,0.06244836747646332,0.0,0.0,0.0,0.0
2.8821523189544678,-0.38243594765663147,-2.031127452850342,0.0,0.0,-0.0010222139535471797,-0.1765582412481308,0.0,0.0,-0.04816707222618202,-0.013235373889305176,-0.05035906657576561,0.06608186662197113,0.0,0.0,0.0,0.0
2.884157180786133,-0.38243594765663147,-2.031127452850342,0.0,0.0,-0.0010222139535471797,-0.1765582412481308,0.0,0.0,-0.04850263052353201,-0.0136428375360873,-0.04448794573545456,0.06584695726633072,0.0,0.0,0.0,0.0
2.8858511447906494,-0.38243594765663147,-2.031127452850342,0.0,0.0,-0.0010222139535471797,-0.1765582412481308,0.0,0.0,-0.04850263052353201,-0.0136428375360873,-0.04448794573545456,0.06584695726633072,0.0,0.0,0.0,0.0
2.888465642929077,-0.23554736375808716,-1.6707448959350586,0.0,0.0,-0.0007031982531771064,-0.17668165266513824,0.0,0.0,-0.049168951672768135,-0.014328334615506463,-0.055445656180381775,0.0725131407380104,0.0,0.0,0.0,0.0
2.890721559524536,-0.23554736375808716,-1.6707448959350586,0.0,0.0,-0.0007031982531771064,-0.17668165266513824,0.0,0.0,-0.04971064097915918,-0.015133673943979194,-0.05784893035888672,0.07763437181711197,0.0,0.0,0.0,0.0
2.8922176361083984,-0.23554736375808716,-1.6707448959350586,0.0,0.0,-0.0007031982531771064,-0.17668165266513824,0.0,0.0,-0.050094136176130594,-0.015929426770278487,-0.05341413989663124,0.07914911210536957,0.0,0.0,0.0,0.0
2.8937935829162598,-0.23554736375808716,-1.6707448959350586,0.0,0.0,-0.0007031982531771064,-0.17668165266513824,0.0,0.0,-0.050094136176130594,-0.015929426770278487,-0.05341413989663124,0.07914911210536957,0.0,0.0,0.0,0.0
2.8952925205230713,-0.23554736375808716,-1.6707448959350586,0.0,0.0,-0.0007031982531771064,-0.17668165266513824,0.0,0.0,-0.05034819823312076,-0.016638893762426443,-0.0528133325278759,0.08055101335048676,0.0,0.0,0.0,0.0
2.8972678184509277,-0.23554736375808716,-1.6707448959350586,0.0,0.0,-0.0007031982531771064,-0.17668165266513824,0.0,0.0,-0.050578297691972536,-0.017286041907315697,-0.05590323731303215,0.08510004729032516,0.0,0.0,0.0,0.0
2.899193048477173,-0.11057522147893906,-1.1005724668502808,0.0,0.0,-0.0003387790347915143,-0.17635296285152435,0.0,0.0,-0.050578297691972536,-0.017286041907315697,-0.05590323731303215,0.08510004729032516,0.0,0.0,0.0,0.0
2.9022371768951416,-0.11057522147893906,-1.1005724668502808,0.0,0.0,-0.0003387790347915143,-0.17635296285152435,0.0,0.0,-0.05054953672253414,-0.018014681903810528,-0.04689100757241249,0.08103807270526886,0.0,0.0,0.0,0.0
2.9042294025421143,-0.11057522147893906,-1.1005724668502808,0.0,0.0,-0.0003387790347915143,-0.17635296285152435,0.0,0.0,-0.05054953672253414,-0.018014681903810528,-0.04689100757241249,0.08103807270526886,0.0,0.0,0.0,0.0
2.9064230918884277,-0.11057522147893906,-1.1005724668502808,0.0,0.0,-0.0003387790347915143,-0.17635296285152435,0.0,0.0,-0.05039134261311451,-0.018043444336167,-0.04689100757241249,0.0800367146730423,0.0,0.0,0.0,0.0
2.9086077213287354,-0.12266737967729568,-1.084287405014038,0.0,0.0,-0.00025041477056220174,-0.17633482813835144,0.0,0.0,-0.04991676613652792,-0.018029063851447806,-0.03991011530160904,0.07780511677265167,0.0,0.0,0.0,0.0
2.9108269214630127,-0.12266737967729568,-1.084287405014038,0.0,0.0,-0.00025041477056220174,-0.17633482813835144,0.0,0.0,-0.04939905113161991,-0.018029063851447806,-0.035876065492630005,0.07780511677265167,0.0,0.0,0.0,0.0
2.912868022918701,-0.12266737967729568,-1.084287405014038,0.0,0.0,-0.00025041477056220174,-0.17633482813835144,0.0,0.0,-0.04893406262012484,-0.018029063851447806,-0.027232594788074493,0.07193827629089355,0.0,0.0,0.0,0.0
2.9144530296325684,-0.12266737967729568,-1.084287405014038,0.0,0.0,-0.00025041477056220174,-0.17633482813835144,0.0,0.0,-0.04893406262012484,-0.018029063851447806,-0.027232594788074493,0.07193827629089355,0.0,0.0,0.0,0.0
2.9166834354400635,-0.12266737967729568,-1.084287405014038,0.0,0.0,-0.00025041477056220174,-0.17633482813835144,0.0,0.0,-0.04879983988635208,-0.018029063851447806,-0.028920598328113556,0.07193827629089355,0.0,0.0,0.0,0.0
2.920388698577881,-0.15969343483448029,-1.3088032007217407,0.0,0.0,-0.000352352624759078,-0.17658111453056335,0.0,0.0,-0.04852659897334272,-0.018029063851447806,-0.028119510039687157,0.07193827629089355,0.0,0.0,0.0,0.0
2.9220831394195557,-0.15969343483448029,-1.3088032007217407,0.0,0.0,-0.000352352624759078,-0.17658111453056335,0.0,0.0,-0.04852659897334272,-0.018029063851447806,-0.028119510039687157,0.07193827629089355,0.0,0.0,0.0,0.0
2.9236185550689697,-0.15969343483448029,-1.3088032007217407,0.0,0.0,-0.000352352624759078,-0.17658111453056335,0.0,0.0,-0.04847386662825746,-0.018029063851447806,-0.022760536521673203,0.06606289744377136,0.0,0.0,0.0,0.0
2.9254860877990723,-0.15969343483448029,-1.3088032007217407,0.0,0.0,-0.000352352624759078,-0.17658111453056335,0.0,0.0,-0.04847386662825746,-0.018134524152864095,-0.022760536521673203,0.06749340146780014,0.0,0.0,0.0,0.0
2.92714524269104,-0.15969343483448029,-1.3088032007217407,0.0,0.0,-0.000352352624759078,-0.17658111453056335,0.0,0.0,-0.04847386662825746,-0.018134524152864095,-0.022760536521673203,0.06749340146780014,0.0,0.0,0.0,0.0
2.9290452003479004,-0.19653144478797913,-1.254736065864563,0.0,0.0,-0.0004562108078971505,-0.17666122317314148,0.0,0.0,-0.048895713685594935,-0.018244779899744223,-0.027767332270741463,0.06812283396720886,0.0,0.0,0.0,0.0
2.9306604862213135,-0.19653144478797913,-1.254736065864563,0.0,0.0,-0.0004562108078971505,-0.17666122317314148,0.0,0.0,-0.049293586441449384,-0.01833106573389556,-0.03108612820506096,0.0687236413359642,0.0,0.0,0.0,0.0
2.932249069213867,-0.19653144478797913,-1.254736065864563,0.0,0.0,-0.0004562108078971505,-0.17666122317314148,0.0,0.0,-0.049293586441449384,-0.01833106573389556,-0.03108612820506096,0.0687236413359642,0.0,0.0,0.0,0.0
2.933720827102661,-0.19653144478797913,-1.254736065864563,0.0,0.0,-0.0004562108078971505,-0.17666122317314148,0.0,0.0,-0.049696257568603824,-0.018551575764737736,-0.027495283633470535,0.06484740972518921,0.0,0.0,0.0,0.0
2.935352087020874,-0.19653144478797913,-1.254736065864563,0.0,0.0,-0.0004562108078971505,-0.17666122317314148,0.0,0.0,-0.050094136176130594,-0.018652243546526347,-0.029755497351288795,0.06604903191328049,0.0,0.0,0.0,0.0
2.936798095703125,-0.19653144478797913,-1.254736065864563,0.0,0.0,-0.0004562108078971505,-0.17666122317314148,0.0,0.0,-0.050094136176130594,-0.018652243546526347,-0.029755497351288795,0.06604903191328049,0.0,0.0,0.0,0.0
2.9386937618255615,-0.2564806044101715,-0.9726126790046692,0.0,0.0,-0.0005998973501846194,-0.17657922208309174,0.0,0.0,-0.050472838853474325,-0.01864265558143483,-0.032130125910043716,0.06384605169296265,0.0,0.0,0.0,0.0
2.9402220249176025,-0.2564806044101715,-0.9726126790046692,0.0,0.0,-0.0005998973501846194,-0.17657922208309174,0.0,0.0,-0.050472838853474325,-0.01864265558143483,-0.032130125910043716,0.06384605169296265,0.0,0.0,0.0,0.0
2.942348003387451,-0.2564806044101715,-0.9726126790046692,0.0,0.0,-0.0005998973501846194,-0.17657922208309174,0.0,0.0,-0.05073649180139217,-0.01864265558143483,-0.03278816118836403,0.06384605169296265,0.0,0.0,0.0,0.0
2.9438822269439697,-0.2564806044101715,-0.9726126790046692,0.0,0.0,-0.0005998973501846194,-0.17657922208309174,0.0,0.0,-0.050995346378010016,-0.01864265558143483,-0.02719462476670742,0.057967107743024826,0.0,0.0,0.0,0.0
2.945376396179199,-0.2564806044101715,-0.9726126790046692,0.0,0.0,-0.0005998973501846194,-0.17657922208309174,0.0,0.0,-0.050995346378010016,-0.01864265558143483,-0.02719462476670742,0.057967107743024826,0.0,0.0,0.0,0.0
2.9474756717681885,-0.2564806044101715,-0.9726126790046692,0.0,0.0,-0.0005998973501846194,-0.17657922208309174,0.0,0.0,-0.051201477387051074,-0.01864265558143483,-0.028882600367069244,0.057967107743024826,0.0,0.0,0.0,0.0
2.94901442527771,-0.24842190742492676,-0.8711175918579102,0.0,0.0,-0.0006404807209037244,-0.17655566334724426,0.0,0.0,-0.05135487312517071,-0.01864265558143483,-0.029798150062561035,0.057967107743024826,0.0,0.0,0.0,0.0
2.9506590366363525,-0.24842190742492676,-0.8711175918579102,0.0,0.0,-0.0006404807209037244,-0.17655566334724426,0.0,0.0,-0.05135487312517071,-0.01864265558143483,-0.029798150062561035,0.057967107743024826,0.0,0.0,0.0,0.0
2.9527883529663086,-0.24842190742492676,-0.8711175918579102,0.0,0.0,-0.0006404807209037244,-0.17655566334724426,0.0,0.0,-0.051484306265151956,-0.01864265558143483,-0.029798133298754692,0.057967107743024826,0.0,0.0,0.0,0.0
2.954267978668213,-0.24842190742492676,-0.8711175918579102,0.0,0.0,-0.0006404807209037244,-0.17655566334724426,0.0,0.0,-0.051469922854596596,-0.01864265558143483,-0.023005809634923935,0.0520881712436676,0.0,0.0,0.0,0.0
2.955836057662964,-0.24842190742492676,-0.8711175918579102,0.0,0.0,-0.0006404807209037244,-0.17655566334724426,0.0,0.0,-0.051469922854596596,-0.01864265558143483,-0.023005809634923935,0.0520881712436676,0.0,0.0,0.0,0.0
2.95735239982605,-0.24842190742492676,-0.8711175918579102,0.0,0.0,-0.0006404807209037244,-0.17655566334724426,0.0,0.0,-0.051469922854596596,-0.01864265558143483,-0.023005809634923935,0.0520881712436676,0.0,0.0,0.0,0.0
2.9590845108032227,-0.2144210785627365,-0.9054442644119263,0.0,0.0,-0.0005789777496829629,-0.17664474248886108,0.0,0.0,-0.051469922854596596,-0.01864265558143483,-0.023005809634923935,0.0520881712436676,0.0,0.0,0.0,0.0
2.9606211185455322,-0.2144210785627365,-0.9054442644119263,0.0,0.0,-0.0005789777496829629,-0.17664474248886108,0.0,0.0,-0.051469922854596596,-0.01864265558143483,-0.023005809634923935,0.0520881712436676,0.0,0.0,0.0,0.0
2.9621388912200928,-0.2144210785627365,-0.9054442644119263,0.0,0.0,-0.0005789777496829629,-0.17664474248886108,0.0,0.0,-0.051469922854596596,-0.01864265558143483,-0.017049316316843033,0.04613238200545311,0.0,0.0,0.0,0.0
2.9636526107788086,-0.2144210785627365,-0.9054442644119263,0.0,0.0,-0.0005789777496829629,-0.17664474248886108,0.0,0.0,-0.051469922854596596,-0.01864265558143483,-0.017049316316843033,0.04613238200545311,0.0,0.0,0.0,0.0
2.9657509326934814,-0.2144210785627365,-0.9054442644119263,0.0,0.0,-0.0005789777496829629,-0.17664474248886108,0.0,0.0,-0.051469922854596596,-0.01864265558143483,-0.017049316316843033,0.04613238200545311,0.0,0.0,0.0,0.0
2.967224359512329,-0.2144210785627365,-0.9054442644119263,0.0,0.0,-0.0005789777496829629,-0.17664474248886108,0.0,0.0,-0.051469922854596596,-0.01864265558143483,-0.017049316316843033,0.04613238200545311,0.0,0.0,0.0,0.0
2.9687182903289795,-0.17636743187904358,-0.8348998427391052,0.0,0.0,-0.0004724467289634049,-0.1767159253358841,0.0,0.0,-0.051469922854596596,-0.01864265558143483,-0.017049316316843033,0.04613238200545311,0.0,0.0,0.0,0.0
2.9703805446624756,-0.17636743187904358,-0.8348998427391052,0.0,0.0,-0.0004724467289634049,-0.1767159253358841,0.0,0.0,-0.051469922854596596,-0.01864265558143483,-0.017049316316843033,0.04613238200545311,0.0,0.0,0.0,0.0
2.971851348876953,-0.17636743187904358,-0.8348998427391052,0.0,0.0,-0.0004724467289634049,-0.1767159253358841,0.0,0.0,-0.051469922854596596,-0.01864265558143483,-0.017049316316843033,0.04613238200545311,0.0,0.0,0.0,0.0
2.973781108856201,-0.17636743187904358,-0.8348998427391052,0.0,0.0,-0.0004724467289634049,-0.1767159253358841,0.0,0.0,-0.051469922854596596,-0.01864265558143483,-0.011209503747522831,0.04029328003525734,0.0,0.0,0.0,0.0
2.9753048419952393,-0.17636743187904358,-0.8348998427391052,0.0,0.0,-0.0004724467289634049,-0.1767159253358841,0.0,0.0,-0.05118230145686804,-0.018757703847942637,-0.008434331975877285,0.04178101196885109,0.0,0.0,0.0,0.0
2.976787567138672,-0.17636743187904358,-0.8348998427391052,0.0,0.0,-0.0004724467289634049,-0.1767159253358841,0.0,0.0,-0.05118230145686804,-0.018757703847942637,-0.008434331975877285,0.04178101196885109,0.0,0.0,0.0,0.0
2.9782474040985107,-0.16634199023246765,-0.7361159920692444,0.0,0.0,-0.0004305839247535914,-0.17674021422863007,0.0,0.0,-0.050980968819126976,-0.019098056127838377,-0.005287192761898041,0.04238182678818703,0.0,0.0,0.0,0.0
2.9801933765411377,-0.16634199023246765,-0.7361159920692444,0.0,0.0,-0.0004305839247535914,-0.17674021422863007,0.0,0.0,-0.050928239399877874,-0.01929459770886984,-0.007118247449398041,0.045843664556741714,0.0,0.0,0.0,0.0
2.9820005893707275,-0.16634199023246765,-0.7361159920692444,0.0,0.0,-0.0004305839247535914,-0.17674021422863007,0.0,0.0,-0.050928239399877874,-0.01929459770886984,-0.007118247449398041,0.045843664556741714,0.0,0.0,0.0,0.0
2.9838457107543945,-0.16634199023246765,-0.7361159920692444,0.0,0.0,-0.0004305839247535914,-0.17674021422863007,0.0,0.0,-0.050928239399877874,-0.019697267373106207,-0.0021509709767997265,0.042620185762643814,0.0,0.0,0.0,0.0
2.9857795238494873,-0.16634199023246765,-0.7361159920692444,0.0,0.0,-0.0004305839247535914,-0.17674021422863007,0.0,0.0,-0.050928239399877874,-0.01989860293668343,-0.0021509709767997265,0.04496622830629349,0.0,0.0,0.0,0.0
2.9885263442993164,-0.16606134176254272,-0.6192811131477356,0.0,0.0,-0.0004305839247535914,-0.17674021422863007,0.0,0.0,-0.050928239399877874,-0.0200711746049861,-0.0021509709767997265,0.04453707113862038,0.0,0.0,0.0,0.0
2.9901790618896484,-0.16606134176254272,-0.6192811131477356,0.0,0.0,-0.0004305839247535914,-0.17674021422863007,0.0,0.0,-0.050928239399877874,-0.0200711746049861,-0.0021509709767997265,0.04453707113862038,0.0,0.0,0.0,0.0
2.9916393756866455,-0.16606134176254272,-0.6192811131477356,0.0,0.0,-0.0004305839247535914,-0.17674021422863007,0.0,0.0,-0.050928239399877874,-0.020262922203471805,-0.0021509709767997265,0.045795924961566925,0.0,0.0,0.0,0.0
2.9931130409240723,-0.16606134176254272,-0.6192811131477356,0.0,0.0,-0.0004305839247535914,-0.17674021422863007,0.0,0.0,-0.050928239399877874,-0.020262922203471805,-0.0021509709767997265,0.045795924961566925,0.0,0.0,0.0,0.0
2.9951095581054688,-0.16606134176254272,-0.6192811131477356,0.0,0.0,-0.0004305839247535914,-0.17674021422863007,0.0,0.0,-0.050928239399877874,-0.020445083299784072,0.003697362495586276,0.041036900132894516,0.0,0.0,0.0,0.0
2.9966001510620117,-0.16606134176254272,-0.6192811131477356,0.0,0.0,-0.0004305839247535914,-0.17674021422863007,0.0,0.0,-0.050928239399877874,-0.020612862448459064,0.003697362495586276,0.04203825816512108,0.0,0.0,0.0,0.0
2.9981980323791504,-0.16578631103038788,-0.5047350525856018,0.0,0.0,-0.0004305839247535914,-0.17674021422863007,0.0,0.0,-0.050928239399877874,-0.020612862448459064,0.003697362495586276,0.04203825816512108,0.0,0.0,0.0,0.0
3.0004289150238037,-0.16578631103038788,-0.5047350525856018,0.0,0.0,-0.0004305839247535914,-0.17674021422863007,0.0,0.0,-0.050928239399877874,-0.020823784514209725,0.003697362495586276,0.04329710826277733,0.0,0.0,0.0,0.0
3.0018866062164307,-0.16578631103038788,-0.5047350525856018,0.0,0.0,-0.0004305839247535914,-0.17674021422863007,0.0,0.0,-0.050928239399877874,-0.021135374361748997,0.009559945203363895,0.03929276764392853,0.0,0.0,0.0,0.0
3.0033135414123535,-0.16578631103038788,-0.5047350525856018,0.0,0.0,-0.0004305839247535914,-0.17674021422863007,0.0,0.0,-0.050928239399877874,-0.021135374361748997,0.009559945203363895,0.03929276764392853,0.0,0.0,0.0,0.0
3.004741668701172,-0.16578631103038788,-0.5047350525856018,0.0,0.0,-0.0004305839247535914,-0.17674021422863007,0.0,0.0,-0.050928239399877874,-0.02109702542721909,0.009559945203363895,0.0386633425951004,0.0,0.0,0.0,0.0
3.0061752796173096,-0.16578631103038788,-0.5047350525856018,0.0,0.0,-0.0004305839247535914,-0.17674021422863007,0.0,0.0,-0.050928239399877874,-0.02109702542721909,0.009559945203363895,0.0386633425951004,0.0,0.0,0.0,0.0
3.008073091506958,-0.23036006093025208,-0.4383114278316498,0.0,0.0,-0.0005717468447983265,-0.17676596343517303,0.0,0.0,-0.050928239399877874,-0.02109702542721909,0.009559945203363895,0.03740449622273445,0.0,0.0,0.0,0.0
3.009622812271118,-0.23036006093025208,-0.4383114278316498,0.0,0.0,-0.0005717468447983265,-0.17676596343517303,0.0,0.0,-0.050928239399877874,-0.02109702542721909,0.009559945203363895,0.03740449622273445,0.0,0.0,0.0,0.0
3.0110549926757812,-0.23036006093025208,-0.4383114278316498,0.0,0.0,-0.0005717468447983265,-0.17676596343517303,0.0,0.0,-0.050928239399877874,-0.02109702542721909,0.009559945203363895,0.03740449622273445,0.0,0.0,0.0,0.0
3.0124428272247314,-0.23036006093025208,-0.4383114278316498,0.0,0.0,-0.0005717468447983265,-0.17676596343517303,0.0,0.0,-0.05142198595497517,-0.02109702542721909,0.010046822018921375,0.031569670885801315,0.0,0.0,0.0,0.0
3.0139570236206055,-0.23036006093025208,-0.4383114278316498,0.0,0.0,-0.0005717468447983265,-0.17676596343517303,0.0,0.0,-0.05142198595497517,-0.02109702542721909,0.010046822018921375,0.031569670885801315,0.0,0.0,0.0,0.0
3.0161399841308594,-0.23036006093025208,-0.4383114278316498,0.0,0.0,-0.0005717468447983265,-0.17676596343517303,0.0,0.0,-0.051723990763259085,-0.02109702542721909,0.008158553391695023,0.031569670885801315,0.0,0.0,0.0,0.0
3.0181901454925537,-0.25433406233787537,-0.3651871979236603,0.0,0.0,-0.00063796661561355,-0.176803857088089,0.0,0.0,-0.05180548115194658,-0.02109702542721909,0.009360197000205517,0.031569670885801315,0.0,0.0,0.0,0.0
3.020113229751587,-0.25433406233787537,-0.3651871979236603,0.0,0.0,-0.00063796661561355,-0.176803857088089,0.0,0.0,-0.051886977392306396,-0.02109702542721909,0.008873802609741688,0.031569670885801315,0.0,0.0,0.0,0.0
3.02174973487854,-0.25433406233787537,-0.3651871979236603,0.0,0.0,-0.00063796661561355,-0.176803857088089,0.0,0.0,-0.051886977392306396,-0.02109702542721909,0.008873802609741688,0.031569670885801315,0.0,0.0,0.0,0.0
3.023205280303955,-0.25433406233787537,-0.3651871979236603,0.0,0.0,-0.00063796661561355,-0.176803857088089,0.0,0.0,-0.05198764371117693,-0.02109702542721909,0.014089896343648434,0.02572345919907093,0.0,0.0,0.0,0.0
3.0251119136810303,-0.25433406233787537,-0.3651871979236603,0.0,0.0,-0.00063796661561355,-0.176803857088089,0.0,0.0,-0.05239031483833138,-0.02109702542721909,0.010027228854596615,0.02572345919907093,0.0,0.0,0.0,0.0
3.0265395641326904,-0.25433406233787537,-0.3651871979236603,0.0,0.0,-0.00063796661561355,-0.176803857088089,0.0,0.0,-0.05239031483833138,-0.02109702542721909,0.010027228854596615,0.02572345919907093,0.0,0.0,0.0,0.0
3.028146982192993,-0.2738174796104431,-0.2842254936695099,0.0,0.0,-0.0006957210134714842,-0.17683689296245575,0.0,0.0,-0.05252932716589566,-0.021236042143537606,0.010027242824435234,0.027382846921682358,0.0,0.0,0.0,0.0
3.029569387435913,-0.2738174796104431,-0.2842254936695099,0.0,0.0,-0.0006957210134714842,-0.17683689296245575,0.0,0.0,-0.05252932716589566,-0.021236042143537606,0.010027242824435234,0.027382846921682358,0.0,0.0,0.0,0.0
3.031459331512451,-0.2738174796104431,-0.2842254936695099,0.0,0.0,-0.0006957210134714842,-0.17683689296245575,0.0,0.0,-0.052721074764381363,-0.02122166019590033,0.00894004013389349,0.025122635066509247,0.0,0.0,0.0,0.0
3.033569812774658,-0.2738174796104431,-0.2842254936695099,0.0,0.0,-0.0006957210134714842,-0.17683689296245575,0.0,0.0,-0.052869683834545635,-0.02122166019590033,0.013861334882676601,0.0206011813133955,0.0,0.0,0.0,0.0
3.035269260406494,-0.2738174796104431,-0.2842254936695099,0.0,0.0,-0.0006957210134714842,-0.17683689296245575,0.0,0.0,-0.05305184054210366,-0.02122166019590033,0.012774133123457432,0.0206011813133955,0.0,0.0,0.0,0.0
3.036698341369629,-0.2738174796104431,-0.2842254936695099,0.0,0.0,-0.0006957210134714842,-0.17683689296245575,0.0,0.0,-0.05305184054210366,-0.02122166019590033,0.012774133123457432,0.0206011813133955,0.0,0.0,0.0,0.0
3.0381722450256348,-0.2738174796104431,-0.2842254936695099,0.0,0.0,-0.0006957210134714842,-0.17683689296245575,0.0,0.0,-0.05300390364248224,-0.02122166019590033,0.01383271161466837,0.0206011813133955,0.0,0.0,0.0,0.0
3.03993558883667,-0.23607932031154633,-0.21009178459644318,0.0,0.0,-0.0006522192270494998,-0.17686223983764648,0.0,0.0,-0.05300390364248224,-0.02122166019590033,0.01383271161466837,0.0206011813133955,0.0,0.0,0.0,0.0
3.041776657104492,-0.23607932031154633,-0.21009178459644318,0.0,0.0,-0.0006522192270494998,-0.17686223983764648,0.0,0.0,-0.05300390364248224,-0.021667474240130442,0.014719635248184204,0.025665191933512688,0.0,0.0,0.0,0.0
3.0432097911834717,-0.23607932031154633,-0.21009178459644318,0.0,0.0,-0.0006522192270494998,-0.17686223983764648,0.0,0.0,-0.05300390364248224,-0.021739379589562582,0.02055661752820015,0.018655922263860703,0.0,0.0,0.0,0.0
3.0446653366088867,-0.23607932031154633,-0.21009178459644318,0.0,0.0,-0.0006522192270494998,-0.17686223983764648,0.0,0.0,-0.05300390364248224,-0.021739379589562582,0.02055661752820015,0.018655922263860703,0.0,0.0,0.0,0.0
3.046381711959839,-0.23607932031154633,-0.21009178459644318,0.0,0.0,-0.0006522192270494998,-0.17686223983764648,0.0,0.0,-0.05318606620171259,-0.021796902991357447,0.018668336793780327,0.01768317073583603,0.0,0.0,0.0,0.0
3.048002004623413,-0.23607932031154633,-0.21009178459644318,0.0,0.0,-0.0006522192270494998,-0.17686223983764648,0.0,0.0,-0.05318606620171259,-0.021796902991357447,0.018668336793780327,0.01768317073583603,0.0,0.0,0.0,0.0
3.0516810417175293,-0.22545798122882843,-0.11324496567249298,0.0,0.0,-0.0006022227462381124,-0.1768912822008133,0.0,0.0,-0.05330590845076615,-0.02258786183511098,0.017495322972536087,0.02612319216132164,0.0,0.0,0.0,0.0
3.053199529647827,-0.22545798122882843,-0.11324496567249298,0.0,0.0,-0.0006022227462381124,-0.1768912822008133,0.0,0.0,-0.05330590845076615,-0.02258786183511098,0.017495322972536087,0.02612319216132164,0.0,0.0,0.0,0.0
3.054760694503784,-0.22545798122882843,-0.11324496567249298,0.0,0.0,-0.0006022227462381124,-0.1768912822008133,0.0,0.0,-0.05331070097039383,-0.022635798734732406,0.024619432166218758,0.019456828013062477,0.0,0.0,0.0,0.0
3.056478500366211,-0.22545798122882843,-0.11324496567249298,0.0,0.0,-0.0006022227462381124,-0.1768912822008133,0.0,0.0,-0.05331070097039383,-0.02283713429830963,0.024619432166218758,0.020172083750367165,0.0,0.0,0.0,0.0
3.058034658432007,-0.19496440887451172,-0.06544498354196548,0.0,0.0,-0.0005354477325454354,-0.1769428551197052,0.0,0.0,-0.05331070097039383,-0.02283713429830963,0.024619432166218758,0.020172083750367165,0.0,0.0,0.0,0.0
3.059940814971924,-0.19496440887451172,-0.06544498354196548,0.0,0.0,-0.0005354477325454354,-0.1769428551197052,0.0,0.0,-0.05331070097039383,-0.023028881896795333,0.024619432166218758,0.02137371525168419,0.0,0.0,0.0,0.0
3.0616607666015625,-0.19496440887451172,-0.06544498354196548,0.0,0.0,-0.0005354477325454354,-0.1769428551197052,0.0,0.0,-0.05331070097039383,-0.023297328827258938,0.03041653148829937,0.016664491966366768,0.0,0.0,0.0,0.0
3.0630903244018555,-0.19496440887451172,-0.06544498354196548,0.0,0.0,-0.0005354477325454354,-0.1769428551197052,0.0,0.0,-0.05331070097039383,-0.023297328827258938,0.03041653148829937,0.016664491966366768,0.0,0.0,0.0,0.0
3.0648434162139893,-0.19496440887451172,-0.06544498354196548,0.0,0.0,-0.0005354477325454354,-0.1769428551197052,0.0,0.0,-0.05344012825870276,-0.023556187792631023,0.028842955827713013,0.019954673945903778,0.0,0.0,0.0,0.0
3.066591262817383,-0.19496440887451172,-0.06544498354196548,0.0,0.0,-0.0005354477325454354,-0.1769428551197052,0.0,0.0,-0.053555177988128644,-0.024078699705920956,0.028156334534287453,0.023445123806595802,0.0,0.0,0.0,0.0
3.0681817531585693,-0.22150756418704987,0.019331956282258034,0.0,0.0,-0.000569430529139936,-0.1769760251045227,0.0,0.0,-0.053555177988128644,-0.024078699705920956,0.028156334534287453,0.023445123806595802,0.0,0.0,0.0,0.0
3.0701382160186768,-0.22150756418704987,0.019331956282258034,0.0,0.0,-0.000569430529139936,-0.1769760251045227,0.0,0.0,-0.053953056595655406,-0.024639560553740794,0.024093670770525932,0.027135835960507393,0.0,0.0,0.0,0.0
3.0718085765838623,-0.22150756418704987,0.019331956282258034,0.0,0.0,-0.000569430529139936,-0.1769760251045227,0.0,0.0,-0.053967434154538446,-0.024879245051847926,0.03153550252318382,0.021582290530204773,0.0,0.0,0.0,0.0
3.0733768939971924,-0.22150756418704987,0.019331956282258034,0.0,0.0,-0.000569430529139936,-0.1769760251045227,0.0,0.0,-0.053967434154538446,-0.024879245051847926,0.03153550252318382,0.021582290530204773,0.0,0.0,0.0,0.0
3.0750234127044678,-0.22150756418704987,0.019331956282258034,0.0,0.0,-0.000569430529139936,-0.1769760251045227,0.0,0.0,-0.05404893039489826,-0.025272328213910854,0.03102053701877594,0.024700790643692017,0.0,0.0,0.0,0.0
3.076584577560425,-0.22150756418704987,0.019331956282258034,0.0,0.0,-0.000569430529139936,-0.1769760251045227,0.0,0.0,-0.05421191702394557,-0.025828398005021094,0.03053414076566696,0.02819124050438404,0.0,0.0,0.0,0.0
3.0784921646118164,-0.24878531694412231,0.05143090337514877,0.0,0.0,-0.0006218828493729234,-0.17703726887702942,0.0,0.0,-0.05455706036055091,-0.0262262736867117,0.02635706402361393,0.03122393600642681,0.0,0.0,0.0,0.0
3.080183506011963,-0.24878531694412231,0.05143090337514877,0.0,0.0,-0.0006218828493729234,-0.17703726887702942,0.0,0.0,-0.05455706036055091,-0.0262262736867117,0.02635706402361393,0.03122393600642681,0.0,0.0,0.0,0.0
3.082193613052368,-0.24878531694412231,0.05143090337514877,0.0,0.0,-0.0006218828493729234,-0.17703726887702942,0.0,0.0,-0.0546721100899768,-0.02684945338179024,0.026442889124155045,0.03577296435832977,0.0,0.0,0.0,0.0
3.0838623046875,-0.24878531694412231,0.05143090337514877,0.0,0.0,-0.0006218828493729234,-0.17703726887702942,0.0,0.0,-0.05505081276732053,-0.027434284142338873,0.02842601388692856,0.033417895436286926,0.0,0.0,0.0,0.0
3.085507392883301,-0.24878531694412231,0.05143090337514877,0.0,0.0,-0.0006218828493729234,-0.17703726887702942,0.0,0.0,-0.05505081276732053,-0.027434284142338873,0.02842601388692856,0.033417895436286926,0.0,0.0,0.0,0.0
3.087721824645996,-0.24878531694412231,0.05143090337514877,0.0,0.0,-0.0006218828493729234,-0.17703726887702942,0.0,0.0,-0.05570754595146515,-0.028273179885713835,0.02301868237555027,0.03962633013725281,0.0,0.0,0.0,0.0
3.0900893211364746,-0.27520743012428284,0.08809390664100647,0.0,0.0,-0.0006920748273842037,-0.1770906299352646,0.0,0.0,-0.05611021707861959,-0.029174393013429417,0.021273445338010788,0.0458347462117672,0.0,0.0,0.0,0.0
3.091728925704956,-0.27520743012428284,0.08809390664100647,0.0,0.0,-0.0006920748273842037,-0.1770906299352646,0.0,0.0,-0.05683885561219634,-0.030224209359636958,0.016094986349344254,0.05204315483570099,0.0,0.0,0.0,0.0
3.093571901321411,-0.27520743012428284,0.08809390664100647,0.0,0.0,-0.0006920748273842037,-0.1770906299352646,0.0,0.0,-0.05777362515481416,-0.03136990243092351,0.015657981857657433,0.05493997409939766,0.0,0.0,0.0,0.0
3.0952916145324707,-0.27520743012428284,0.08809390664100647,0.0,0.0,-0.0006920748273842037,-0.1770906299352646,0.0,0.0,-0.05777362515481416,-0.03136990243092351,0.015657981857657433,0.05493997409939766,0.0,0.0,0.0,0.0
3.0969412326812744,-0.27520743012428284,0.08809390664100647,0.0,0.0,-0.0006920748273842037,-0.1770906299352646,0.0,0.0,-0.05901998454497124,-0.0328607388388154,0.0047288453206419945,0.06795763224363327,0.0,0.0,0.0,0.0
3.098681926727295,-0.31415635347366333,0.06323596835136414,0.0,0.0,-0.000790685648098588,-0.17720898985862732,0.0,0.0,-0.060510820952863136,-0.03472069288479567,-0.004998626187443733,0.07974504679441452,0.0,0.0,0.0,0.0
3.1006503105163574,-0.31415635347366333,0.06323596835136414,0.0,0.0,-0.000790685648098588,-0.17720898985862732,0.0,0.0,-0.060510820952863136,-0.03472069288479567,-0.004998626187443733,0.07974504679441452,0.0,0.0,0.0,0.0
3.102257251739502,-0.31415635347366333,0.06323596835136414,0.0,0.0,-0.000790685648098588,-0.17720898985862732,0.0,0.0,-0.06221258088942377,-0.03688743840701521,-0.011209414340555668,0.09462237358093262,0.0,0.0,0.0,0.0
3.1044445037841797,-0.31415635347366333,0.06323596835136414,0.0,0.0,-0.000790685648098588,-0.17720898985862732,0.0,0.0,-0.0644704135429308,-0.03910691920015617,-0.031093504279851913,0.0997752845287323,0.0,0.0,0.0,0.0
3.1061525344848633,-0.31415635347366333,0.06323596835136414,0.0,0.0,-0.000790685648098588,-0.17720898985862732,0.0,0.0,-0.0644704135429308,-0.03910691920015617,-0.031093504279851913,0.0997752845287323,0.0,0.0,0.0,0.0
3.1083977222442627,-0.3489084243774414,-0.04704255983233452,0.0,0.0,-0.0008942951681092381,-0.17737026512622833,0.0,0.0,-0.066809730733453,-0.041383921932173925,-0.04722967371344566,0.11960217356681824,0.0,0.0,0.0,0.0
3.1101009845733643,-0.3489084243774414,-0.04704255983233452,0.0,0.0,-0.0008942951681092381,-0.17737026512622833,0.0,0.0,-0.0692449275748904,-0.04366571718381935,-0.06176368519663811,0.13210485875606537,0.0,0.0,0.0,0.0
3.111910820007324,-0.3489084243774414,-0.04704255983233452,0.0,0.0,-0.0008942951681092381,-0.17737026512622833,0.0,0.0,-0.07149316933746976,-0.045410621500373734,-0.06730480492115021,0.13177940249443054,0.0,0.0,0.0,0.0
3.113523244857788,-0.3489084243774414,-0.04704255983233452,0.0,0.0,-0.0008942951681092381,-0.17737026512622833,0.0,0.0,-0.07149316933746976,-0.045410621500373734,-0.06730480492115021,0.13177940249443054,0.0,0.0,0.0,0.0
3.1151375770568848,-0.3489084243774414,-0.04704255983233452,0.0,0.0,-0.0008942951681092381,-0.17737026512622833,0.0,0.0,-0.07337229346196074,-0.04646043784658127,-0.07677478343248367,0.13632841408252716,0.0,0.0,0.0,0.0
3.116752862930298,-0.3489084243774414,-0.04704255983233452,0.0,0.0,-0.0008942951681092381,-0.17737026512622833,0.0,0.0,-0.07337229346196074,-0.04646043784658127,-0.07677478343248367,0.13632841408252716,0.0,0.0,0.0,0.0
3.1185152530670166,-0.39941632747650146,-0.38111138343811035,0.0,0.0,-0.0010037169558927417,-0.17771050333976746,0.0,0.0,-0.0748727207607803,-0.04724660417070713,-0.08341235667467117,0.13567037880420685,0.0,0.0,0.0,0.0
3.1200006008148193,-0.39941632747650146,-0.38111138343811035,0.0,0.0,-0.0010037169558927417,-0.17771050333976746,0.0,0.0,-0.07594171011133471,-0.0472130477558049,-0.08432786911725998,0.1307208240032196,0.0,0.0,0.0,0.0
3.121506452560425,-0.39941632747650146,-0.38111138343811035,0.0,0.0,-0.0010037169558927417,-0.17771050333976746,0.0,0.0,-0.07594171011133471,-0.0472130477558049,-0.08432786911725998,0.1307208240032196,0.0,0.0,0.0,0.0
3.1229543685913086,-0.39941632747650146,-0.38111138343811035,0.0,0.0,-0.0010037169558927417,-0.17771050333976746,0.0,0.0,-0.07629165181924005,-0.04709799802637901,-0.07656548917293549,0.12424590438604355,0.0,0.0,0.0,0.0
3.124849319458008,-0.39941632747650146,-0.38111138343811035,0.0,0.0,-0.0010037169558927417,-0.17771050333976746,0.0,0.0,-0.07636834968829988,-0.04557840064904872,-0.07381889224052429,0.10484815388917923,0.0,0.0,0.0,0.0
3.1264472007751465,-0.39941632747650146,-0.38111138343811035,0.0,0.0,-0.0010037169558927417,-0.17771050333976746,0.0,0.0,-0.07636834968829988,-0.04557840064904872,-0.07381889224052429,0.10484815388917923,0.0,0.0,0.0,0.0
3.128342866897583,-0.3927120268344879,-1.2700645923614502,0.0,0.0,-0.0011007369030267,-0.1784508228302002,0.0,0.0,-0.07608072829057132,-0.043977307031358624,-0.07324671000242233,0.09188771992921829,0.0,0.0,0.0,0.0
3.1300206184387207,-0.3927120268344879,-1.2700645923614502,0.0,0.0,-0.0011007369030267,-0.1784508228302002,0.0,0.0,-0.07528976944681778,-0.0423138960293279,-0.060171838849782944,0.08118748664855957,0.0,0.0,0.0,0.0
3.131666660308838,-0.3927120268344879,-1.2700645923614502,0.0,0.0,-0.0011007369030267,-0.1784508228302002,0.0,0.0,-0.07528976944681778,-0.0423138960293279,-0.060171838849782944,0.08118748664855957,0.0,0.0,0.0,0.0
3.133305072784424,-0.3927120268344879,-1.2700645923614502,0.0,0.0,-0.0011007369030267,-0.1784508228302002,0.0,0.0,-0.0741824282358973,-0.0405066743284329,-0.04457859322428703,0.062161777168512344,0.0,0.0,0.0,0.0
3.1351404190063477,-0.3927120268344879,-1.2700645923614502,0.0,0.0,-0.0011007369030267,-0.1784508228302002,0.0,0.0,-0.0733531175317777,-0.039044598889979396,-0.0393715500831604,0.05715499445796013,0.0,0.0,0.0,0.0
3.1367926597595215,-0.3927120268344879,-1.2700645923614502,0.0,0.0,-0.0011007369030267,-0.1784508228302002,0.0,0.0,-0.0733531175317777,-0.039044598889979396,-0.0393715500831604,0.05715499445796013,0.0,0.0,0.0,0.0
3.1383838653564453,-0.3432871997356415,-2.0617895126342773,0.0,0.0,-0.0009671506704762578,-0.17928922176361084,0.0,0.0,-0.07286895601593575,-0.03807627585829551,-0.04054458066821098,0.05292066931724548,0.0,0.0,0.0,0.0
3.1402885913848877,-0.3432871997356415,-2.0617895126342773,0.0,0.0,-0.0009671506704762578,-0.17928922176361084,0.0,0.0,-0.07242314050878756,-0.03799478254377185,-0.03819853439927101,0.059129081666469574,0.0,0.0,0.0,0.0
3.1419267654418945,-0.3432871997356415,-2.0617895126342773,0.0,0.0,-0.0009671506704762578,-0.17928922176361084,0.0,0.0,-0.07242314050878756,-0.03799478254377185,-0.03819853439927101,0.059129081666469574,0.0,0.0,0.0,0.0
3.143568277359009,-0.3432871997356415,-2.0617895126342773,0.0,0.0,-0.0009671506704762578,-0.17928922176361084,0.0,0.0,-0.07244710895859828,-0.03779823949982231,-0.036384083330631256,0.05233502760529518,0.0,0.0,0.0,0.0
3.145524263381958,-0.3432871997356415,-2.0617895126342773,0.0,0.0,-0.0009671506704762578,-0.17928922176361084,0.0,0.0,-0.07240397043027685,-0.037745510080573204,-0.03692770004272461,0.05428052693605423,0.0,0.0,0.0,0.0
3.1471757888793945,-0.3432871997356415,-2.0617895126342773,0.0,0.0,-0.0009671506704762578,-0.17928922176361084,0.0,0.0,-0.07240397043027685,-0.037745510080573204,-0.03692770004272461,0.05428052693605423,0.0,0.0,0.0,0.0
3.1492412090301514,-0.273926317691803,-1.9417235851287842,0.0,0.0,-0.000763349758926779,-0.17947395145893097,0.0,0.0,-0.07320930683291342,-0.03869945555337405,-0.045281872153282166,0.06629681587219238,0.0,0.0,0.0,0.0
3.1509931087493896,-0.273926317691803,-1.9417235851287842,0.0,0.0,-0.000763349758926779,-0.17947395145893097,0.0,0.0,-0.07403861753703302,-0.040171116031082914,-0.05197666957974434,0.0790569856762886,0.0,0.0,0.0,0.0
3.15256929397583,-0.273926317691803,-1.9417235851287842,0.0,0.0,-0.000763349758926779,-0.17947395145893097,0.0,0.0,-0.07403861753703302,-0.040171116031082914,-0.05197666957974434,0.0790569856762886,0.0,0.0,0.0,0.0
3.1540911197662354,-0.273926317691803,-1.9417235851287842,0.0,0.0,-0.000763349758926779,-0.17947395145893097,0.0,0.0,-0.07482957638078655,-0.04135036551727169,-0.05268002673983574,0.08199341595172882,0.0,0.0,0.0,0.0
3.156205892562866,-0.273926317691803,-1.9417235851287842,0.0,0.0,-0.000763349758926779,-0.17947395145893097,0.0,0.0,-0.07556300743399098,-0.04228033961442567,-0.05556967481970787,0.08588439971208572,0.0,0.0,0.0,0.0
3.157801389694214,-0.273926317691803,-1.9417235851287842,0.0,0.0,-0.000763349758926779,-0.17947395145893097,0.0,0.0,-0.07556300743399098,-0.04228033961442567,-0.05556967481970787,0.08588439971208572,0.0,0.0,0.0,0.0
3.1601576805114746,-0.10029780864715576,-1.0347583293914795,0.0,0.0,-0.00036021912819705904,-0.1790260523557663,0.0,0.0,-0.07600882294113918,-0.043315778401750174,-0.0575723722577095,0.09180670976638794,0.0,0.0,0.0,0.0
3.161733388900757,-0.10029780864715576,-1.0347583293914795,0.0,0.0,-0.00036021912819705904,-0.1790260523557663,0.0,0.0,-0.0762772684086847,-0.044068388310973795,-0.05740072950720787,0.09360916167497635,0.0,0.0,0.0,0.0
3.1632800102233887,-0.10029780864715576,-1.0347583293914795,0.0,0.0,-0.00036021912819705904,-0.1790260523557663,0.0,0.0,-0.0762772684086847,-0.044068388310973795,-0.05740072950720787,0.09360916167497635,0.0,0.0,0.0,0.0
3.1649601459503174,-0.10029780864715576,-1.0347583293914795,0.0,0.0,-0.00036021912819705904,-0.1790260523557663,0.0,0.0,-0.07634438123848916,-0.044427915058134496,-0.04961242899298668,0.08699387311935425,0.0,0.0,0.0,0.0
3.166536569595337,-0.10029780864715576,-1.0347583293914795,0.0,0.0,-0.00036021912819705904,-0.1790260523557663,0.0,0.0,-0.07632041278867845,-0.04471553645586305,-0.048639699816703796,0.08750885725021362,0.0,0.0,0.0,0.0
3.1682565212249756,-0.09052622318267822,-0.8610448241233826,0.0,0.0,-0.00027279608184471726,-0.17879718542099,0.0,0.0,-0.07632041278867845,-0.04471553645586305,-0.048639699816703796,0.08750885725021362,0.0,0.0,0.0,0.0
3.169935464859009,-0.09052622318267822,-0.8610448241233826,0.0,0.0,-0.00027279608184471726,-0.17879718542099,0.0,0.0,-0.07598964701095615,-0.04475867791002064,-0.044262345880270004,0.08610695600509644,0.0,0.0,0.0,0.0
3.171593427658081,-0.09052622318267822,-0.8610448241233826,0.0,0.0,-0.00027279608184471726,-0.17879718542099,0.0,0.0,-0.07529456196644546,-0.04472032897549073,-0.031741801649332047,0.0792505294084549,0.0,0.0,0.0,0.0
3.1731672286987305,-0.09052622318267822,-0.8610448241233826,0.0,0.0,-0.00027279608184471726,-0.17879718542099,0.0,0.0,-0.07529456196644546,-0.04472032897549073,-0.031741801649332047,0.0792505294084549,0.0,0.0,0.0,0.0
3.1745786666870117,-0.09052622318267822,-0.8610448241233826,0.0,0.0,-0.00027279608184471726,-0.17879718542099,0.0,0.0,-0.07458030099175175,-0.04472032897549073,-0.025333110243082047,0.0792505294084549,0.0,0.0,0.0,0.0
3.1765029430389404,-0.09052622318267822,-0.8610448241233826,0.0,0.0,-0.00027279608184471726,-0.17879718542099,0.0,0.0,-0.07408176191702677,-0.04472032897549073,-0.02547616884112358,0.0792505294084549,0.0,0.0,0.0,0.0
3.178299903869629,-0.16642175614833832,-1.3049640655517578,0.0,0.0,-0.00037796690594404936,-0.17910292744636536,0.0,0.0,-0.07408176191702677,-0.04472032897549073,-0.02547616884112358,0.0792505294084549,0.0,0.0,0.0,0.0
3.180612087249756,-0.16642175614833832,-1.3049640655517578,0.0,0.0,-0.00037796690594404936,-0.17910292744636536,0.0,0.0,-0.07351131164119733,-0.044245752498904146,-0.021928492933511734,0.07410068809986115,0.0,0.0,0.0,0.0
3.182203769683838,-0.16642175614833832,-1.3049640655517578,0.0,0.0,-0.00037796690594404936,-0.17910292744636536,0.0,0.0,-0.07334353249252235,-0.044212199009838075,-0.01760769635438919,0.06958108395338058,0.0,0.0,0.0,0.0
3.1837053298950195,-0.16642175614833832,-1.3049640655517578,0.0,0.0,-0.00037796690594404936,-0.17910292744636536,0.0,0.0,-0.07334353249252235,-0.044212199009838075,-0.01760769635438919,0.06958108395338058,0.0,0.0,0.0,0.0
3.1851491928100586,-0.16642175614833832,-1.3049640655517578,0.0,0.0,-0.00037796690594404936,-0.17910292744636536,0.0,0.0,-0.07316136993329199,-0.044255340463995665,-0.016634942963719368,0.07066826522350311,0.0,0.0,0.0,0.0
3.187242031097412,-0.16642175614833832,-1.3049640655517578,0.0,0.0,-0.00037796690594404936,-0.17910292744636536,0.0,0.0,-0.07307028865367682,-0.044255340463995665,-0.01680660992860794,0.07066826522350311,0.0,0.0,0.0,0.0
3.1888675689697266,-0.21226228773593903,-1.321927785873413,0.0,0.0,-0.0005186275811865926,-0.17933960258960724,0.0,0.0,-0.07307028865367682,-0.044255340463995665,-0.01680660992860794,0.07066826522350311,0.0,0.0,0.0,0.0
3.1903293132781982,-0.21226228773593903,-1.321927785873413,0.0,0.0,-0.0005186275811865926,-0.17933960258960724,0.0,0.0,-0.07339626191177144,-0.044255340463995665,-0.022070886567234993,0.07066826522350311,0.0,0.0,0.0,0.0
3.191819906234741,-0.21226228773593903,-1.321927785873413,0.0,0.0,-0.0005186275811865926,-0.17933960258960724,0.0,0.0,-0.07339626191177144,-0.044255340463995665,-0.022070886567234993,0.07066826522350311,0.0,0.0,0.0,0.0
3.193263053894043,-0.21226228773593903,-1.321927785873413,0.0,0.0,-0.0005186275811865926,-0.17933960258960724,0.0,0.0,-0.07397150470722856,-0.044413531647579135,-0.020001791417598724,0.06484979391098022,0.0,0.0,0.0,0.0
3.1947579383850098,-0.21226228773593903,-1.321927785873413,0.0,0.0,-0.0005186275811865926,-0.17933960258960724,0.0,0.0,-0.07397150470722856,-0.044413531647579135,-0.020001791417598724,0.06484979391098022,0.0,0.0,0.0,0.0
3.1961843967437744,-0.21226228773593903,-1.321927785873413,0.0,0.0,-0.0005186275811865926,-0.17933960258960724,0.0,0.0,-0.07449881060306425,-0.04478744180529519,-0.025781070813536644,0.07042879611253738,0.0,0.0,0.0,0.0
3.197589159011841,-0.21226228773593903,-1.321927785873413,0.0,0.0,-0.0005186275811865926,-0.17933960258960724,0.0,0.0,-0.07449881060306425,-0.04478744180529519,-0.025781070813536644,0.07042879611253738,0.0,0.0,0.0,0.0
3.2001090049743652,-0.2687934339046478,-1.0738085508346558,0.0,0.0,-0.0006388088222593069,-0.17930009961128235,0.0,0.0,-0.07508843680907672,-0.04472032897549073,-0.029128458350896835,0.06888384371995926,0.0,0.0,0.0,0.0
3.2023091316223145,-0.2687934339046478,-1.0738085508346558,0.0,0.0,-0.0006388088222593069,-0.17930009961128235,0.0,0.0,-0.07553903898418027,-0.0448785201590742,-0.02847043238580227,0.06939882040023804,0.0,0.0,0.0,0.0
3.203916072845459,-0.2687934339046478,-1.0738085508346558,0.0,0.0,-0.0006388088222593069,-0.17930009961128235,0.0,0.0,-0.07573558495396597,-0.04498398192340857,-0.02358027920126915,0.064224012196064,0.0,0.0,0.0,0.0
3.2053613662719727,-0.2687934339046478,-1.0738085508346558,0.0,0.0,-0.0006388088222593069,-0.17930009961128235,0.0,0.0,-0.07573558495396597,-0.04498398192340857,-0.02358027920126915,0.064224012196064,0.0,0.0,0.0,0.0
3.2067983150482178,-0.2687934339046478,-1.0738085508346558,0.0,0.0,-0.0006388088222593069,-0.17930009961128235,0.0,0.0,-0.07609511170112668,-0.04507506320302375,-0.026469917967915535,0.06476759165525436,0.0,0.0,0.0,0.0
3.2083778381347656,-0.29368823766708374,-0.8435306549072266,0.0,0.0,-0.0007676216773688793,-0.17917264997959137,0.0,0.0,-0.07638273309885522,-0.04502712630340232,-0.02827237732708454,0.06365180760622025,0.0,0.0,0.0,0.0
3.2098703384399414,-0.29368823766708374,-0.8435306549072266,0.0,0.0,-0.0007676216773688793,-0.17917264997959137,0.0,0.0,-0.07638273309885522,-0.04502712630340232,-0.02827237732708454,0.06365180760622025,0.0,0.0,0.0,0.0
3.2112936973571777,-0.29368823766708374,-0.8435306549072266,0.0,0.0,-0.0007676216773688793,-0.17917264997959137,0.0,0.0,-0.0765025753479088,-0.04502712630340232,-0.02815791592001915,0.06365180760622025,0.0,0.0,0.0,0.0
3.2127721309661865,-0.29368823766708374,-0.8435306549072266,0.0,0.0,-0.0007676216773688793,-0.17917264997959137,0.0,0.0,-0.0765025753479088,-0.04502712630340232,-0.02815791592001915,0.06365180760622025,0.0,0.0,0.0,0.0
3.2142226696014404,-0.29368823766708374,-0.8435306549072266,0.0,0.0,-0.0007676216773688793,-0.17917264997959137,0.0,0.0,-0.07662721011659004,-0.04475388539039296,-0.02352796122431755,0.05510153993964195,0.0,0.0,0.0,0.0
3.2157092094421387,-0.29368823766708374,-0.8435306549072266,0.0,0.0,-0.0007676216773688793,-0.17917264997959137,0.0,0.0,-0.07662721011659004,-0.04475388539039296,-0.02352796122431755,0.05510153993964195,0.0,0.0,0.0,0.0
3.2171437740325928,-0.29368823766708374,-0.8435306549072266,0.0,0.0,-0.0007676216773688793,-0.17917264997959137,0.0,0.0,-0.07662721011659004,-0.04453816934209654,-0.02146804705262184,0.051954418420791626,0.0,0.0,0.0,0.0
3.218670606613159,-0.2535881996154785,-0.8209407329559326,0.0,0.0,-0.0007296060211956501,-0.17921561002731323,0.0,0.0,-0.07662721011659004,-0.04453816934209654,-0.02146804705262184,0.051954418420791626,0.0,0.0,0.0,0.0
3.220900058746338,-0.2535881996154785,-0.8209407329559326,0.0,0.0,-0.0007296060211956501,-0.17921561002731323,0.0,0.0,-0.07662721011659004,-0.04433204125889164,-0.02146804705262184,0.05212608352303505,0.0,0.0,0.0,0.0
3.222450017929077,-0.2535881996154785,-0.8209407329559326,0.0,0.0,-0.0007296060211956501,-0.17921561002731323,0.0,0.0,-0.07662721011659004,-0.04423137201418495,-0.01564817503094673,0.04647570103406906,0.0,0.0,0.0,0.0
3.22444224357605,-0.2535881996154785,-0.8209407329559326,0.0,0.0,-0.0007296060211956501,-0.17921561002731323,0.0,0.0,-0.07662721011659004,-0.044255340463995665,-0.01564817503094673,0.047448452562093735,0.0,0.0,0.0,0.0
3.2263574600219727,-0.2535881996154785,-0.8209407329559326,0.0,0.0,-0.0007296060211956501,-0.17921561002731323,0.0,0.0,-0.07662721011659004,-0.044255340463995665,-0.01564817503094673,0.047448452562093735,0.0,0.0,0.0,0.0
3.228031873703003,-0.22958433628082275,-0.849284291267395,0.0,0.0,-0.0006230328581295907,-0.1793365627527237,0.0,0.0,-0.07678060585470968,-0.044255340463995665,-0.017393406480550766,0.047448452562093735,0.0,0.0,0.0,0.0
3.230369806289673,-0.22958433628082275,-0.849284291267395,0.0,0.0,-0.0006230328581295907,-0.1793365627527237,0.0,0.0,-0.07689086306450789,-0.044255340463995665,-0.018051421269774437,0.047448452562093735,0.0,0.0,0.0,0.0
3.232562303543091,-0.22958433628082275,-0.849284291267395,0.0,0.0,-0.0006230328581295907,-0.1793365627527237,0.0,0.0,-0.07698673686375074,-0.044255340463995665,-0.012846398167312145,0.04167339205741882,0.0,0.0,0.0,0.0
3.2344605922698975,-0.22958433628082275,-0.849284291267395,0.0,0.0,-0.0006230328581295907,-0.1793365627527237,0.0,0.0,-0.07698673686375074,-0.044255340463995665,-0.012846398167312145,0.04167339205741882,0.0,0.0,0.0,0.0
3.236720085144043,-0.22958433628082275,-0.849284291267395,0.0,0.0,-0.0006230328581295907,-0.1793365627527237,0.0,0.0,-0.07693400744450163,-0.04460048672643716,-0.011702010408043861,0.04613658785820007,0.0,0.0,0.0,0.0
3.2385692596435547,-0.17823977768421173,-0.7606104016304016,0.0,0.0,-0.0005225673667155206,-0.17937101423740387,0.0,0.0,-0.07693400744450163,-0.044782646359831355,-0.011702010408043861,0.04647991806268692,0.0,0.0,0.0,0.0
3.2401843070983887,-0.17823977768421173,-0.7606104016304016,0.0,0.0,-0.0005225673667155206,-0.17937101423740387,0.0,0.0,-0.07693400744450163,-0.04472032897549073,-0.011702010408043861,0.04579326510429382,0.0,0.0,0.0,0.0
3.241731882095337,-0.17823977768421173,-0.7606104016304016,0.0,0.0,-0.0005225673667155206,-0.17937101423740387,0.0,0.0,-0.07693400744450163,-0.04472032897549073,-0.011702010408043861,0.04579326510429382,0.0,0.0,0.0,0.0
3.243330478668213,-0.17823977768421173,-0.7606104016304016,0.0,0.0,-0.0005225673667155206,-0.17937101423740387,0.0,0.0,-0.07693400744450163,-0.04485455170926349,-0.005941896699368954,0.040317825973033905,0.0,0.0,0.0,0.0
3.2449636459350586,-0.17823977768421173,-0.7606104016304016,0.0,0.0,-0.0005225673667155206,-0.17937101423740387,0.0,0.0,-0.07693400744450163,-0.04485455170926349,-0.005941896699368954,0.040317825973033905,0.0,0.0,0.0,0.0
3.2481372356414795,-0.17823977768421173,-0.7606104016304016,0.0,0.0,-0.0005225673667155206,-0.17937101423740387,0.0,0.0,-0.07693400744450163,-0.0450462993077492,-0.005941896699368954,0.041462235152721405,0.0,0.0,0.0,0.0
3.2506606578826904,-0.17893916368484497,-0.6103704571723938,0.0,0.0,-0.0004778089642059058,-0.17934539914131165,0.0,0.0,-0.07693400744450163,-0.04502712630340232,-0.005941896699368954,0.040518105030059814,0.0,0.0,0.0,0.0
3.2522900104522705,-0.17893916368484497,-0.6103704571723938,0.0,0.0,-0.0004778089642059058,-0.17934539914131165,0.0,0.0,-0.07693400744450163,-0.04502712630340232,-0.005941896699368954,0.040518105030059814,0.0,0.0,0.0,0.0
3.2536780834198,-0.17893916368484497,-0.6103704571723938,0.0,0.0,-0.0004778089642059058,-0.17934539914131165,0.0,0.0,-0.07693400744450163,-0.045194905452077314,-0.00014193356037139893,0.036519862711429596,0.0,0.0,0.0,0.0
3.2550580501556396,-0.17893916368484497,-0.6103704571723938,0.0,0.0,-0.0004778089642059058,-0.17934539914131165,0.0,0.0,-0.07693400744450163,-0.045194905452077314,-0.00014193356037139893,0.036519862711429596,0.0,0.0,0.0,0.0
3.2564444541931152,-0.17893916368484497,-0.6103704571723938,0.0,0.0,-0.0004778089642059058,-0.17934539914131165,0.0,0.0,-0.07693400744450163,-0.04548731936943355,-0.00014193356037139893,0.0399530827999115,0.0,0.0,0.0,0.0
3.257988691329956,-0.162027969956398,-0.5273639559745789,0.0,0.0,-0.00044561459799297154,-0.17936405539512634,0.0,0.0,-0.07693400744450163,-0.04548731936943355,-0.00014193356037139893,0.0399530827999115,0.0,0.0,0.0,0.0
3.2595603466033936,-0.162027969956398,-0.5273639559745789,0.0,0.0,-0.00044561459799297154,-0.17936405539512634,0.0,0.0,-0.07693400744450163,-0.045640718033389344,-0.00014193356037139893,0.04049668461084366,0.0,0.0,0.0,0.0
3.261589527130127,-0.162027969956398,-0.5273639559745789,0.0,0.0,-0.00044561459799297154,-0.17936405539512634,0.0,0.0,-0.07693400744450163,-0.045899575535843354,0.005603966303169727,0.03584010526537895,0.0,0.0,0.0,0.0
3.2634835243225098,-0.162027969956398,-0.5273639559745789,0.0,0.0,-0.00044561459799297154,-0.17936405539512634,0.0,0.0,-0.07693400744450163,-0.045899575535843354,0.005603966303169727,0.03584010526537895,0.0,0.0,0.0,0.0
3.2650787830352783,-0.162027969956398,-0.5273639559745789,0.0,0.0,-0.00044561459799297154,-0.17936405539512634,0.0,0.0,-0.07693400744450163,-0.04609132313432906,0.005603966303169727,0.03692729026079178,0.0,0.0,0.0,0.0
3.267348051071167,-0.162027969956398,-0.5273639559745789,0.0,0.0,-0.00044561459799297154,-0.17936405539512634,0.0,0.0,-0.07693400744450163,-0.04629265869790628,0.005603966303169727,0.038186147809028625,0.0,0.0,0.0,0.0
3.269717216491699,-0.1928812861442566,-0.44720444083213806,0.0,0.0,-0.0005041519762016833,-0.17939215898513794,0.0,0.0,-0.07693400744450163,-0.046436469396770555,0.005603966303169727,0.03904445469379425,0.0,0.0,0.0,0.0
3.271282911300659,-0.1928812861442566,-0.44720444083213806,0.0,0.0,-0.0005041519762016833,-0.17939215898513794,0.0,0.0,-0.07693400744450163,-0.046436469396770555,0.005603966303169727,0.03904445469379425,0.0,0.0,0.0,0.0
3.272812843322754,-0.1928812861442566,-0.44720444083213806,0.0,0.0,-0.0005041519762016833,-0.17939215898513794,0.0,0.0,-0.07693400744450163,-0.04656110709128796,0.011392543092370033,0.034399569034576416,0.0,0.0,0.0,0.0
3.2743420600891113,-0.1928812861442566,-0.44720444083213806,0.0,0.0,-0.0005041519762016833,-0.17939215898513794,0.0,0.0,-0.07693400744450163,-0.04656110709128796,0.011392543092370033,0.034399569034576416,0.0,0.0,0.0,0.0
3.2773749828338623,-0.1928812861442566,-0.44720444083213806,0.0,0.0,-0.0005041519762016833,-0.17939215898513794,0.0,0.0,-0.07708261066299359,-0.046733678759590634,0.009675950743258,0.03417067974805832,0.0,0.0,0.0,0.0
3.2795326709747314,-0.2038203775882721,-0.3542112410068512,0.0,0.0,-0.0005347424303181469,-0.17940962314605713,0.0,0.0,-0.07716889357130877,-0.046824760039205805,0.009160952642560005,0.03474288433790207,0.0,0.0,0.0,0.0
3.2814767360687256,-0.2038203775882721,-0.3542112410068512,0.0,0.0,-0.0005347424303181469,-0.17940962314605713,0.0,0.0,-0.07716889357130877,-0.046824760039205805,0.009160952642560005,0.03474288433790207,0.0,0.0,0.0,0.0
3.28413987159729,-0.2038203775882721,-0.3542112410068512,0.0,0.0,-0.0005347424303181469,-0.17940962314605713,0.0,0.0,-0.07727915078110698,-0.046930218877704016,0.014345753006637096,0.029586734250187874,0.0,0.0,0.0,0.0
3.2861602306365967,-0.2038203775882721,-0.3542112410068512,0.0,0.0,-0.0005347424303181469,-0.17940962314605713,0.0,0.0,-0.07756197965920786,-0.046867901493363395,0.011856663040816784,0.028356488794088364,0.0,0.0,0.0,0.0
3.287625551223755,-0.2038203775882721,-0.3542112410068512,0.0,0.0,-0.0005347424303181469,-0.17940962314605713,0.0,0.0,-0.07769619946714446,-0.046867901493363395,0.012314433231949806,0.028356488794088364,0.0,0.0,0.0,0.0
3.2898752689361572,-0.23803777992725372,-0.3022693693637848,0.0,0.0,-0.0006152745918370783,-0.1794556826353073,0.0,0.0,-0.0778783620263748,-0.047030888122410706,0.009968395344913006,0.03013032115995884,0.0,0.0,0.0,0.0
3.2914366722106934,-0.23803777992725372,-0.3022693693637848,0.0,0.0,-0.0006152745918370783,-0.1794556826353073,0.0,0.0,-0.0778783620263748,-0.047030888122410706,0.009968395344913006,0.03013032115995884,0.0,0.0,0.0,0.0
3.2931735515594482,-0.23803777992725372,-0.3022693693637848,0.0,0.0,-0.0006152745918370783,-0.1794556826353073,0.0,0.0,-0.0778543935765641,-0.04729454107032855,0.0161718912422657,0.02495606802403927,0.0,0.0,0.0,0.0
3.2947089672088623,-0.23803777992725372,-0.3022693693637848,0.0,0.0,-0.0006152745918370783,-0.1794556826353073,0.0,0.0,-0.0778543935765641,-0.04729454107032855,0.0161718912422657,0.02495606802403927,0.0,0.0,0.0,0.0
3.2961933612823486,-0.23803777992725372,-0.3022693693637848,0.0,0.0,-0.0006152745918370783,-0.1794556826353073,0.0,0.0,-0.0778543935765641,-0.04751984508371649,0.017487969249486923,0.029419245198369026,0.0,0.0,0.0,0.0
3.298290967941284,-0.2444024235010147,-0.2017519772052765,0.0,0.0,-0.0006648830021731555,-0.17948399484157562,0.0,0.0,-0.077988619236173,-0.04748149322335042,0.015857186168432236,0.027530988678336143,0.0,0.0,0.0,0.0
3.2997567653656006,-0.2444024235010147,-0.2017519772052765,0.0,0.0,-0.0006648830021731555,-0.17948399484157562,0.0,0.0,-0.077988619236173,-0.04748149322335042,0.015857186168432236,0.027530988678336143,0.0,0.0,0.0,0.0
3.301137685775757,-0.2444024235010147,-0.2017519772052765,0.0,0.0,-0.0006648830021731555,-0.17948399484157562,0.0,0.0,-0.07808449303541587,-0.04764927237202541,0.015284979715943336,0.02807457186281681,0.0,0.0,0.0,0.0
3.3025097846984863,-0.2444024235010147,-0.2017519772052765,0.0,0.0,-0.0006648830021731555,-0.17948399484157562,0.0,0.0,-0.07808449303541587,-0.04764927237202541,0.015284979715943336,0.02807457186281681,0.0,0.0,0.0,0.0
3.303880214691162,-0.2444024235010147,-0.2017519772052765,0.0,0.0,-0.0006648830021731555,-0.17948399484157562,0.0,0.0,-0.07848236579127031,-0.04800879911918611,0.016922391951084137,0.026037340983748436,0.0,0.0,0.0,0.0
3.305361270904541,-0.2444024235010147,-0.2017519772052765,0.0,0.0,-0.0006648830021731555,-0.17948399484157562,0.0,0.0,-0.07848236579127031,-0.04800879911918611,0.016922391951084137,0.026037340983748436,0.0,0.0,0.0,0.0
3.3068206310272217,-0.2444024235010147,-0.2017519772052765,0.0,0.0,-0.0006648830021731555,-0.17948399484157562,0.0,0.0,-0.07860220804032388,-0.04811905632898432,0.018381500616669655,0.02509319968521595,0.0,0.0,0.0,0.0
3.308346748352051,-0.2452649623155594,-0.14652782678604126,0.0,0.0,-0.000659782555885613,-0.1795167326927185,0.0,0.0,-0.07860220804032388,-0.04811905632898432,0.018381500616669655,0.02509319968521595,0.0,0.0,0.0,0.0
3.3098104000091553,-0.2452649623155594,-0.14652782678604126,0.0,0.0,-0.000659782555885613,-0.1795167326927185,0.0,0.0,-0.07881313156899261,-0.04820534216313565,0.01592104882001877,0.025608180090785027,0.0,0.0,0.0,0.0
3.3117783069610596,-0.2452649623155594,-0.14652782678604126,0.0,0.0,-0.000659782555885613,-0.1795167326927185,0.0,0.0,-0.07897132567841225,-0.048723060093879826,0.020759781822562218,0.0254336129873991,0.0,0.0,0.0,0.0
3.3132264614105225,-0.2452649623155594,-0.14652782678604126,0.0,0.0,-0.000659782555885613,-0.1795167326927185,0.0,0.0,-0.07897132567841225,-0.048723060093879826,0.020759781822562218,0.0254336129873991,0.0,0.0,0.0,0.0
3.3147406578063965,-0.2452649623155594,-0.14652782678604126,0.0,0.0,-0.000659782555885613,-0.1795167326927185,0.0,0.0,-0.07907678451691046,-0.049269541919898546,0.019615372642874718,0.02938183769583702,0.0,0.0,0.0,0.0
3.3161258697509766,-0.2452649623155594,-0.14652782678604126,0.0,0.0,-0.000659782555885613,-0.1795167326927185,0.0,0.0,-0.07907678451691046,-0.049269541919898546,0.019615372642874718,0.02938183769583702,0.0,0.0,0.0,0.0
3.317484140396118,-0.2452649623155594,-0.14652782678604126,0.0,0.0,-0.000659782555885613,-0.1795167326927185,0.0,0.0,-0.07931167649538991,-0.04946608203801193,0.018728462979197502,0.027693821117281914,0.0,0.0,0.0,0.0
3.318873167037964,-0.22934207320213318,-0.08413272351026535,0.0,0.0,-0.0006410811329260468,-0.17956537008285522,0.0,0.0,-0.07931167649538991,-0.04946608203801193,0.018728462979197502,0.027693821117281914,0.0,0.0,0.0,0.0
3.3202521800994873,-0.22934207320213318,-0.08413272351026535,0.0,0.0,-0.0006410811329260468,-0.17956537008285522,0.0,0.0,-0.07962805886255686,-0.04967221304705299,0.015953270718455315,0.029381830245256424,0.0,0.0,0.0,0.0
3.321665048599243,-0.22934207320213318,-0.08413272351026535,0.0,0.0,-0.0006410811329260468,-0.17956537008285522,0.0,0.0,-0.07962805886255686,-0.04967221304705299,0.015953270718455315,0.029381830245256424,0.0,0.0,0.0,0.0
3.323803186416626,-0.22934207320213318,-0.08413272351026535,0.0,0.0,-0.0006410811329260468,-0.17956537008285522,0.0,0.0,-0.07995882464027917,-0.05007487832253512,0.019953638315200806,0.024923671036958694,0.0,0.0,0.0,0.0
3.3252062797546387,-0.22934207320213318,-0.08413272351026535,0.0,0.0,-0.0006410811329260468,-0.17956537008285522,0.0,0.0,-0.08027041448781844,-0.05060698258967081,0.018008165061473846,0.03170432150363922,0.0,0.0,0.0,0.0
3.3267269134521484,-0.22934207320213318,-0.08413272351026535,0.0,0.0,-0.0006410811329260468,-0.17956537008285522,0.0,0.0,-0.08027041448781844,-0.05060698258967081,0.018008165061473846,0.03170432150363922,0.0,0.0,0.0,0.0
3.328413724899292,-0.23946572840213776,-0.0872560366988182,0.0,0.0,-0.0006490808445960283,-0.17963474988937378,0.0,0.0,-0.08078333697309878,-0.050774761738345796,0.014517715200781822,0.03104628063738346,0.0,0.0,0.0,0.0
3.3298654556274414,-0.23946572840213776,-0.0872560366988182,0.0,0.0,-0.0006490808445960283,-0.17963474988937378,0.0,0.0,-0.08078333697309878,-0.050774761738345796,0.014517715200781822,0.03104628063738346,0.0,0.0,0.0,0.0
3.3318185806274414,-0.23946572840213776,-0.0872560366988182,0.0,0.0,-0.0006490808445960283,-0.17963474988937378,0.0,0.0,-0.08137775569873892,-0.051210986354566314,0.010283373296260834,0.03479422628879547,0.0,0.0,0.0,0.0
3.33327317237854,-0.23946572840213776,-0.0872560366988182,0.0,0.0,-0.0006490808445960283,-0.17963474988937378,0.0,0.0,-0.08187150810550854,-0.05190607139907699,0.0124131441116333,0.033237356692552567,0.0,0.0,0.0,0.0
3.3346893787384033,-0.23946572840213776,-0.0872560366988182,0.0,0.0,-0.0006490808445960283,-0.17963474988937378,0.0,0.0,-0.08187150810550854,-0.05190607139907699,0.0124131441116333,0.033237356692552567,0.0,0.0,0.0,0.0
3.3361012935638428,-0.23946572840213776,-0.0872560366988182,0.0,0.0,-0.0006490808445960283,-0.17963474988937378,0.0,0.0,-0.08245154342059334,-0.05290795377149927,0.008121630176901817,0.041705988347530365,0.0,0.0,0.0,0.0
3.337510108947754,-0.23946572840213776,-0.0872560366988182,0.0,0.0,-0.0006490808445960283,-0.17963474988937378,0.0,0.0,-0.08245154342059334,-0.05290795377149927,0.008121630176901817,0.041705988347530365,0.0,0.0,0.0,0.0
3.3403968811035156,-0.2572275698184967,-0.04421384632587433,0.0,0.0,-0.0006695275660604239,-0.17969690263271332,0.0,0.0,-0.08339110548283883,-0.05364617734433138,0.0008546322933398187,0.04639806970953941,0.0,0.0,0.0,0.0
3.3422975540161133,-0.2572275698184967,-0.04421384632587433,0.0,0.0,-0.0006695275660604239,-0.17969690263271332,0.0,0.0,-0.08456555952356377,-0.05470078913600276,-0.00618349201977253,0.05352199822664261,0.0,0.0,0.0,0.0
3.3439290523529053,-0.2572275698184967,-0.04421384632587433,0.0,0.0,-0.0006695275660604239,-0.17969690263271332,0.0,0.0,-0.08564413976504587,-0.055908802517466084,-0.00766776641830802,0.05763627961277962,0.0,0.0,0.0,0.0
3.3453118801116943,-0.2572275698184967,-0.04421384632587433,0.0,0.0,-0.0006695275660604239,-0.17969690263271332,0.0,0.0,-0.08564413976504587,-0.055908802517466084,-0.00766776641830802,0.05763627961277962,0.0,0.0,0.0,0.0
3.3467109203338623,-0.2572275698184967,-0.04421384632587433,0.0,0.0,-0.0006695275660604239,-0.17969690263271332,0.0,0.0,-0.08696240450463509,-0.057485927685345474,-0.017910214141011238,0.0682220607995987,0.0,0.0,0.0,0.0
3.3486392498016357,-0.24975474178791046,-0.047031473368406296,0.0,0.0,-0.0007027328247204423,-0.17981784045696259,0.0,0.0,-0.08869292541063412,-0.059273970530221286,-0.03376029059290886,0.08269882202148438,0.0,0.0,0.0,0.0
3.3505325317382812,-0.24975474178791046,-0.047031473368406296,0.0,0.0,-0.0007027328247204423,-0.17981784045696259,0.0,0.0,-0.08869292541063412,-0.059273970530221286,-0.03376029059290886,0.08269882202148438,0.0,0.0,0.0,0.0
3.352381706237793,-0.24975474178791046,-0.047031473368406296,0.0,0.0,-0.0007027328247204423,-0.17981784045696259,0.0,0.0,-0.0905432885656867,-0.06108119515695245,-0.044346075505018234,0.09116745740175247,0.0,0.0,0.0,0.0
3.354090929031372,-0.24975474178791046,-0.047031473368406296,0.0,0.0,-0.0007027328247204423,-0.17981784045696259,0.0,0.0,-0.09257581427996964,-0.06323355726861664,-0.05446745082736015,0.10260637104511261,0.0,0.0,0.0,0.0
3.3560264110565186,-0.24975474178791046,-0.047031473368406296,0.0,0.0,-0.0007027328247204423,-0.17981784045696259,0.0,0.0,-0.09471379883275079,-0.065314019882521,-0.06562544405460358,0.11759812384843826,0.0,0.0,0.0,0.0
3.357550621032715,-0.24975474178791046,-0.047031473368406296,0.0,0.0,-0.0007027328247204423,-0.17981784045696259,0.0,0.0,-0.09471379883275079,-0.065314019882521,-0.06562544405460358,0.11759812384843826,0.0,0.0,0.0,0.0
3.3590872287750244,-0.25437071919441223,-0.19998198747634888,0.0,0.0,-0.0006961515755392611,-0.18001176416873932,0.0,0.0,-0.09660251384816945,-0.06709727605944145,-0.07821394503116608,0.12477928400039673,0.0,0.0,0.0,0.0
3.360628843307495,-0.25437071919441223,-0.19998198747634888,0.0,0.0,-0.0006961515755392611,-0.18001176416873932,0.0,0.0,-0.09861586948394167,-0.06869357130583155,-0.09203268587589264,0.13316206634044647,0.0,0.0,0.0,0.0
3.3620500564575195,-0.25437071919441223,-0.19998198747634888,0.0,0.0,-0.0006961515755392611,-0.18001176416873932,0.0,0.0,-0.09861586948394167,-0.06869357130583155,-0.09203268587589264,0.13316206634044647,0.0,0.0,0.0,0.0
3.363571882247925,-0.25437071919441223,-0.19998198747634888,0.0,0.0,-0.0006961515755392611,-0.18001176416873932,0.0,0.0,-0.10011149841146125,-0.06994472321561632,-0.08960557729005814,0.13202032446861267,0.0,0.0,0.0,0.0
3.3650503158569336,-0.25437071919441223,-0.19998198747634888,0.0,0.0,-0.0006961515755392611,-0.18001176416873932,0.0,0.0,-0.10011149841146125,-0.06994472321561632,-0.08960557729005814,0.13202032446861267,0.0,0.0,0.0,0.0
3.367354393005371,-0.25437071919441223,-0.19998198747634888,0.0,0.0,-0.0006961515755392611,-0.18001176416873932,0.0,0.0,-0.10142976315105047,-0.07050558845219039,-0.09329628199338913,0.13256391882896423,0.0,0.0,0.0,0.0
3.3689706325531006,-0.2794651687145233,-0.6279249787330627,0.0,0.0,-0.0007184867281466722,-0.18041488528251648,0.0,0.0,-0.10220154021294865,-0.07085552430842341,-0.09627174586057663,0.1299317628145218,0.0,0.0,0.0,0.0
3.3704333305358887,-0.2794651687145233,-0.6279249787330627,0.0,0.0,-0.0007184867281466722,-0.18041488528251648,0.0,0.0,-0.10220154021294865,-0.07085552430842341,-0.09627174586057663,0.1299317628145218,0.0,0.0,0.0,0.0
3.371840476989746,-0.2794651687145233,-0.6279249787330627,0.0,0.0,-0.0007184867281466722,-0.18041488528251648,0.0,0.0,-0.10274802789063969,-0.07082197081935734,-0.09681534022092819,0.1260121464729309,0.0,0.0,0.0,0.0
3.373883008956909,-0.2794651687145233,-0.6279249787330627,0.0,0.0,-0.0007184867281466722,-0.18041488528251648,0.0,0.0,-0.10270487765897363,-0.06945097666051901,-0.08670677244663239,0.1028880774974823,0.0,0.0,0.0,0.0
3.3753068447113037,-0.2794651687145233,-0.6279249787330627,0.0,0.0,-0.0007184867281466722,-0.18041488528251648,0.0,0.0,-0.10270487765897363,-0.06945097666051901,-0.08670677244663239,0.1028880774974823,0.0,0.0,0.0,0.0
3.3770480155944824,-0.2794651687145233,-0.6279249787330627,0.0,0.0,-0.0007184867281466722,-0.18041488528251648,0.0,0.0,-0.10208169796389509,-0.06784029800357355,-0.07677900791168213,0.08995623886585236,0.0,0.0,0.0,0.0
3.3790600299835205,-0.2720283269882202,-1.506743311882019,0.0,0.0,-0.0007570282323285937,-0.18115602433681488,0.0,0.0,-0.10127156904163083,-0.06637822256512005,-0.06896843016147614,0.08082959800958633,0.0,0.0,0.0,0.0
3.3806841373443604,-0.2720283269882202,-1.506743311882019,0.0,0.0,-0.0007570282323285937,-0.18115602433681488,0.0,0.0,-0.10127156904163083,-0.06637822256512005,-0.06896843016147614,0.08082959800958633,0.0,0.0,0.0,0.0
3.3821489810943604,-0.2720283269882202,-1.506743311882019,0.0,0.0,-0.0007570282323285937,-0.18115602433681488,0.0,0.0,-0.10037035298807909,-0.06532361077344867,-0.05754031613469124,0.07168956100940704,0.0,0.0,0.0,0.0
3.384246587753296,-0.2720283269882202,-1.506743311882019,0.0,0.0,-0.0007570282323285937,-0.18115602433681488,0.0,0.0,-0.09976155670355591,-0.06450388510858443,-0.0557665191590786,0.06588168442249298,0.0,0.0,0.0,0.0
3.385920763015747,-0.2720283269882202,-1.506743311882019,0.0,0.0,-0.0007570282323285937,-0.18115602433681488,0.0,0.0,-0.09976155670355591,-0.06450388510858443,-0.0557665191590786,0.06588168442249298,0.0,0.0,0.0,0.0
3.3881466388702393,-0.24115993082523346,-2.1196017265319824,0.0,0.0,-0.0006851073703728616,-0.18189962208271027,0.0,0.0,-0.099128791969222,-0.06386632785462285,-0.05130329728126526,0.06588169932365417,0.0,0.0,0.0,0.0
3.389723777770996,-0.24115993082523346,-2.1196017265319824,0.0,0.0,-0.0006851073703728616,-0.18189962208271027,0.0,0.0,-0.09880761708242737,-0.06389029630443356,-0.052819639444351196,0.07011599093675613,0.0,0.0,0.0,0.0
3.3917346000671387,-0.24115993082523346,-2.1196017265319824,0.0,0.0,-0.0006851073703728616,-0.18189962208271027,0.0,0.0,-0.09881240375038274,-0.06363622839577107,-0.04921073839068413,0.06341640651226044,0.0,0.0,0.0,0.0
3.393428087234497,-0.24115993082523346,-2.1196017265319824,0.0,0.0,-0.0006851073703728616,-0.18189962208271027,0.0,0.0,-0.09881240375038274,-0.06363622839577107,-0.04921073839068413,0.06341640651226044,0.0,0.0,0.0,0.0
3.3950624465942383,-0.24115993082523346,-2.1196017265319824,0.0,0.0,-0.0006851073703728616,-0.18189962208271027,0.0,0.0,-0.09878843530057202,-0.06388070541350589,-0.04986872896552086,0.06507580727338791,0.0,0.0,0.0,0.0
3.396672010421753,-0.24115993082523346,-2.1196017265319824,0.0,0.0,-0.0006851073703728616,-0.18189962208271027,0.0,0.0,-0.09878843530057202,-0.06388070541350589,-0.04986872896552086,0.06507580727338791,0.0,0.0,0.0,0.0
3.399223804473877,-0.09293366968631744,-1.8129462003707886,0.0,0.0,-0.0004046279354952276,-0.18201018869876862,0.0,0.0,-0.09878843530057202,-0.06473877708706388,-0.04986872896552086,0.07706350088119507,0.0,0.0,0.0,0.0
3.401470422744751,-0.09293366968631744,-1.8129462003707886,0.0,0.0,-0.0004046279354952276,-0.18201018869876862,0.0,0.0,-0.09919589894735414,-0.06554891186100045,-0.054789718240499496,0.08312885463237762,0.0,0.0,0.0,0.0
3.4031436443328857,-0.09293366968631744,-1.8129462003707886,0.0,0.0,-0.0004046279354952276,-0.18201018869876862,0.0,0.0,-0.10000124120166304,-0.06661790706322718,-0.05719185620546341,0.08284097909927368,0.0,0.0,0.0,0.0
3.405125856399536,-0.09293366968631744,-1.8129462003707886,0.0,0.0,-0.0004046279354952276,-0.18201018869876862,0.0,0.0,-0.1002888625993916,-0.06746159532622982,-0.05773545801639557,0.08965019881725311,0.0,0.0,0.0,0.0
3.4068617820739746,-0.09293366968631744,-1.8129462003707886,0.0,0.0,-0.0004046279354952276,-0.18201018869876862,0.0,0.0,-0.1002888625993916,-0.06746159532622982,-0.05773545801639557,0.08965019881725311,0.0,0.0,0.0,0.0
3.409423589706421,-0.05712373927235603,-1.1654115915298462,0.0,0.0,-0.00022173694742377847,-0.18159835040569305,0.0,0.0,-0.10058606903637551,-0.06835801300848157,-0.05870823189616203,0.09680277854204178,0.0,0.0,0.0,0.0
3.4115216732025146,-0.05712373927235603,-1.1654115915298462,0.0,0.0,-0.00022173694742377847,-0.18159835040569305,0.0,0.0,-0.100844935316338,-0.06900036863374315,-0.058908477425575256,0.09826190769672394,0.0,0.0,0.0,0.0
3.413417339324951,-0.05712373927235603,-1.1654115915298462,0.0,0.0,-0.00022173694742377847,-0.18159835040569305,0.0,0.0,-0.10089287221595941,-0.06898598522318779,-0.05175229161977768,0.08716033399105072,0.0,0.0,0.0,0.0
3.4151201248168945,-0.05712373927235603,-1.1654115915298462,0.0,0.0,-0.00022173694742377847,-0.18159835040569305,0.0,0.0,-0.1008641053948487,-0.06926881410128867,-0.05075092613697052,0.09004997462034225,0.0,0.0,0.0,0.0
3.4167661666870117,-0.05712373927235603,-1.1654115915298462,0.0,0.0,-0.00022173694742377847,-0.18159835040569305,0.0,0.0,-0.1008641053948487,-0.06926881410128867,-0.05075092613697052,0.09004997462034225,0.0,0.0,0.0,0.0
3.4183874130249023,-0.08531641960144043,-1.1015459299087524,0.0,0.0,-0.0002534002414904535,-0.18151500821113586,0.0,0.0,-0.10057648399712014,-0.06932634189183777,-0.04654519259929657,0.08836197108030319,0.0,0.0,0.0,0.0
3.4198529720306396,-0.08531641960144043,-1.1015459299087524,0.0,0.0,-0.0002534002414904535,-0.18151500821113586,0.0,0.0,-0.10057648399712014,-0.06932634189183777,-0.04654519259929657,0.08836197108030319,0.0,0.0,0.0,0.0
3.4213428497314453,-0.08531641960144043,-1.1015459299087524,0.0,0.0,-0.0002534002414904535,-0.18151500821113586,0.0,0.0,-0.10008752996165053,-0.06926402158166099,-0.04179590940475464,0.08716034144163132,0.0,0.0,0.0,0.0
3.4227542877197266,-0.08531641960144043,-1.1015459299087524,0.0,0.0,-0.0002534002414904535,-0.18151500821113586,0.0,0.0,-0.0996512994937577,-0.06926402158166099,-0.03495132923126221,0.0814308226108551,0.0,0.0,0.0,0.0
3.4241623878479004,-0.08531641960144043,-1.1015459299087524,0.0,0.0,-0.0002534002414904535,-0.18151500821113586,0.0,0.0,-0.0996512994937577,-0.06926402158166099,-0.03495132923126221,0.0814308226108551,0.0,0.0,0.0,0.0
3.425564765930176,-0.08531641960144043,-1.1015459299087524,0.0,0.0,-0.0002534002414904535,-0.18151500821113586,0.0,0.0,-0.09946913693452734,-0.06900516115337083,-0.033835504204034805,0.0814308226108551,0.0,0.0,0.0,0.0
3.427053451538086,-0.08531641960144043,-1.1015459299087524,0.0,0.0,-0.0002534002414904535,-0.18151500821113586,0.0,0.0,-0.09946913693452734,-0.06900516115337083,-0.033835504204034805,0.0814308226108551,0.0,0.0,0.0,0.0
3.430018424987793,-0.17900435626506805,-1.4104911088943481,0.0,0.0,-0.0004428618703968823,-0.1817799061536789,0.0,0.0,-0.09911920692996665,-0.06874630072508066,-0.03380689397454262,0.07751122117042542,0.0,0.0,0.0,0.0
3.431607246398926,-0.17900435626506805,-1.4104911088943481,0.0,0.0,-0.0004428618703968823,-0.1817799061536789,0.0,0.0,-0.09911920692996665,-0.06874630072508066,-0.03380689397454262,0.07751122117042542,0.0,0.0,0.0,0.0
3.4331233501434326,-0.17900435626506805,-1.4104911088943481,0.0,0.0,-0.0004428618703968823,-0.1817799061536789,0.0,0.0,-0.09909523848015593,-0.06879903599600208,-0.02872474677860737,0.0729132741689682,0.0,0.0,0.0,0.0
3.4349277019500732,-0.17900435626506805,-1.4104911088943481,0.0,0.0,-0.0004428618703968823,-0.1817799061536789,0.0,0.0,-0.09909523848015593,-0.06879903599600208,-0.02872474677860737,0.0729132741689682,0.0,0.0,0.0,0.0
3.436565637588501,-0.17900435626506805,-1.4104911088943481,0.0,0.0,-0.0004428618703968823,-0.1817799061536789,0.0,0.0,-0.09909523848015593,-0.06879903599600208,-0.02872474677860737,0.0729132741689682,0.0,0.0,0.0,0.0
3.4386799335479736,-0.22015264630317688,-1.3464796543121338,0.0,0.0,-0.0005552314687520266,-0.18190404772758484,0.0,0.0,-0.09909523848015593,-0.06879903599600208,-0.02872474677860737,0.0729132741689682,0.0,0.0,0.0,0.0
3.4408087730407715,-0.22015264630317688,-1.3464796543121338,0.0,0.0,-0.0005552314687520266,-0.18190404772758484,0.0,0.0,-0.09950270212693806,-0.06879903599600208,-0.033645667135715485,0.0729132741689682,0.0,0.0,0.0,0.0
3.4424545764923096,-0.22015264630317688,-1.3464796543121338,0.0,0.0,-0.0005552314687520266,-0.18190404772758484,0.0,0.0,-0.09950270212693806,-0.06879903599600208,-0.033645667135715485,0.0729132741689682,0.0,0.0,0.0,0.0
3.444077730178833,-0.22015264630317688,-1.3464796543121338,0.0,0.0,-0.0005552314687520266,-0.18190404772758484,0.0,0.0,-0.10015943531108266,-0.06879903599600208,-0.0335044227540493,0.06719370931386948,0.0,0.0,0.0,0.0
3.4458675384521484,-0.22015264630317688,-1.3464796543121338,0.0,0.0,-0.0005552314687520266,-0.18190404772758484,0.0,0.0,-0.1004854085691773,-0.0689572242537494,-0.03450576961040497,0.06719370931386948,0.0,0.0,0.0,0.0
3.447620153427124,-0.22015264630317688,-1.3464796543121338,0.0,0.0,-0.0005552314687520266,-0.18190404772758484,0.0,0.0,-0.1004854085691773,-0.0689572242537494,-0.03450576961040497,0.06719370931386948,0.0,0.0,0.0,0.0
3.4514834880828857,-0.2596757113933563,-1.112884521484375,0.0,0.0,-0.0006648965063504875,-0.18184006214141846,0.0,0.0,-0.10097914927260228,-0.06932154352053778,-0.03585047647356987,0.07114190608263016,0.0,0.0,0.0,0.0
3.45379376411438,-0.2596757113933563,-1.112884521484375,0.0,0.0,-0.0006648965063504875,-0.18184006214141846,0.0,0.0,-0.10117089687108798,-0.06926402158166099,-0.03118353709578514,0.06415966153144836,0.0,0.0,0.0,0.0
3.455381393432617,-0.2596757113933563,-1.112884521484375,0.0,0.0,-0.0006648965063504875,-0.18184006214141846,0.0,0.0,-0.10117089687108798,-0.06926402158166099,-0.03118353709578514,0.06415966153144836,0.0,0.0,0.0,0.0
3.4576399326324463,-0.2596757113933563,-1.112884521484375,0.0,0.0,-0.0006648965063504875,-0.18184006214141846,0.0,0.0,-0.1012284305133094,-0.0687894451050744,-0.030725732445716858,0.05883816257119179,0.0,0.0,0.0,0.0
3.460500717163086,-0.24667754769325256,-0.9720420241355896,0.0,0.0,-0.0006729796878062189,-0.1817866861820221,0.0,0.0,-0.10140579470123975,-0.06850661622697353,-0.03264261782169342,0.05715015158057213,0.0,0.0,0.0,0.0
3.4621427059173584,-0.24667754769325256,-0.9720420241355896,0.0,0.0,-0.0006729796878062189,-0.1817866861820221,0.0,0.0,-0.1015543920680594,-0.06845388680772442,-0.03269987925887108,0.05852344632148743,0.0,0.0,0.0,0.0
3.463956832885742,-0.24667754769325256,-0.9720420241355896,0.0,0.0,-0.0006729796878062189,-0.1817866861820221,0.0,0.0,-0.10164068082804689,-0.06849223866809048,-0.02757420763373375,0.053909994661808014,0.0,0.0,0.0,0.0
3.4655959606170654,-0.24667754769325256,-0.9720420241355896,0.0,0.0,-0.0006729796878062189,-0.1817866861820221,0.0,0.0,-0.10164068082804689,-0.06849223866809048,-0.02757420763373375,0.053909994661808014,0.0,0.0,0.0,0.0
3.4691789150238037,-0.1883191615343094,-0.9631219506263733,0.0,0.0,-0.0005764180095866323,-0.1818426251411438,0.0,0.0,-0.10213443323481651,-0.06849223866809048,-0.0313507579267025,0.053909994661808014,0.0,0.0,0.0,0.0
3.470691442489624,-0.1883191615343094,-0.9631219506263733,0.0,0.0,-0.0005764180095866323,-0.1818426251411438,0.0,0.0,-0.10213443323481651,-0.06849223866809048,-0.0313507579267025,0.053909994661808014,0.0,0.0,0.0,0.0
3.472864866256714,-0.1883191615343094,-0.9631219506263733,0.0,0.0,-0.0005764180095866323,-0.1818426251411438,0.0,0.0,-0.10209129470649507,-0.06849223866809048,-0.023656735196709633,0.0481349341571331,0.0,0.0,0.0,0.0
3.4744937419891357,-0.1883191615343094,-0.9631219506263733,0.0,0.0,-0.0005764180095866323,-0.1818426251411438,0.0,0.0,-0.10209129470649507,-0.06849223866809048,-0.023656735196709633,0.0481349341571331,0.0,0.0,0.0,0.0
3.47687029838562,-0.1883191615343094,-0.9631219506263733,0.0,0.0,-0.0005764180095866323,-0.1818426251411438,0.0,0.0,-0.10209129470649507,-0.06849223866809048,-0.023656735196709633,0.0481349341571331,0.0,0.0,0.0,0.0
3.478433609008789,-0.1839079111814499,-0.9116260409355164,0.0,0.0,-0.0005269570392556489,-0.1819199174642563,0.0,0.0,-0.10209129470649507,-0.06849223866809048,-0.023656735196709633,0.0481349341571331,0.0,0.0,0.0,0.0
3.479991912841797,-0.1839079111814499,-0.9116260409355164,0.0,0.0,-0.0005269570392556489,-0.1819199174642563,0.0,0.0,-0.10209129470649507,-0.06892367076468332,-0.023656735196709633,0.05319893732666969,0.0,0.0,0.0,0.0
3.4814085960388184,-0.1839079111814499,-0.9116260409355164,0.0,0.0,-0.0005269570392556489,-0.1819199174642563,0.0,0.0,-0.10209129470649507,-0.06892367076468332,-0.023656735196709633,0.05319893732666969,0.0,0.0,0.0,0.0
3.482811450958252,-0.1839079111814499,-0.9116260409355164,0.0,0.0,-0.0005269570392556489,-0.1819199174642563,0.0,0.0,-0.10209129470649507,-0.06898598522318779,-0.01795920543372631,0.04621395468711853,0.0,0.0,0.0,0.0
3.484218120574951,-0.1839079111814499,-0.9116260409355164,0.0,0.0,-0.0005269570392556489,-0.1819199174642563,0.0,0.0,-0.10209129470649507,-0.06898598522318779,-0.01795920543372631,0.04621395468711853,0.0,0.0,0.0,0.0
3.4856536388397217,-0.1839079111814499,-0.9116260409355164,0.0,0.0,-0.0005269570392556489,-0.1819199174642563,0.0,0.0,-0.10209129470649507,-0.06928799003147171,-0.01795920543372631,0.04884609580039978,0.0,0.0,0.0,0.0
3.4878110885620117,-0.1839079111814499,-0.9116260409355164,0.0,0.0,-0.0005269570392556489,-0.1819199174642563,0.0,0.0,-0.10209129470649507,-0.06944618414089133,-0.01795920543372631,0.04979021102190018,0.0,0.0,0.0,0.0
3.4902594089508057,-0.14655165374279022,-0.7792875170707703,0.0,0.0,-0.0004139775119256228,-0.18190445005893707,0.0,0.0,-0.10209129470649507,-0.06961875580919401,-0.01795920543372631,0.050820209085941315,0.0,0.0,0.0,0.0
3.491828441619873,-0.14655165374279022,-0.7792875170707703,0.0,0.0,-0.0004139775119256228,-0.18190445005893707,0.0,0.0,-0.10209129470649507,-0.06961875580919401,-0.01795920543372631,0.050820209085941315,0.0,0.0,0.0,0.0
3.4933011531829834,-0.14655165374279022,-0.7792875170707703,0.0,0.0,-0.0004139775119256228,-0.18190445005893707,0.0,0.0,-0.10209129470649507,-0.06957081890957258,-0.0122446333989501,0.044474776834249496,0.0,0.0,0.0,0.0
3.495269775390625,-0.14655165374279022,-0.7792875170707703,0.0,0.0,-0.0004139775119256228,-0.18190445005893707,0.0,0.0,-0.10209129470649507,-0.06974339057787525,-0.0122446333989501,0.04501834511756897,0.0,0.0,0.0,0.0
3.4967870712280273,-0.14655165374279022,-0.7792875170707703,0.0,0.0,-0.0004139775119256228,-0.18190445005893707,0.0,0.0,-0.10209129470649507,-0.06974339057787525,-0.0122446333989501,0.04501834511756897,0.0,0.0,0.0,0.0
3.4986636638641357,-0.13595633208751678,-0.6865348815917969,0.0,0.0,-0.0003729983582161367,-0.1819280982017517,0.0,0.0,-0.10209129470649507,-0.07010291732503594,-0.0122446333989501,0.048737697303295135,0.0,0.0,0.0,0.0
3.5005905628204346,-0.13595633208751678,-0.6865348815917969,0.0,0.0,-0.0003729983582161367,-0.1819280982017517,0.0,0.0,-0.10209129470649507,-0.0701987911242788,-0.0122446333989501,0.049052391201257706,0.0,0.0,0.0,0.0
3.5030503273010254,-0.13595633208751678,-0.6865348815917969,0.0,0.0,-0.0003729983582161367,-0.1819280982017517,0.0,0.0,-0.10209129470649507,-0.07018440771372345,-0.006527198012918234,0.0411047525703907,0.0,0.0,0.0,0.0
3.5046567916870117,-0.13595633208751678,-0.6865348815917969,0.0,0.0,-0.0003729983582161367,-0.1819280982017517,0.0,0.0,-0.10209129470649507,-0.07018440771372345,-0.006527198012918234,0.0411047525703907,0.0,0.0,0.0,0.0
3.506850004196167,-0.13595633208751678,-0.6865348815917969,0.0,0.0,-0.0003729983582161367,-0.1819280982017517,0.0,0.0,-0.10209129470649507,-0.07035698523369843,-0.006527198012918234,0.042935825884342194,0.0,0.0,0.0,0.0
3.509003162384033,-0.1566946804523468,-0.6134997606277466,0.0,0.0,-0.0004179941606707871,-0.1819537878036499,0.0,0.0,-0.10209129470649507,-0.07046723659182433,-0.006527198012918234,0.043593842536211014,0.0,0.0,0.0,0.0
3.5110111236572266,-0.1566946804523468,-0.6134997606277466,0.0,0.0,-0.0004179941606707871,-0.1819537878036499,0.0,0.0,-0.10209129470649507,-0.07056311039106718,-0.006527198012918234,0.04419468343257904,0.0,0.0,0.0,0.0
3.5127341747283936,-0.1566946804523468,-0.6134997606277466,0.0,0.0,-0.0004179941606707871,-0.1819537878036499,0.0,0.0,-0.10209129470649507,-0.07056311039106718,-0.006527198012918234,0.04419468343257904,0.0,0.0,0.0,0.0
3.5142626762390137,-0.1566946804523468,-0.6134997606277466,0.0,0.0,-0.0004179941606707871,-0.1819537878036499,0.0,0.0,-0.10209129470649507,-0.07049120504163504,-0.0007983763352967799,0.03720768913626671,0.0,0.0,0.0,0.0
3.5161843299865723,-0.1566946804523468,-0.6134997606277466,0.0,0.0,-0.0004179941606707871,-0.1819537878036499,0.0,0.0,-0.10209129470649507,-0.07049120504163504,-0.0007983763352967799,0.03720768913626671,0.0,0.0,0.0,0.0
3.518388032913208,-0.17850764095783234,-0.5420246720314026,0.0,0.0,-0.00047125862329266965,-0.18198423087596893,0.0,0.0,-0.10209129470649507,-0.07049120504163504,-0.0007983763352967799,0.03720768913626671,0.0,0.0,0.0,0.0
3.519981622695923,-0.17850764095783234,-0.5420246720314026,0.0,0.0,-0.00047125862329266965,-0.18198423087596893,0.0,0.0,-0.10209129470649507,-0.07049120504163504,-0.0007983763352967799,0.03720768913626671,0.0,0.0,0.0,0.0
3.5222208499908447,-0.17850764095783234,-0.5420246720314026,0.0,0.0,-0.00047125862329266965,-0.18198423087596893,0.0,0.0,-0.10209129470649507,-0.07049120504163504,-0.0007983763352967799,0.03720768913626671,0.0,0.0,0.0,0.0
3.523685932159424,-0.17850764095783234,-0.5420246720314026,0.0,0.0,-0.00047125862329266965,-0.18198423087596893,0.0,0.0,-0.10209129470649507,-0.07049120504163504,-0.0007983763352967799,0.03720768913626671,0.0,0.0,0.0,0.0
3.5251519680023193,-0.17850764095783234,-0.5420246720314026,0.0,0.0,-0.00047125862329266965,-0.18198423087596893,0.0,0.0,-0.102220721994804,-0.07059187136050557,0.0033197784796357155,0.03288934752345085,0.0,0.0,0.0,0.0
3.526561737060547,-0.17850764095783234,-0.5420246720314026,0.0,0.0,-0.00047125862329266965,-0.18198423087596893,0.0,0.0,-0.102220721994804,-0.07059187136050557,0.0033197784796357155,0.03288934752345085,0.0,0.0,0.0,0.0
3.5283100605010986,-0.19128744304180145,-0.4549529254436493,0.0,0.0,-0.000527192372828722,-0.18201614916324615,0.0,0.0,-0.10232618083330221,-0.07068774515974842,0.0027475738897919655,0.03349015489220619,0.0,0.0,0.0,0.0
3.529846668243408,-0.19128744304180145,-0.4549529254436493,0.0,0.0,-0.000527192372828722,-0.18201614916324615,0.0,0.0,-0.10273364448008433,-0.0709993350072877,-0.001400937675498426,0.03700922057032585,0.0,0.0,0.0,0.0
3.531217098236084,-0.19128744304180145,-0.4549529254436493,0.0,0.0,-0.000527192372828722,-0.18201614916324615,0.0,0.0,-0.10273364448008433,-0.0709993350072877,-0.001400937675498426,0.03700922057032585,0.0,0.0,0.0,0.0
3.5325968265533447,-0.19128744304180145,-0.4549529254436493,0.0,0.0,-0.000527192372828722,-0.18201614916324615,0.0,0.0,-0.10275281455859506,-0.07126778632650553,0.00583302229642868,0.03292024880647659,0.0,0.0,0.0,0.0
3.5345022678375244,-0.19128744304180145,-0.4549529254436493,0.0,0.0,-0.000527192372828722,-0.18201614916324615,0.0,0.0,-0.1030164675065129,-0.07144994303406356,0.003486983012408018,0.033177733421325684,0.0,0.0,0.0,0.0
3.5360519886016846,-0.19128744304180145,-0.4549529254436493,0.0,0.0,-0.000527192372828722,-0.18201614916324615,0.0,0.0,-0.1030164675065129,-0.07144994303406356,0.003486983012408018,0.033177733421325684,0.0,0.0,0.0,0.0
3.5374386310577393,-0.19128744304180145,-0.4549529254436493,0.0,0.0,-0.000527192372828722,-0.18201614916324615,0.0,0.0,-0.10306920277743432,-0.07156978528311712,0.003973357379436493,0.03395019471645355,0.0,0.0,0.0,0.0
3.539638042449951,-0.20112237334251404,-0.362815260887146,0.0,0.0,-0.0005551449721679091,-0.18203210830688477,0.0,0.0,-0.10314590649816645,-0.0717711237725305,0.0034869976807385683,0.03509460389614105,0.0,0.0,0.0,0.0
3.541181802749634,-0.20112237334251404,-0.362815260887146,0.0,0.0,-0.0005551449721679091,-0.18203210830688477,0.0,0.0,-0.10314590649816645,-0.0717711237725305,0.0034869976807385683,0.03509460389614105,0.0,0.0,0.0,0.0
3.5425868034362793,-0.20112237334251404,-0.362815260887146,0.0,0.0,-0.0005551449721679091,-0.18203210830688477,0.0,0.0,-0.10324178029740931,-0.07180946978122427,0.008646617643535137,0.028790628537535667,0.0,0.0,0.0,0.0
3.544304609298706,-0.20112237334251404,-0.362815260887146,0.0,0.0,-0.0005551449721679091,-0.18203210830688477,0.0,0.0,-0.10333765409665216,-0.07190534358046712,0.008045774884521961,0.029362834990024567,0.0,0.0,0.0,0.0
3.546091079711914,-0.20112237334251404,-0.362815260887146,0.0,0.0,-0.0005551449721679091,-0.18203210830688477,0.0,0.0,-0.10333765409665216,-0.07190534358046712,0.008045774884521961,0.029362834990024567,0.0,0.0,0.0,0.0
3.548482894897461,-0.19975945353507996,-0.2821342647075653,0.0,0.0,-0.0005526208551600575,-0.1820441484451294,0.0,0.0,-0.10331847231479681,-0.07201560079026532,0.008989940397441387,0.029992245137691498,0.0,0.0,0.0,0.0
3.5503756999969482,-0.19975945353507996,-0.2821342647075653,0.0,0.0,-0.0005526208551600575,-0.1820441484451294,0.0,0.0,-0.10331847231479681,-0.07210188369858049,0.008989940397441387,0.029248373582959175,0.0,0.0,0.0,0.0
3.55220890045166,-0.19975945353507996,-0.2821342647075653,0.0,0.0,-0.0005526208551600575,-0.1820441484451294,0.0,0.0,-0.10331847231479681,-0.07210188369858049,0.008989940397441387,0.029248373582959175,0.0,0.0,0.0,0.0
3.5540194511413574,-0.19975945353507996,-0.2821342647075653,0.0,0.0,-0.0005526208551600575,-0.1820441484451294,0.0,0.0,-0.10347186805291644,-0.07219775749782335,0.012939340434968472,0.025441991165280342,0.0,0.0,0.0,0.0
3.5558650493621826,-0.19975945353507996,-0.2821342647075653,0.0,0.0,-0.0005526208551600575,-0.1820441484451294,0.0,0.0,-0.10357733859475929,-0.07230322218799388,0.012309929355978966,0.026014192029833794,0.0,0.0,0.0,0.0
3.558877944946289,-0.21360717713832855,-0.258269339799881,0.0,0.0,-0.0005658814334310591,-0.18210728466510773,0.0,0.0,-0.1036779990619575,-0.07248058637592422,0.011737724766135216,0.026615003123879433,0.0,0.0,0.0,0.0
3.5607094764709473,-0.21360717713832855,-0.258269339799881,0.0,0.0,-0.0005658814334310591,-0.18210728466510773,0.0,0.0,-0.10362527549438072,-0.0726819248653376,0.012853509746491909,0.029075488448143005,0.0,0.0,0.0,0.0
3.562431573867798,-0.21360717713832855,-0.258269339799881,0.0,0.0,-0.0005658814334310591,-0.18210728466510773,0.0,0.0,-0.10362527549438072,-0.0726819248653376,0.012853509746491909,0.029075488448143005,0.0,0.0,0.0,0.0
3.5641188621520996,-0.21360717713832855,-0.258269339799881,0.0,0.0,-0.0005658814334310591,-0.18210728466510773,0.0,0.0,-0.10362527549438072,-0.07263878048534386,0.01855669543147087,0.022830815985798836,0.0,0.0,0.0,0.0
3.56593918800354,-0.21360717713832855,-0.258269339799881,0.0,0.0,-0.0005658814334310591,-0.18210728466510773,0.0,0.0,-0.10377867123250036,-0.07263878048534386,0.016782861202955246,0.021514739841222763,0.0,0.0,0.0,0.0
3.567718505859375,-0.21360717713832855,-0.258269339799881,0.0,0.0,-0.0005658814334310591,-0.18210728466510773,0.0,0.0,-0.10377867123250036,-0.07263878048534386,0.016782861202955246,0.021514739841222763,0.0,0.0,0.0,0.0
3.569467544555664,-0.20611850917339325,-0.19186989963054657,0.0,0.0,-0.0005708695971406996,-0.1821611523628235,0.0,0.0,-0.10387933169969857,-0.07277779866458046,0.016239294782280922,0.02320272848010063,0.0,0.0,0.0,0.0
3.5712387561798096,-0.20611850917339325,-0.19186989963054657,0.0,0.0,-0.0005708695971406996,-0.1821611523628235,0.0,0.0,-0.10405190921967356,-0.073233199210984,0.015667090192437172,0.02838118001818657,0.0,0.0,0.0,0.0
3.573148250579834,-0.20611850917339325,-0.19186989963054657,0.0,0.0,-0.0005708695971406996,-0.1821611523628235,0.0,0.0,-0.10424365681815927,-0.07325716766079472,0.01904393546283245,0.021627677604556084,0.0,0.0,0.0,0.0
3.5748038291931152,-0.20611850917339325,-0.19186989963054657,0.0,0.0,-0.0005708695971406996,-0.1821611523628235,0.0,0.0,-0.10424365681815927,-0.07325716766079472,0.01904393546283245,0.021627677604556084,0.0,0.0,0.0,0.0
3.5765740871429443,-0.20611850917339325,-0.19186989963054657,0.0,0.0,-0.0005708695971406996,-0.1821611523628235,0.0,0.0,-0.10438746751702355,-0.07351602223741258,0.018071146681904793,0.022571831941604614,0.0,0.0,0.0,0.0
3.5786681175231934,-0.21075429022312164,-0.13026930391788483,0.0,0.0,-0.0005854281480424106,-0.18220452964305878,0.0,0.0,-0.10457921511550924,-0.07385158053476255,0.016984013840556145,0.025461470708251,0.0,0.0,0.0,0.0
3.580451488494873,-0.21075429022312164,-0.13026930391788483,0.0,0.0,-0.0005854281480424106,-0.18220452964305878,0.0,0.0,-0.10473261085362888,-0.07411044096305272,0.016068430617451668,0.027006395161151886,0.0,0.0,0.0,0.0
3.5826528072357178,-0.21075429022312164,-0.13026930391788483,0.0,0.0,-0.0005854281480424106,-0.18220452964305878,0.0,0.0,-0.10499626380154672,-0.0745322880203902,0.020656054839491844,0.024563226848840714,0.0,0.0,0.0,0.0
3.5844104290008545,-0.21075429022312164,-0.13026930391788483,0.0,0.0,-0.0005854281480424106,-0.18220452964305878,0.0,0.0,-0.10499626380154672,-0.0745322880203902,0.020656054839491844,0.024563226848840714,0.0,0.0,0.0,0.0
3.586143970489502,-0.21075429022312164,-0.13026930391788483,0.0,0.0,-0.0005854281480424106,-0.18220452964305878,0.0,0.0,-0.10520239481058778,-0.07473841317775894,0.018996648490428925,0.02507820725440979,0.0,0.0,0.0,0.0
3.5883538722991943,-0.21030382812023163,-0.04451854154467583,0.0,0.0,-0.0005977271939627826,-0.1822325885295868,0.0,0.0,-0.10548043116906099,-0.0750260345754875,0.015963921323418617,0.02688063494861126,0.0,0.0,0.0,0.0
3.5909600257873535,-0.21030382812023163,-0.04451854154467583,0.0,0.0,-0.0005977271939627826,-0.1822325885295868,0.0,0.0,-0.10596458683323061,-0.07533762442302677,0.012845421209931374,0.02856864221394062,0.0,0.0,0.0,0.0
3.5932822227478027,-0.21030382812023163,-0.04451854154467583,0.0,0.0,-0.0005977271939627826,-0.1822325885295868,0.0,0.0,-0.10623303815244846,-0.07574988644110889,0.017713364213705063,0.025446591898798943,0.0,0.0,0.0,0.0
3.595038890838623,-0.21030382812023163,-0.04451854154467583,0.0,0.0,-0.0005977271939627826,-0.1822325885295868,0.0,0.0,-0.10623303815244846,-0.07574988644110889,0.017713364213705063,0.025446591898798943,0.0,0.0,0.0,0.0
3.596666097640991,-0.21030382812023163,-0.04451854154467583,0.0,0.0,-0.0005977271939627826,-0.1822325885295868,0.0,0.0,-0.10670760877736273,-0.07636347524525976,0.012677978724241257,0.030768079683184624,0.0,0.0,0.0,0.0
3.598705768585205,-0.2231961488723755,-0.023929743096232414,0.0,0.0,-0.0006119075696915388,-0.1822892278432846,0.0,0.0,-0.1073260018044859,-0.07699144745996597,0.009445007890462875,0.03534573316574097,0.0,0.0,0.0,0.0
3.600325345993042,-0.2231961488723755,-0.023929743096232414,0.0,0.0,-0.0006119075696915388,-0.1822892278432846,0.0,0.0,-0.1073260018044859,-0.07699144745996597,0.009445007890462875,0.03534573316574097,0.0,0.0,0.0,0.0
3.602421760559082,-0.2231961488723755,-0.023929743096232414,0.0,0.0,-0.0006119075696915388,-0.1822892278432846,0.0,0.0,-0.10814092909805015,-0.07751396083617398,0.003665727563202381,0.03829256817698479,0.0,0.0,0.0,0.0
3.6039021015167236,-0.2231961488723755,-0.023929743096232414,0.0,0.0,-0.0006119075696915388,-0.1822892278432846,0.0,0.0,-0.10874972538257333,-0.07820904588068467,0.0049830833449959755,0.03754819557070732,0.0,0.0,0.0,0.0
3.605733871459961,-0.2231961488723755,-0.023929743096232414,0.0,0.0,-0.0006119075696915388,-0.1822892278432846,0.0,0.0,-0.10966532484668043,-0.0789520736764891,-0.0005673576379194856,0.04304135963320732,0.0,0.0,0.0,0.0
3.6075668334960938,-0.2231961488723755,-0.023929743096232414,0.0,0.0,-0.0006119075696915388,-0.1822892278432846,0.0,0.0,-0.10966532484668043,-0.0789520736764891,-0.0005673576379194856,0.04304135963320732,0.0,0.0,0.0,0.0
3.609381675720215,-0.24805088341236115,-0.036405276507139206,0.0,0.0,-0.0006598817417398095,-0.18239524960517883,0.0,0.0,-0.11059049764669825,-0.07990601914928994,-0.007147655356675386,0.049278419464826584,0.0,0.0,0.0,0.0
3.6110897064208984,-0.24805088341236115,-0.036405276507139206,0.0,0.0,-0.0006598817417398095,-0.18239524960517883,0.0,0.0,-0.1119662960285089,-0.08097980687114435,-0.01882063038647175,0.05760398134589195,0.0,0.0,0.0,0.0
3.6126885414123535,-0.24805088341236115,-0.036405276507139206,0.0,0.0,-0.0006598817417398095,-0.18239524960517883,0.0,0.0,-0.1119662960285089,-0.08097980687114435,-0.01882063038647175,0.05760398134589195,0.0,0.0,0.0,0.0
3.6144533157348633,-0.24805088341236115,-0.036405276507139206,0.0,0.0,-0.0006598817417398095,-0.18239524960517883,0.0,0.0,-0.1134235730956624,-0.08251378765902999,-0.023834921419620514,0.06353446841239929,0.0,0.0,0.0,0.0
3.6168901920318604,-0.24805088341236115,-0.036405276507139206,0.0,0.0,-0.0006598817417398095,-0.18239524960517883,0.0,0.0,-0.11541775280125158,-0.08421554759559062,-0.037768132984638214,0.07360526919364929,0.0,0.0,0.0,0.0
3.6185142993927,-0.23672525584697723,-0.07293561100959778,0.0,0.0,-0.0006586496019735932,-0.18252380192279816,0.0,0.0,-0.11541775280125158,-0.08421554759559062,-0.037768132984638214,0.07360526919364929,0.0,0.0,0.0,0.0
3.6205294132232666,-0.23672525584697723,-0.07293561100959778,0.0,0.0,-0.0006586496019735932,-0.18252380192279816,0.0,0.0,-0.11761805181253719,-0.08631038776837803,-0.05170131102204323,0.08899759501218796,0.0,0.0,0.0,0.0
3.622055768966675,-0.23672525584697723,-0.07293561100959778,0.0,0.0,-0.0006586496019735932,-0.18252380192279816,0.0,0.0,-0.12002928020416387,-0.08881269158794755,-0.06077229976654053,0.10250037908554077,0.0,0.0,0.0,0.0
3.6235129833221436,-0.23672525584697723,-0.07293561100959778,0.0,0.0,-0.0006586496019735932,-0.18252380192279816,0.0,0.0,-0.12002928020416387,-0.08881269158794755,-0.06077229976654053,0.10250037908554077,0.0,0.0,0.0,0.0
3.6249921321868896,-0.23672525584697723,-0.07293561100959778,0.0,0.0,-0.0006586496019735932,-0.18252380192279816,0.0,0.0,-0.1220905668878852,-0.09067264563392782,-0.074791319668293,0.11019652336835861,0.0,0.0,0.0,0.0
3.626500129699707,-0.23672525584697723,-0.07293561100959778,0.0,0.0,-0.0006586496019735932,-0.18252380192279816,0.0,0.0,-0.1220905668878852,-0.09067264563392782,-0.074791319668293,0.11019652336835861,0.0,0.0,0.0,0.0
3.6284103393554688,-0.23379318416118622,-0.3095482289791107,0.0,0.0,-0.0006543179624713957,-0.18278472125530243,0.0,0.0,-0.12368206961464762,-0.09229291518180095,-0.08368910104036331,0.12181226164102554,0.0,0.0,0.0,0.0
3.6299211978912354,-0.23379318416118622,-0.3095482289791107,0.0,0.0,-0.0006543179624713957,-0.18278472125530243,0.0,0.0,-0.12368206961464762,-0.09229291518180095,-0.08368910104036331,0.12181226164102554,0.0,0.0,0.0,0.0
3.6317923069000244,-0.23379318416118622,-0.3095482289791107,0.0,0.0,-0.0006543179624713957,-0.18278472125530243,0.0,0.0,-0.12510100652477968,-0.09353447620065804,-0.08746564388275146,0.12298529595136642,0.0,0.0,0.0,0.0
3.6333041191101074,-0.23379318416118622,-0.3095482289791107,0.0,0.0,-0.0006543179624713957,-0.18278472125530243,0.0,0.0,-0.12593510389685467,-0.0941864227168473,-0.08167080581188202,0.11736492067575455,0.0,0.0,0.0,0.0
3.634841203689575,-0.23379318416118622,-0.3095482289791107,0.0,0.0,-0.0006543179624713957,-0.18278472125530243,0.0,0.0,-0.12593510389685467,-0.0941864227168473,-0.08167080581188202,0.11736492067575455,0.0,0.0,0.0,0.0
3.636326789855957,-0.23379318416118622,-0.3095482289791107,0.0,0.0,-0.0006543179624713957,-0.18278472125530243,0.0,0.0,-0.12605494614590823,-0.09448842167345889,-0.07923893630504608,0.11533361673355103,0.0,0.0,0.0,0.0
3.6385676860809326,-0.21425557136535645,-0.7267248034477234,0.0,0.0,-0.0006146264495328069,-0.183099165558815,0.0,0.0,-0.12606932955646358,-0.0944596607040205,-0.07634930312633514,0.1126442477107048,0.0,0.0,0.0,0.0
3.6401374340057373,-0.21425557136535645,-0.7267248034477234,0.0,0.0,-0.0006146264495328069,-0.183099165558815,0.0,0.0,-0.12606932955646358,-0.0944596607040205,-0.07634930312633514,0.1126442477107048,0.0,0.0,0.0,0.0
3.642404079437256,-0.21425557136535645,-0.7267248034477234,0.0,0.0,-0.0006146264495328069,-0.183099165558815,0.0,0.0,-0.12508662311422433,-0.093855656939125,-0.0645618662238121,0.10543448477983475,0.0,0.0,0.0,0.0
3.6445095539093018,-0.21425557136535645,-0.7267248034477234,0.0,0.0,-0.0006146264495328069,-0.183099165558815,0.0,0.0,-0.12345197015579584,-0.09247986440898666,-0.04425579309463501,0.08850294351577759,0.0,0.0,0.0,0.0
3.6460025310516357,-0.21425557136535645,-0.7267248034477234,0.0,0.0,-0.0006146264495328069,-0.183099165558815,0.0,0.0,-0.12345197015579584,-0.09247986440898666,-0.04425579309463501,0.08850294351577759,0.0,0.0,0.0,0.0
3.6474812030792236,-0.21425557136535645,-0.7267248034477234,0.0,0.0,-0.0006146264495328069,-0.183099165558815,0.0,0.0,-0.12222957921544948,-0.09152592478785813,-0.03647381067276001,0.08009153604507446,0.0,0.0,0.0,0.0
3.6491520404815674,-0.23188051581382751,-1.5479304790496826,0.0,0.0,-0.0005962967989034951,-0.18393570184707642,0.0,0.0,-0.12122770269469953,-0.09088356916259656,-0.030866194516420364,0.0784321203827858,0.0,0.0,0.0,0.0
3.6507363319396973,-0.23188051581382751,-1.5479304790496826,0.0,0.0,-0.0005962967989034951,-0.18393570184707642,0.0,0.0,-0.12122770269469953,-0.09088356916259656,-0.030866194516420364,0.0784321203827858,0.0,0.0,0.0,0.0
3.6522128582000732,-0.23188051581382751,-1.5479304790496826,0.0,0.0,-0.0005962967989034951,-0.18393570184707642,0.0,0.0,-0.12049426578982277,-0.09062470873430639,-0.02337762899696827,0.07331892102956772,0.0,0.0,0.0,0.0
3.6543726921081543,-0.23188051581382751,-1.5479304790496826,0.0,0.0,-0.0005962967989034951,-0.18393570184707642,0.0,0.0,-0.11998134330454244,-0.09052404241543587,-0.020373500883579254,0.07535024732351303,0.0,0.0,0.0,0.0
3.65588641166687,-0.23188051581382751,-1.5479304790496826,0.0,0.0,-0.0005962967989034951,-0.18393570184707642,0.0,0.0,-0.11998134330454244,-0.09052404241543587,-0.020373500883579254,0.07535024732351303,0.0,0.0,0.0,0.0
3.6573569774627686,-0.23188051581382751,-1.5479304790496826,0.0,0.0,-0.0005962967989034951,-0.18393570184707642,0.0,0.0,-0.11995737485473172,-0.09058156435431265,-0.02600971795618534,0.07735295593738556,0.0,0.0,0.0,0.0
3.658809185028076,-0.19903352856636047,-1.8827368021011353,0.0,0.0,-0.0005490835756063461,-0.18453116714954376,0.0,0.0,-0.11995737485473172,-0.09058156435431265,-0.02600971795618534,0.07735295593738556,0.0,0.0,0.0,0.0
3.660365343093872,-0.19903352856636047,-1.8827368021011353,0.0,0.0,-0.0005490835756063461,-0.18453116714954376,0.0,0.0,-0.11995737485473172,-0.09143005098861529,-0.0276691522449255,0.08476301282644272,0.0,0.0,0.0,0.0
3.662231922149658,-0.19903352856636047,-1.8827368021011353,0.0,0.0,-0.0005490835756063461,-0.18453116714954376,0.0,0.0,-0.11995737485473172,-0.09143005098861529,-0.0276691522449255,0.08476301282644272,0.0,0.0,0.0,0.0
3.6653249263763428,-0.19903352856636047,-1.8827368021011353,0.0,0.0,-0.0005490835756063461,-0.18453116714954376,0.0,0.0,-0.12074833369848526,-0.09362076496064554,-0.030697744339704514,0.0994359627366066,0.0,0.0,0.0,0.0
3.66687273979187,-0.19903352856636047,-1.8827368021011353,0.0,0.0,-0.0005490835756063461,-0.18453116714954376,0.0,0.0,-0.12074833369848526,-0.09362076496064554,-0.030697744339704514,0.0994359627366066,0.0,0.0,0.0,0.0
3.668346405029297,-0.24429646134376526,-1.2565038204193115,0.0,0.0,-0.0006200080388225615,-0.18430964648723602,0.0,0.0,-0.12152011076038344,-0.09454594946400799,-0.037106435745954514,0.10387053340673447,0.0,0.0,0.0,0.0
3.6700680255889893,-0.24429646134376526,-1.2565038204193115,0.0,0.0,-0.0006200080388225615,-0.18430964648723602,0.0,0.0,-0.12221040913693876,-0.09547112811569813,-0.04108323156833649,0.10830514878034592,0.0,0.0,0.0,0.0
3.671719551086426,-0.24429646134376526,-1.2565038204193115,0.0,0.0,-0.0006200080388225615,-0.18430964648723602,0.0,0.0,-0.12221040913693876,-0.09547112811569813,-0.04108323156833649,0.10830514878034592,0.0,0.0,0.0,0.0
3.6733195781707764,-0.24429646134376526,-1.2565038204193115,0.0,0.0,-0.0006200080388225615,-0.18430964648723602,0.0,0.0,-0.12251720061317803,-0.09598405645265078,-0.03491627052426338,0.10371031612157822,0.0,0.0,0.0,0.0
3.674945116043091,-0.24429646134376526,-1.2565038204193115,0.0,0.0,-0.0006200080388225615,-0.18430964648723602,0.0,0.0,-0.12251720061317803,-0.09598405645265078,-0.03491627052426338,0.10371031612157822,0.0,0.0,0.0,0.0
3.676500082015991,-0.24429646134376526,-1.2565038204193115,0.0,0.0,-0.0006200080388225615,-0.18430964648723602,0.0,0.0,-0.12290069581014945,-0.09629084792889006,-0.03720508888363838,0.1032811626791954,0.0,0.0,0.0,0.0
3.6782288551330566,-0.30248504877090454,-0.9063927531242371,0.0,0.0,-0.0007583904080092907,-0.18402281403541565,0.0,0.0,-0.12296301612032623,-0.09629084792889006,-0.036375392228364944,0.10087794065475464,0.0,0.0,0.0,0.0
3.6803417205810547,-0.30248504877090454,-0.9063927531242371,0.0,0.0,-0.0007583904080092907,-0.18402281403541565,0.0,0.0,-0.12296301612032623,-0.09629084792889006,-0.036375392228364944,0.10087794065475464,0.0,0.0,0.0,0.0
3.681962490081787,-0.30248504877090454,-0.9063927531242371,0.0,0.0,-0.0007583904080092907,-0.18402281403541565,0.0,0.0,-0.12295343108107087,-0.09591694362284632,-0.03420102968811989,0.09535615891218185,0.0,0.0,0.0,0.0
3.6839120388031006,-0.30248504877090454,-0.9063927531242371,0.0,0.0,-0.0007583904080092907,-0.18402281403541565,0.0,0.0,-0.12263704286223161,-0.09515474574853118,-0.024223310872912407,0.08197598159313202,0.0,0.0,0.0,0.0
3.6854074001312256,-0.30248504877090454,-0.9063927531242371,0.0,0.0,-0.0007583904080092907,-0.18402281403541565,0.0,0.0,-0.12263704286223161,-0.09515474574853118,-0.024223310872912407,0.08197598159313202,0.0,0.0,0.0,0.0
3.687617778778076,-0.30248504877090454,-0.9063927531242371,0.0,0.0,-0.0007583904080092907,-0.18402281403541565,0.0,0.0,-0.1223590065037584,-0.09436857942440532,-0.023880016058683395,0.0762825459241867,0.0,0.0,0.0,0.0
3.6905531883239746,-0.3910525441169739,-1.0870922803878784,0.0,0.0,-0.0009517322760075331,-0.18412987887859344,0.0,0.0,-0.12215767386601734,-0.09390359383874641,-0.020761514082551003,0.07465177029371262,0.0,0.0,0.0,0.0
3.6930503845214844,-0.3910525441169739,-1.0870922803878784,0.0,0.0,-0.0009517322760075331,-0.18412987887859344,0.0,0.0,-0.12210495029844055,-0.09364952593008392,-0.016894899308681488,0.07496646791696548,0.0,0.0,0.0,0.0
3.6953766345977783,-0.3910525441169739,-1.0870922803878784,0.0,0.0,-0.0009517322760075331,-0.18412987887859344,0.0,0.0,-0.12210495029844055,-0.09361597244101785,-0.017781859263777733,0.07192740589380264,0.0,0.0,0.0,0.0
3.6970388889312744,-0.3910525441169739,-1.0870922803878784,0.0,0.0,-0.0009517322760075331,-0.18412987887859344,0.0,0.0,-0.12210495029844055,-0.09364952593008392,-0.017781859263777733,0.07295738160610199,0.0,0.0,0.0,0.0
3.699026584625244,-0.3802963197231293,-1.3100663423538208,0.0,0.0,-0.001029827632009983,-0.18444350361824036,0.0,0.0,-0.12278085356109587,-0.09364952593008392,-0.02321777492761612,0.07295738160610199,0.0,0.0,0.0,0.0
3.7004904747009277,-0.3802963197231293,-1.3100663423538208,0.0,0.0,-0.001029827632009983,-0.18444350361824036,0.0,0.0,-0.12278085356109587,-0.09364952593008392,-0.02321777492761612,0.07295738160610199,0.0,0.0,0.0,0.0
3.7019314765930176,-0.3802963197231293,-1.3100663423538208,0.0,0.0,-0.001029827632009983,-0.18444350361824036,0.0,0.0,-0.12330815945693156,-0.09364952593008392,-0.024732915684580803,0.0672641471028328,0.0,0.0,0.0,0.0
3.7035508155822754,-0.3802963197231293,-1.3100663423538208,0.0,0.0,-0.001029827632009983,-0.18444350361824036,0.0,0.0,-0.12330815945693156,-0.09364952593008392,-0.024732915684580803,0.0672641471028328,0.0,0.0,0.0,0.0
3.7052972316741943,-0.3802963197231293,-1.3100663423538208,0.0,0.0,-0.001029827632009983,-0.18444350361824036,0.0,0.0,-0.12367248457539226,-0.09390838635837409,-0.024790095165371895,0.0672641471028328,0.0,0.0,0.0,0.0
3.7072417736053467,-0.3802963197231293,-1.3100663423538208,0.0,0.0,-0.001029827632009983,-0.18444350361824036,0.0,0.0,-0.12419499209992796,-0.09411930988704284,-0.028566643595695496,0.07301480323076248,0.0,0.0,0.0,0.0
3.7088940143585205,-0.3183095157146454,-1.0037682056427002,0.0,0.0,-0.0009421264403499663,-0.18440650403499603,0.0,0.0,-0.12419499209992796,-0.09411930988704284,-0.028566643595695496,0.07301480323076248,0.0,0.0,0.0,0.0
3.710427761077881,-0.3183095157146454,-1.0037682056427002,0.0,0.0,-0.0009421264403499663,-0.18440650403499603,0.0,0.0,-0.12451616698672259,-0.09411451736741515,-0.03016883134841919,0.07132679969072342,0.0,0.0,0.0,0.0
3.7123115062713623,-0.3183095157146454,-1.0037682056427002,0.0,0.0,-0.0009421264403499663,-0.18440650403499603,0.0,0.0,-0.12451616698672259,-0.09411451736741515,-0.03016883134841919,0.07132679969072342,0.0,0.0,0.0,0.0
3.715427875518799,-0.3183095157146454,-1.0037682056427002,0.0,0.0,-0.0009421264403499663,-0.18440650403499603,0.0,0.0,-0.12460725411801007,-0.09411451736741515,-0.0221707783639431,0.06438667327165604,0.0,0.0,0.0,0.0
3.717336654663086,-0.3183095157146454,-1.0037682056427002,0.0,0.0,-0.0009421264403499663,-0.18440650403499603,0.0,0.0,-0.12460725411801007,-0.09411451736741515,-0.0221707783639431,0.06438667327165604,0.0,0.0,0.0,0.0
3.718909978866577,-0.3191084861755371,-0.8685590028762817,0.0,0.0,-0.0008518945542164147,-0.18429936468601227,0.0,0.0,-0.12472709636706364,-0.09411451736741515,-0.022914670407772064,0.06438667327165604,0.0,0.0,0.0,0.0
3.7205862998962402,-0.3191084861755371,-0.8685590028762817,0.0,0.0,-0.0008518945542164147,-0.18429936468601227,0.0,0.0,-0.12472709636706364,-0.09411451736741515,-0.022914670407772064,0.06438667327165604,0.0,0.0,0.0,0.0
3.722855567932129,-0.3191084861755371,-0.8685590028762817,0.0,0.0,-0.0008518945542164147,-0.18429936468601227,0.0,0.0,-0.12483735357686185,-0.09411451736741515,-0.023544082418084145,0.06438667327165604,0.0,0.0,0.0,0.0
3.724388837814331,-0.3191084861755371,-0.8685590028762817,0.0,0.0,-0.0008518945542164147,-0.18429936468601227,0.0,0.0,-0.12479420334519578,-0.09411451736741515,-0.016796495765447617,0.0586976632475853,0.0,0.0,0.0,0.0
3.7258596420288086,-0.3191084861755371,-0.8685590028762817,0.0,0.0,-0.0008518945542164147,-0.18429936468601227,0.0,0.0,-0.12479420334519578,-0.09411451736741515,-0.016796495765447617,0.0586976632475853,0.0,0.0,0.0,0.0
3.728318452835083,-0.23419086635112762,-0.8701507449150085,0.0,0.0,-0.0007412442937493324,-0.18436338007450104,0.0,0.0,-0.12479420334519578,-0.09411451736741515,-0.016796495765447617,0.0586976632475853,0.0,0.0,0.0,0.0
3.7305943965911865,-0.23419086635112762,-0.8701507449150085,0.0,0.0,-0.0007412442937493324,-0.18436338007450104,0.0,0.0,-0.12479420334519578,-0.09419121523647497,-0.016796495765447617,0.0586976632475853,0.0,0.0,0.0,0.0
3.7325942516326904,-0.23419086635112762,-0.8701507449150085,0.0,0.0,-0.0007412442937493324,-0.18436338007450104,0.0,0.0,-0.12479420334519578,-0.09436378690477765,-0.011150236241519451,0.054912447929382324,0.0,0.0,0.0,0.0
3.7347323894500732,-0.23419086635112762,-0.8701507449150085,0.0,0.0,-0.0007412442937493324,-0.18436338007450104,0.0,0.0,-0.12447782682970115,-0.09472810617156602,-0.00677288556471467,0.05966176837682724,0.0,0.0,0.0,0.0
3.736778736114502,-0.23419086635112762,-0.8701507449150085,0.0,0.0,-0.0007412442937493324,-0.18436338007450104,0.0,0.0,-0.12447782682970115,-0.09472810617156602,-0.00677288556471467,0.05966176837682724,0.0,0.0,0.0,0.0
3.739917516708374,-0.23369435966014862,-0.815187931060791,0.0,0.0,-0.0006704506813548505,-0.18445351719856262,0.0,0.0,-0.12425251403880475,-0.09519789012852492,-0.007917266339063644,0.06066311150789261,0.0,0.0,0.0,0.0
3.7416000366210938,-0.23369435966014862,-0.815187931060791,0.0,0.0,-0.0006704506813548505,-0.18445351719856262,0.0,0.0,-0.12425251403880475,-0.09519789012852492,-0.007917266339063644,0.06066311150789261,0.0,0.0,0.0,0.0
3.7446208000183105,-0.23369435966014862,-0.815187931060791,0.0,0.0,-0.0006704506813548505,-0.18445351719856262,0.0,0.0,-0.12425251403880475,-0.0954807190066258,-0.0022681429982185364,0.05667196586728096,0.0,0.0,0.0,0.0
3.7466697692871094,-0.23369435966014862,-0.815187931060791,0.0,0.0,-0.0006704506813548505,-0.18445351719856262,0.0,0.0,-0.12425251403880475,-0.09570602009417759,-0.0022681429982185364,0.05850299075245857,0.0,0.0,0.0,0.0
3.7486090660095215,-0.2296527475118637,-0.713725745677948,0.0,0.0,-0.000647496897727251,-0.18446677923202515,0.0,0.0,-0.12425251403880475,-0.09584983079304187,-0.0022681429982185364,0.059361301362514496,0.0,0.0,0.0,0.0
3.7505712509155273,-0.2296527475118637,-0.713725745677948,0.0,0.0,-0.000647496897727251,-0.18446677923202515,0.0,0.0,-0.12425251403880475,-0.09596008800284006,-0.0022681429982185364,0.0605057030916214,0.0,0.0,0.0,0.0
3.752448081970215,-0.2296527475118637,-0.713725745677948,0.0,0.0,-0.000647496897727251,-0.18446677923202515,0.0,0.0,-0.12425251403880475,-0.09596008800284006,-0.0022681429982185364,0.0605057030916214,0.0,0.0,0.0,0.0
3.754378080368042,-0.2296527475118637,-0.713725745677948,0.0,0.0,-0.000647496897727251,-0.18446677923202515,0.0,0.0,-0.12425251403880475,-0.09595528963154007,0.003381050657480955,0.05274086073040962,0.0,0.0,0.0,0.0
3.756333112716675,-0.2296527475118637,-0.713725745677948,0.0,0.0,-0.000647496897727251,-0.18446677923202515,0.0,0.0,-0.12425251403880475,-0.09595528963154007,0.003381050657480955,0.05274086073040962,0.0,0.0,0.0,0.0
3.7585020065307617,-0.28918325901031494,-0.6275977492332458,0.0,0.0,-0.0007333646644838154,-0.1844821274280548,0.0,0.0,-0.12425251403880475,-0.09595528963154007,0.003381050657480955,0.05274086073040962,0.0,0.0,0.0,0.0
3.760364532470703,-0.28918325901031494,-0.6275977492332458,0.0,0.0,-0.0007333646644838154,-0.1844821274280548,0.0,0.0,-0.12425251403880475,-0.09595528963154007,0.003381050657480955,0.05274086073040962,0.0,0.0,0.0,0.0
3.7623398303985596,-0.28918325901031494,-0.6275977492332458,0.0,0.0,-0.0007333646644838154,-0.1844821274280548,0.0,0.0,-0.12425251403880475,-0.09595528963154007,0.003381050657480955,0.05274086073040962,0.0,0.0,0.0,0.0
3.76480770111084,-0.28918325901031494,-0.6275977492332458,0.0,0.0,-0.0007333646644838154,-0.1844821274280548,0.0,0.0,-0.12425251403880475,-0.09595528963154007,0.009033037349581718,0.0470881387591362,0.0,0.0,0.0,0.0
3.7670979499816895,-0.28918325901031494,-0.6275977492332458,0.0,0.0,-0.0007333646644838154,-0.1844821274280548,0.0,0.0,-0.12425251403880475,-0.09595528963154007,0.009033037349581718,0.0470881387591362,0.0,0.0,0.0,0.0
3.7688722610473633,-0.29734015464782715,-0.556428849697113,0.0,0.0,-0.0008236562134698033,-0.18450963497161865,0.0,0.0,-0.12478941667724042,-0.09604637091115524,0.003339587477967143,0.0470881387591362,0.0,0.0,0.0,0.0
3.77036190032959,-0.29734015464782715,-0.556428849697113,0.0,0.0,-0.0008236562134698033,-0.18450963497161865,0.0,0.0,-0.12478941667724042,-0.09604637091115524,0.003339587477967143,0.0470881387591362,0.0,0.0,0.0,0.0
3.771761655807495,-0.29734015464782715,-0.556428849697113,0.0,0.0,-0.0008236562134698033,-0.18450963497161865,0.0,0.0,-0.12493801404406006,-0.0961422447103981,0.003339601680636406,0.04903366044163704,0.0,0.0,0.0,0.0
3.773291826248169,-0.29734015464782715,-0.556428849697113,0.0,0.0,-0.0008236562134698033,-0.18450963497161865,0.0,0.0,-0.12512017660329042,-0.09623811850964095,0.007835794240236282,0.043935228139162064,0.0,0.0,0.0,0.0
3.7749183177948,-0.29734015464782715,-0.556428849697113,0.0,0.0,-0.0008236562134698033,-0.18450963497161865,0.0,0.0,-0.12512017660329042,-0.09623811850964095,0.007835794240236282,0.043935228139162064,0.0,0.0,0.0,0.0
3.7772626876831055,-0.29734015464782715,-0.556428849697113,0.0,0.0,-0.0008236562134698033,-0.18450963497161865,0.0,0.0,-0.12510100652477968,-0.09626208695945167,0.0083507364615798,0.04459327831864357,0.0,0.0,0.0,0.0
3.779109001159668,-0.30631598830223083,-0.4656100273132324,0.0,0.0,-0.0008675886783748865,-0.18453450500965118,0.0,0.0,-0.12523043381308863,-0.09626208695945167,0.008064634166657925,0.04327719658613205,0.0,0.0,0.0,0.0
3.7807042598724365,-0.30631598830223083,-0.4656100273132324,0.0,0.0,-0.0008675886783748865,-0.18453450500965118,0.0,0.0,-0.12523043381308863,-0.09626208695945167,0.008064634166657925,0.04327719658613205,0.0,0.0,0.0,0.0
3.7829325199127197,-0.30631598830223083,-0.4656100273132324,0.0,0.0,-0.0008675886783748865,-0.18453450500965118,0.0,0.0,-0.12532150924103147,-0.09626208695945167,0.007463861256837845,0.04327719658613205,0.0,0.0,0.0,0.0
3.784396171569824,-0.30631598830223083,-0.4656100273132324,0.0,0.0,-0.0008675886783748865,-0.18453450500965118,0.0,0.0,-0.1254269680795297,-0.09626208695945167,0.012514937669038773,0.03762451559305191,0.0,0.0,0.0,0.0
3.786494016647339,-0.30631598830223083,-0.4656100273132324,0.0,0.0,-0.0008675886783748865,-0.18453450500965118,0.0,0.0,-0.12569062102744752,-0.09626208695945167,0.010083052329719067,0.03762451559305191,0.0,0.0,0.0,0.0
3.7883176803588867,-0.3058091104030609,-0.358645498752594,0.0,0.0,-0.0008675886783748865,-0.18453450500965118,0.0,0.0,-0.12569062102744752,-0.09626208695945167,0.010083052329719067,0.03762451559305191,0.0,0.0,0.0,0.0
3.7906155586242676,-0.3058091104030609,-0.358645498752594,0.0,0.0,-0.0008675886783748865,-0.18453450500965118,0.0,0.0,-0.12576252637687968,-0.09626208695945167,0.010512219741940498,0.03762451559305191,0.0,0.0,0.0,0.0
3.792128086090088,-0.3058091104030609,-0.358645498752594,0.0,0.0,-0.0008675886783748865,-0.18453450500965118,0.0,0.0,-0.12604536110665288,-0.09626208695945167,0.013637888245284557,0.03195471689105034,0.0,0.0,0.0,0.0
3.7942402362823486,-0.3058091104030609,-0.358645498752594,0.0,0.0,-0.0008675886783748865,-0.18453450500965118,0.0,0.0,-0.1260884996349743,-0.09635316823906684,0.014210105873644352,0.03195471689105034,0.0,0.0,0.0,0.0
3.795771360397339,-0.3058091104030609,-0.358645498752594,0.0,0.0,-0.0008675886783748865,-0.18453450500965118,0.0,0.0,-0.1260884996349743,-0.09635316823906684,0.014210105873644352,0.03195471689105034,0.0,0.0,0.0,0.0
3.7976558208465576,-0.3058091104030609,-0.358645498752594,0.0,0.0,-0.0008675886783748865,-0.18453450500965118,0.0,0.0,-0.12614602157385107,-0.09643945699905433,0.0138667281717062,0.0338716022670269,0.0,0.0,0.0,0.0
3.7998368740081787,-0.28195661306381226,-0.34025123715400696,0.0,0.0,-0.000813873135484755,-0.18459558486938477,0.0,0.0,-0.12624189537309394,-0.09653053242699719,0.013351799920201302,0.03438659757375717,0.0,0.0,0.0,0.0
3.8016817569732666,-0.28195661306381226,-0.34025123715400696,0.0,0.0,-0.000813873135484755,-0.18459558486938477,0.0,0.0,-0.12665895576247604,-0.0967462484752936,0.01477809064090252,0.03087099827826023,0.0,0.0,0.0,0.0
3.8032140731811523,-0.28195661306381226,-0.34025123715400696,0.0,0.0,-0.000813873135484755,-0.18459558486938477,0.0,0.0,-0.12665895576247604,-0.0967462484752936,0.01477809064090252,0.03087099827826023,0.0,0.0,0.0,0.0
3.8048667907714844,-0.28195661306381226,-0.34025123715400696,0.0,0.0,-0.000813873135484755,-0.18459558486938477,0.0,0.0,-0.12668292421228675,-0.0970530458032052,0.016323044896125793,0.03353174403309822,0.0,0.0,0.0,0.0
3.8064558506011963,-0.28195661306381226,-0.34025123715400696,0.0,0.0,-0.000813873135484755,-0.18459558486938477,0.0,0.0,-0.12668292421228675,-0.0970530458032052,0.016323044896125793,0.03353174403309822,0.0,0.0,0.0,0.0
3.808637857437134,-0.27260062098503113,-0.23635205626487732,0.0,0.0,-0.0007878491305746138,-0.1846131533384323,0.0,0.0,-0.12663498731266534,-0.09734066720093375,0.017410190775990486,0.03524835780262947,0.0,0.0,0.0,0.0
3.810133218765259,-0.27260062098503113,-0.23635205626487732,0.0,0.0,-0.0007878491305746138,-0.1846131533384323,0.0,0.0,-0.12678838305078496,-0.09763308111828999,0.015693632885813713,0.03562029078602791,0.0,0.0,0.0,0.0
3.812178611755371,-0.27260062098503113,-0.23635205626487732,0.0,0.0,-0.0007878491305746138,-0.1846131533384323,0.0,0.0,-0.12688425685002783,-0.09782962708807569,0.020807571709156036,0.031649328768253326,0.0,0.0,0.0,0.0
3.8136532306671143,-0.27260062098503113,-0.23635205626487732,0.0,0.0,-0.0007878491305746138,-0.1846131533384323,0.0,0.0,-0.12688425685002783,-0.09782962708807569,0.020807571709156036,0.031649328768253326,0.0,0.0,0.0,0.0
3.8150813579559326,-0.27260062098503113,-0.23635205626487732,0.0,0.0,-0.0007878491305746138,-0.1846131533384323,0.0,0.0,-0.12699451405982604,-0.09803095972581675,0.020178090780973434,0.032850977033376694,0.0,0.0,0.0,0.0
3.8165831565856934,-0.27260062098503113,-0.23635205626487732,0.0,0.0,-0.0007878491305746138,-0.1846131533384323,0.0,0.0,-0.12699451405982604,-0.09803095972581675,0.020178090780973434,0.032850977033376694,0.0,0.0,0.0,0.0
3.818411111831665,-0.25067269802093506,-0.16682374477386475,0.0,0.0,-0.0007353652617894113,-0.1846531480550766,0.0,0.0,-0.1269417787889046,-0.0983761030624221,0.021265309303998947,0.03565477207303047,0.0,0.0,0.0,0.0
3.819990396499634,-0.25067269802093506,-0.16682374477386475,0.0,0.0,-0.0007353652617894113,-0.1846531480550766,0.0,0.0,-0.1269417787889046,-0.09842883833334352,0.021265309303998947,0.03439592197537422,0.0,0.0,0.0,0.0
3.8214290142059326,-0.25067269802093506,-0.16682374477386475,0.0,0.0,-0.0007353652617894113,-0.1846531480550766,0.0,0.0,-0.1269417787889046,-0.09842883833334352,0.021265309303998947,0.03439592197537422,0.0,0.0,0.0,0.0
3.822903633117676,-0.25067269802093506,-0.16682374477386475,0.0,0.0,-0.0007353652617894113,-0.1846531480550766,0.0,0.0,-0.1269417787889046,-0.09852949880054174,0.026886004954576492,0.029348863288760185,0.0,0.0,0.0,0.0
3.824380397796631,-0.25067269802093506,-0.16682374477386475,0.0,0.0,-0.0007353652617894113,-0.1846531480550766,0.0,0.0,-0.1269417787889046,-0.09852949880054174,0.026886004954576492,0.029348863288760185,0.0,0.0,0.0,0.0
3.8265316486358643,-0.25067269802093506,-0.16682374477386475,0.0,0.0,-0.0007353652617894113,-0.1846531480550766,0.0,0.0,-0.12709517452702424,-0.09902804957861135,0.025140807032585144,0.03484205901622772,0.0,0.0,0.0,0.0
3.8280467987060547,-0.2705436944961548,-0.16161727905273438,0.0,0.0,-0.0007453709258697927,-0.18472155928611755,0.0,0.0,-0.1271958466975671,-0.09923896725560777,0.024539966136217117,0.0353570431470871,0.0,0.0,0.0,0.0
3.8295061588287354,-0.2705436944961548,-0.16161727905273438,0.0,0.0,-0.0007453709258697927,-0.18472155928611755,0.0,0.0,-0.1271958466975671,-0.09923896725560777,0.024539966136217117,0.0353570431470871,0.0,0.0,0.0,0.0
3.8313798904418945,-0.2705436944961548,-0.16161727905273438,0.0,0.0,-0.0007453709258697927,-0.18472155928611755,0.0,0.0,-0.12729172049680995,-0.0994019597363274,0.023996397852897644,0.035414233803749084,0.0,0.0,0.0,0.0
3.8328464031219482,-0.2705436944961548,-0.16161727905273438,0.0,0.0,-0.0007453709258697927,-0.18472155928611755,0.0,0.0,-0.1275505750734278,-0.09961287741332382,0.027230819687247276,0.031036751344799995,0.0,0.0,0.0,0.0
3.83437180519104,-0.2705436944961548,-0.16161727905273438,0.0,0.0,-0.0007453709258697927,-0.18472155928611755,0.0,0.0,-0.1275505750734278,-0.09961287741332382,0.027230819687247276,0.031036751344799995,0.0,0.0,0.0,0.0
3.837538003921509,-0.2705436944961548,-0.16161727905273438,0.0,0.0,-0.0007453709258697927,-0.18472155928611755,0.0,0.0,-0.12764644887267065,-0.10006827795972738,0.02748837135732174,0.03369751572608948,0.0,0.0,0.0,0.0
3.8398935794830322,-0.2874879539012909,-0.11853427439928055,0.0,0.0,-0.0008072381606325507,-0.1847894936800003,0.0,0.0,-0.1277423226719135,-0.10025044051895772,0.026944732293486595,0.03489913046360016,0.0,0.0,0.0,0.0
3.841416835784912,-0.2874879539012909,-0.11853427439928055,0.0,0.0,-0.0008072381606325507,-0.1847894936800003,0.0,0.0,-0.1277423226719135,-0.10025044051895772,0.026944732293486595,0.03489913046360016,0.0,0.0,0.0,0.0
3.8434383869171143,-0.2874879539012909,-0.11853427439928055,0.0,0.0,-0.0008072381606325507,-0.1847894936800003,0.0,0.0,-0.12804912585149741,-0.10066269083369521,0.029077691957354546,0.0319909043610096,0.0,0.0,0.0,0.0
3.8451216220855713,-0.2874879539012909,-0.11853427439928055,0.0,0.0,-0.0008072381606325507,-0.1847894936800003,0.0,0.0,-0.128164169729251,-0.10115165657250946,0.02882017008960247,0.03705492988228798,0.0,0.0,0.0,0.0
3.8467302322387695,-0.2874879539012909,-0.11853427439928055,0.0,0.0,-0.0008072381606325507,-0.1847894936800003,0.0,0.0,-0.128164169729251,-0.10115165657250946,0.02882017008960247,0.03705492988228798,0.0,0.0,0.0,0.0
3.8482720851898193,-0.32493382692337036,-0.09011469036340714,0.0,0.0,-0.0008903454290702939,-0.1848471760749817,0.0,0.0,-0.1283846841488474,-0.1014920015378148,0.027904655784368515,0.0386284776031971,0.0,0.0,0.0,0.0
3.849801540374756,-0.32493382692337036,-0.09011469036340714,0.0,0.0,-0.0008903454290702939,-0.1848471760749817,0.0,0.0,-0.12871544407489738,-0.101765239524988,0.025186670944094658,0.03914346173405647,0.0,0.0,0.0,0.0
3.8512799739837646,-0.32493382692337036,-0.09011469036340714,0.0,0.0,-0.0008903454290702939,-0.1848471760749817,0.0,0.0,-0.12871544407489738,-0.101765239524988,0.025186670944094658,0.03914346173405647,0.0,0.0,0.0,0.0
3.8528237342834473,-0.32493382692337036,-0.09011469036340714,0.0,0.0,-0.0008903454290702939,-0.1848471760749817,0.0,0.0,-0.12899348043337058,-0.10261373201096297,0.029079224914312363,0.04180411249399185,0.0,0.0,0.0,0.0
3.8542845249176025,-0.32493382692337036,-0.09011469036340714,0.0,0.0,-0.0008903454290702939,-0.1848471760749817,0.0,0.0,-0.12899348043337058,-0.10261373201096297,0.029079224914312363,0.04180411249399185,0.0,0.0,0.0,0.0
3.8558571338653564,-0.32493382692337036,-0.09011469036340714,0.0,0.0,-0.0008903454290702939,-0.1848471760749817,0.0,0.0,-0.1292906868703545,-0.10338072240490578,0.027391180396080017,0.0472114272415638,0.0,0.0,0.0,0.0
3.858194351196289,-0.3320770263671875,-0.05483867600560188,0.0,0.0,-0.0009243442909792066,-0.18492157757282257,0.0,0.0,-0.12969335214583663,-0.10392240000795219,0.024072421714663506,0.049614712595939636,0.0,0.0,0.0,0.0
3.8606488704681396,-0.3320770263671875,-0.05483867600560188,0.0,0.0,-0.0009243442909792066,-0.18492157757282257,0.0,0.0,-0.1300049419933759,-0.1045887299346968,0.02350023202598095,0.05339125171303749,0.0,0.0,0.0,0.0
3.8627684116363525,-0.3320770263671875,-0.05483867600560188,0.0,0.0,-0.0009243442909792066,-0.18492157757282257,0.0,0.0,-0.1306425050990098,-0.10533653854678426,0.022368911653757095,0.05326445400714874,0.0,0.0,0.0,0.0
3.8650732040405273,-0.3320770263671875,-0.05483867600560188,0.0,0.0,-0.0009243442909792066,-0.18492157757282257,0.0,0.0,-0.13114584254503478,-0.10647265243048779,0.02019451931118965,0.060931965708732605,0.0,0.0,0.0,0.0
3.867072105407715,-0.3320770263671875,-0.05483867600560188,0.0,0.0,-0.0009243442909792066,-0.18492157757282257,0.0,0.0,-0.13114584254503478,-0.10647265243048779,0.02019451931118965,0.060931965708732605,0.0,0.0,0.0,0.0
3.869767904281616,-0.3564569056034088,-0.07586413621902466,0.0,0.0,-0.0009886891348287463,-0.18501563370227814,0.0,0.0,-0.13197515324915438,-0.10766147817842345,0.013757188804447651,0.06831343472003937,0.0,0.0,0.0,0.0
3.872227668762207,-0.3564569056034088,-0.07586413621902466,0.0,0.0,-0.0009886891348287463,-0.18501563370227814,0.0,0.0,-0.13281884736382932,-0.10885511400100374,0.006404345389455557,0.07492242753505707,0.0,0.0,0.0,0.0
3.8746204376220703,-0.3564569056034088,-0.07586413621902466,0.0,0.0,-0.0009886891348287463,-0.18501563370227814,0.0,0.0,-0.13384469233439,-0.11019734719040368,0.007141255307942629,0.08162491768598557,0.0,0.0,0.0,0.0
3.876430034637451,-0.3564569056034088,-0.07586413621902466,0.0,0.0,-0.0009886891348287463,-0.18501563370227814,0.0,0.0,-0.13492327257587208,-0.11209085472545001,-0.0016993063036352396,0.09541501104831696,0.0,0.0,0.0,0.0
3.878309726715088,-0.38353779911994934,-0.11794544011354446,0.0,0.0,-0.0010478674666956067,-0.18513669073581696,0.0,0.0,-0.1363517945252595,-0.11394601040013028,-0.012857338413596153,0.10365475714206696,0.0,0.0,0.0,0.0
3.8801369667053223,-0.38353779911994934,-0.11794544011354446,0.0,0.0,-0.0010478674666956067,-0.18513669073581696,0.0,0.0,-0.1363517945252595,-0.11394601040013028,-0.012857338413596153,0.10365475714206696,0.0,0.0,0.0,0.0
3.8833389282226562,-0.38353779911994934,-0.11794544011354446,0.0,0.0,-0.0010478674666956067,-0.18513669073581696,0.0,0.0,-0.13935743579085402,-0.11711464414644442,-0.025893379002809525,0.11983653157949448,0.0,0.0,0.0,0.0
3.885195732116699,-0.38353779911994934,-0.11794544011354446,0.0,0.0,-0.0010478674666956067,-0.18513669073581696,0.0,0.0,-0.13935743579085402,-0.11711464414644442,-0.025893379002809525,0.11983653157949448,0.0,0.0,0.0,0.0
3.886967897415161,-0.38353779911994934,-0.11794544011354446,0.0,0.0,-0.0010478674666956067,-0.18513669073581696,0.0,0.0,-0.14100646045649323,-0.11880680734040505,-0.03527747839689255,0.13042230904102325,0.0,0.0,0.0,0.0
3.8885464668273926,-0.4098077118396759,-0.2888337969779968,0.0,0.0,-0.0011487064184620976,-0.18536777794361115,0.0,0.0,-0.1422288513968396,-0.11976075866487822,-0.04217255860567093,0.1316525638103485,0.0,0.0,0.0,0.0
3.8903796672821045,-0.4098077118396759,-0.2888337969779968,0.0,0.0,-0.0011487064184620976,-0.18536777794361115,0.0,0.0,-0.1422288513968396,-0.11976075866487822,-0.04217255860567093,0.1316525638103485,0.0,0.0,0.0,0.0
3.892727851867676,-0.4098077118396759,-0.2888337969779968,0.0,0.0,-0.0011487064184620976,-0.18536777794361115,0.0,0.0,-0.14343207225867524,-0.12049898223771033,-0.047351010143756866,0.13228198885917664,0.0,0.0,0.0,0.0
3.894392728805542,-0.4098077118396759,-0.2888337969779968,0.0,0.0,-0.0011487064184620976,-0.18536777794361115,0.0,0.0,-0.144160710792252,-0.12055650417658711,-0.043921928852796555,0.12316016852855682,0.0,0.0,0.0,0.0
3.895907402038574,-0.4098077118396759,-0.2888337969779968,0.0,0.0,-0.0011487064184620976,-0.18536777794361115,0.0,0.0,-0.144160710792252,-0.12055650417658711,-0.043921928852796555,0.12316016852855682,0.0,0.0,0.0,0.0
3.8995306491851807,-0.48266899585723877,-0.6978963017463684,0.0,0.0,-0.0013055111048743129,-0.18579457700252533,0.0,0.0,-0.1448462107975073,-0.12014904052980499,-0.04297776147723198,0.11746669560670853,0.0,0.0,0.0,0.0
3.9018216133117676,-0.48266899585723877,-0.6978963017463684,0.0,0.0,-0.0013055111048743129,-0.18579457700252533,0.0,0.0,-0.14506192684580374,-0.11861505974191935,-0.04483742639422417,0.10004310309886932,0.0,0.0,0.0,0.0
3.9033336639404297,-0.48266899585723877,-0.6978963017463684,0.0,0.0,-0.0013055111048743129,-0.18579457700252533,0.0,0.0,-0.14506192684580374,-0.11861505974191935,-0.04483742639422417,0.10004310309886932,0.0,0.0,0.0,0.0
3.904813051223755,-0.48266899585723877,-0.6978963017463684,0.0,0.0,-0.0013055111048743129,-0.18579457700252533,0.0,0.0,-0.14510986374542517,-0.11737829709436226,-0.037257224321365356,0.08516722172498703,0.0,0.0,0.0,0.0
3.907069683074951,-0.48266899585723877,-0.6978963017463684,0.0,0.0,-0.0013055111048743129,-0.18579457700252533,0.0,0.0,-0.14504275676729303,-0.11625177995325874,-0.03605559468269348,0.07893019169569016,0.0,0.0,0.0,0.0
3.9089739322662354,-0.5143868327140808,-1.3646800518035889,0.0,0.0,-0.0014410732546821237,-0.18645453453063965,0.0,0.0,-0.1448845626578734,-0.11548957622727128,-0.03605559468269348,0.07638387382030487,0.0,0.0,0.0,0.0
3.9105353355407715,-0.5143868327140808,-1.3646800518035889,0.0,0.0,-0.0014410732546821237,-0.18645453453063965,0.0,0.0,-0.1448845626578734,-0.11548957622727128,-0.03605559468269348,0.07638387382030487,0.0,0.0,0.0,0.0
3.9120943546295166,-0.5143868327140808,-1.3646800518035889,0.0,0.0,-0.0014410732546821237,-0.18645453453063965,0.0,0.0,-0.14455379102847876,-0.11478490614350524,-0.02498159371316433,0.06671039760112762,0.0,0.0,0.0,0.0
3.914201498031616,-0.5143868327140808,-1.3646800518035889,0.0,0.0,-0.0014410732546821237,-0.18645453453063965,0.0,0.0,-0.14453462094996805,-0.11451166815633204,-0.026640957221388817,0.06865589320659637,0.0,0.0,0.0,0.0
3.915935754776001,-0.5143868327140808,-1.3646800518035889,0.0,0.0,-0.0014410732546821237,-0.18645453453063965,0.0,0.0,-0.14453462094996805,-0.11451166815633204,-0.026640957221388817,0.06865589320659637,0.0,0.0,0.0,0.0
3.917680501937866,-0.5143868327140808,-1.3646800518035889,0.0,0.0,-0.0014410732546821237,-0.18645453453063965,0.0,0.0,-0.14486538087601805,-0.11448290133522133,-0.030017022043466568,0.0722607970237732,0.0,0.0,0.0,0.0
3.920116662979126,-0.4349919855594635,-1.5635484457015991,0.0,0.0,-0.001317208050750196,-0.18689481914043427,0.0,0.0,-0.14528244126540016,-0.11421924838730349,-0.035224027931690216,0.06991475820541382,0.0,0.0,0.0,0.0
3.921772003173828,-0.4349919855594635,-1.5635484457015991,0.0,0.0,-0.001317208050750196,-0.18689481914043427,0.0,0.0,-0.14589123754992334,-0.11440620931783382,-0.03488486632704735,0.0647132396697998,0.0,0.0,0.0,0.0
3.9240050315856934,-0.4349919855594635,-1.5635484457015991,0.0,0.0,-0.001317208050750196,-0.18689481914043427,0.0,0.0,-0.14659590763368938,-0.11496227033143559,-0.03992024064064026,0.07446929812431335,0.0,0.0,0.0,0.0
3.9256463050842285,-0.4349919855594635,-1.5635484457015991,0.0,0.0,-0.001317208050750196,-0.18689481914043427,0.0,0.0,-0.14659590763368938,-0.11496227033143559,-0.03992024064064026,0.07446929812431335,0.0,0.0,0.0,0.0
3.9272069931030273,-0.4349919855594635,-1.5635484457015991,0.0,0.0,-0.001317208050750196,-0.18689481914043427,0.0,0.0,-0.14716156538989114,-0.11576281421444448,-0.042466580867767334,0.08073493838310242,0.0,0.0,0.0,0.0
3.928736686706543,-0.26222464442253113,-1.1470744609832764,0.0,0.0,-0.0009309531887993217,-0.18677829205989838,0.0,0.0,-0.1475019103551965,-0.11625177995325874,-0.04412597045302391,0.08351017534732819,0.0,0.0,0.0,0.0
3.9304020404815674,-0.26222464442253113,-1.1470744609832764,0.0,0.0,-0.0009309531887993217,-0.18677829205989838,0.0,0.0,-0.1475019103551965,-0.11625177995325874,-0.04412597045302391,0.08351017534732819,0.0,0.0,0.0,0.0
3.9330129623413086,-0.26222464442253113,-1.1470744609832764,0.0,0.0,-0.0009309531887993217,-0.18677829205989838,0.0,0.0,-0.14779912849552504,-0.11684139445592658,-0.04424042999744415,0.08682891726493835,0.0,0.0,0.0,0.0
3.9346015453338623,-0.26222464442253113,-1.1470744609832764,0.0,0.0,-0.0009309531887993217,-0.18677829205989838,0.0,0.0,-0.14785185206310184,-0.1170043869366462,-0.036817315965890884,0.07937505841255188,0.0,0.0,0.0,0.0
3.936283826828003,-0.26222464442253113,-1.1470744609832764,0.0,0.0,-0.0009309531887993217,-0.18677829205989838,0.0,0.0,-0.1478039151634804,-0.11712901585365514,-0.035701531916856766,0.07968979328870773,0.0,0.0,0.0,0.0
3.938077926635742,-0.22859561443328857,-0.8936446905136108,0.0,0.0,-0.000716230773832649,-0.1865958273410797,0.0,0.0,-0.1478039151634804,-0.11712901585365514,-0.035701531916856766,0.07968979328870773,0.0,0.0,0.0,0.0
3.939760684967041,-0.22859561443328857,-0.8936446905136108,0.0,0.0,-0.000716230773832649,-0.1865958273410797,0.0,0.0,-0.14764572105406076,-0.11712422918569977,-0.035701531916856766,0.07760126888751984,0.0,0.0,0.0,0.0
3.9417810440063477,-0.22859561443328857,-0.8936446905136108,0.0,0.0,-0.000716230773832649,-0.1865958273410797,0.0,0.0,-0.14702733973028223,-0.11712422918569977,-0.021449081599712372,0.07199195772409439,0.0,0.0,0.0,0.0
3.9435105323791504,-0.22859561443328857,-0.8936446905136108,0.0,0.0,-0.000716230773832649,-0.1865958273410797,0.0,0.0,-0.14702733973028223,-0.11712422918569977,-0.021449081599712372,0.07199195772409439,0.0,0.0,0.0,0.0
3.94521427154541,-0.22859561443328857,-0.8936446905136108,0.0,0.0,-0.000716230773832649,-0.1865958273410797,0.0,0.0,-0.14652400228425724,-0.11712422918569977,-0.018301956355571747,0.07199195772409439,0.0,0.0,0.0,0.0
3.9468629360198975,-0.22859561443328857,-0.8936446905136108,0.0,0.0,-0.000716230773832649,-0.1865958273410797,0.0,0.0,-0.14652400228425724,-0.11712422918569977,-0.018301956355571747,0.07199195772409439,0.0,0.0,0.0,0.0
3.948767900466919,-0.18827484548091888,-1.072629690170288,0.0,0.0,-0.0005664007621817291,-0.18673016130924225,0.0,0.0,-0.14599669638842155,-0.11712422918569977,-0.01501177903264761,0.07199195772409439,0.0,0.0,0.0,0.0
3.9504623413085938,-0.18827484548091888,-1.072629690170288,0.0,0.0,-0.0005664007621817291,-0.18673016130924225,0.0,0.0,-0.1456515530518162,-0.11720571957438727,-0.015240633860230446,0.07199195772409439,0.0,0.0,0.0,0.0
3.952941656112671,-0.18827484548091888,-1.072629690170288,0.0,0.0,-0.0005664007621817291,-0.18673016130924225,0.0,0.0,-0.14547897553184122,-0.11746937252230512,-0.007659969385713339,0.06829939782619476,0.0,0.0,0.0,0.0
3.9551146030426025,-0.18827484548091888,-1.072629690170288,0.0,0.0,-0.0005664007621817291,-0.18673016130924225,0.0,0.0,-0.1452920263046555,-0.11779534578039974,-0.007860241457819939,0.07299147546291351,0.0,0.0,0.0,0.0
3.958374500274658,-0.23142631351947784,-1.0886129140853882,0.0,0.0,-0.0006404165178537369,-0.18690575659275055,0.0,0.0,-0.1451817690948573,-0.11823156454494795,-0.006715831812471151,0.07490834593772888,0.0,0.0,0.0,0.0
3.9605987071990967,-0.23142631351947784,-1.0886129140853882,0.0,0.0,-0.0006404165178537369,-0.18690575659275055,0.0,0.0,-0.14511466211672516,-0.11873011532301755,-0.008461112156510353,0.08014406263828278,0.0,0.0,0.0,0.0
3.962398052215576,-0.23142631351947784,-1.0886129140853882,0.0,0.0,-0.0006404165178537369,-0.18690575659275055,0.0,0.0,-0.14511466211672516,-0.11886434098262648,-0.0028205104172229767,0.07364512234926224,0.0,0.0,0.0,0.0
3.965031862258911,-0.23142631351947784,-1.0886129140853882,0.0,0.0,-0.0006404165178537369,-0.18690575659275055,0.0,0.0,-0.14547897553184122,-0.1192957730792193,-0.007026173174381256,0.07716421782970428,0.0,0.0,0.0,0.0
3.967186689376831,-0.23142631351947784,-1.0886129140853882,0.0,0.0,-0.0006404165178537369,-0.18690575659275055,0.0,0.0,-0.1458960242178787,-0.11959776618415859,-0.010802723467350006,0.07933855056762695,0.0,0.0,0.0,0.0
3.9698445796966553,-0.29086607694625854,-0.8455820083618164,0.0,0.0,-0.0007753942045383155,-0.18684084713459015,0.0,0.0,-0.1463178712752162,-0.1196313313765693,-0.013091540895402431,0.07653475552797318,0.0,0.0,0.0,0.0
3.971764087677002,-0.29086607694625854,-0.8455820083618164,0.0,0.0,-0.0007753942045383155,-0.18684084713459015,0.0,0.0,-0.1463178712752162,-0.1196313313765693,-0.013091540895402431,0.07653475552797318,0.0,0.0,0.0,0.0
3.973952054977417,-0.29086607694625854,-0.8455820083618164,0.0,0.0,-0.0007753942045383155,-0.18684084713459015,0.0,0.0,-0.1465383856948126,-0.11957859610564787,-0.007954258471727371,0.06982677429914474,0.0,0.0,0.0,0.0
3.975768804550171,-0.29086607694625854,-0.8455820083618164,0.0,0.0,-0.0007753942045383155,-0.18684084713459015,0.0,0.0,-0.14659110926238939,-0.11957859610564787,-0.006895666476339102,0.06982677429914474,0.0,0.0,0.0,0.0
3.9777016639709473,-0.29086607694625854,-0.8455820083618164,0.0,0.0,-0.0007753942045383155,-0.18684084713459015,0.0,0.0,-0.1468355921317965,-0.11957859610564787,-0.009155860170722008,0.06982677429914474,0.0,0.0,0.0,0.0
3.9807465076446533,-0.3525088429450989,-0.756527841091156,0.0,0.0,-0.0009530256502330303,-0.18681012094020844,0.0,0.0,-0.1469985729091715,-0.11942040199622823,-0.008841175585985184,0.06982677429914474,0.0,0.0,0.0,0.0
3.9824047088623047,-0.3525088429450989,-0.756527841091156,0.0,0.0,-0.0009530256502330303,-0.18681012094020844,0.0,0.0,-0.1469985729091715,-0.11942040199622823,-0.008841175585985184,0.06982677429914474,0.0,0.0,0.0,0.0
3.984255075454712,-0.3525088429450989,-0.756527841091156,0.0,0.0,-0.0009530256502330303,-0.18681012094020844,0.0,0.0,-0.14720950228951257,-0.11904649183851218,-0.005686800926923752,0.058516331017017365,0.0,0.0,0.0,0.0
3.985752582550049,-0.3525088429450989,-0.756527841091156,0.0,0.0,-0.0009530256502330303,-0.18681012094020844,0.0,0.0,-0.1473676963989322,-0.11894103300001398,-0.006688158493489027,0.058716606348752975,0.0,0.0,0.0,0.0
3.9872074127197266,-0.3525088429450989,-0.756527841091156,0.0,0.0,-0.0009530256502330303,-0.18681012094020844,0.0,0.0,-0.1473676963989322,-0.11894103300001398,-0.006688158493489027,0.058716606348752975,0.0,0.0,0.0,0.0
3.988802194595337,-0.3831235468387604,-0.7148709893226624,0.0,0.0,-0.0010697225807234645,-0.18685701489448547,0.0,0.0,-0.14749232531594114,-0.11873970036227291,-0.007889773696660995,0.05757219344377518,0.0,0.0,0.0,0.0
3.990307092666626,-0.3831235468387604,-0.7148709893226624,0.0,0.0,-0.0010697225807234645,-0.18685701489448547,0.0,0.0,-0.14749232531594114,-0.11873970036227291,-0.007889773696660995,0.05757219344377518,0.0,0.0,0.0,0.0
3.9920647144317627,-0.3831235468387604,-0.7148709893226624,0.0,0.0,-0.0010697225807234645,-0.18685701489448547,0.0,0.0,-0.14758819911518398,-0.11880680734040505,-0.0058012548834085464,0.05957486480474472,0.0,0.0,0.0,0.0
3.9944794178009033,-0.3831235468387604,-0.7148709893226624,0.0,0.0,-0.0010697225807234645,-0.18685701489448547,0.0,0.0,-0.14769845632498219,-0.11880680734040505,-0.002188808284699917,0.05399049073457718,0.0,0.0,0.0,0.0
3.996884346008301,-0.3831235468387604,-0.7148709893226624,0.0,0.0,-0.0010697225807234645,-0.18685701489448547,0.0,0.0,-0.1479716943121554,-0.11880680734040505,-0.004191538318991661,0.05399049073457718,0.0,0.0,0.0,0.0
3.999145984649658,-0.3348252475261688,-0.7272929549217224,0.0,0.0,-0.0010040440829470754,-0.18697141110897064,0.0,0.0,-0.1481682402819411,-0.11880680734040505,-0.005822308361530304,0.05399049073457718,0.0,0.0,0.0,0.0
4.000787019729614,-0.3348252475261688,-0.7272929549217224,0.0,0.0,-0.0010040440829470754,-0.18697141110897064,0.0,0.0,-0.1481682402819411,-0.11880680734040505,-0.005822308361530304,0.05399049073457718,0.0,0.0,0.0,0.0
4.002342462539673,-0.3348252475261688,-0.7272929549217224,0.0,0.0,-0.0010040440829470754,-0.18697141110897064,0.0,0.0,-0.1481107183430643,-0.11880680734040505,0.0004761478921864182,0.04831860214471817,0.0,0.0,0.0,0.0
4.0041892528533936,-0.3348252475261688,-0.7272929549217224,0.0,0.0,-0.0010040440829470754,-0.18697141110897064,0.0,0.0,-0.1481107183430643,-0.11880680734040505,0.001792190712876618,0.04831860214471817,0.0,0.0,0.0,0.0
4.005914211273193,-0.3348252475261688,-0.7272929549217224,0.0,0.0,-0.0010040440829470754,-0.18697141110897064,0.0,0.0,-0.1481107183430643,-0.11880680734040505,0.001792190712876618,0.04831860214471817,0.0,0.0,0.0,0.0
4.009228467941284,-0.28540530800819397,-0.6004372835159302,0.0,0.0,-0.0008916548686102033,-0.18697938323020935,0.0,0.0,-0.1481107183430643,-0.11880680734040505,0.001792190712876618,0.04831860214471817,0.0,0.0,0.0,0.0
4.011435270309448,-0.28540530800819397,-0.6004372835159302,0.0,0.0,-0.0008916548686102033,-0.18697938323020935,0.0,0.0,-0.1481107183430643,-0.11923823943699789,0.001792190712876618,0.05338263884186745,0.0,0.0,0.0,0.0
4.01299786567688,-0.28540530800819397,-0.6004372835159302,0.0,0.0,-0.0008916548686102033,-0.18697938323020935,0.0,0.0,-0.1481107183430643,-0.11923823943699789,0.001792190712876618,0.05338263884186745,0.0,0.0,0.0,0.0
4.01465368270874,-0.28540530800819397,-0.6004372835159302,0.0,0.0,-0.0008916548686102033,-0.18697938323020935,0.0,0.0,-0.1481107183430643,-0.11931014478643003,0.007370207458734512,0.046577271074056625,0.0,0.0,0.0,0.0
4.0169172286987305,-0.28540530800819397,-0.6004372835159302,0.0,0.0,-0.0008916548686102033,-0.18697938323020935,0.0,0.0,-0.1481107183430643,-0.1192718046294086,0.007370207458734512,0.04551869258284569,0.0,0.0,0.0,0.0
4.018431901931763,-0.2793383300304413,-0.5253312587738037,0.0,0.0,-0.0008235516143031418,-0.18699301779270172,0.0,0.0,-0.1481107183430643,-0.1192718046294086,0.007370207458734512,0.04551869258284569,0.0,0.0,0.0,0.0
4.020140647888184,-0.2793383300304413,-0.5253312587738037,0.0,0.0,-0.0008235516143031418,-0.18699301779270172,0.0,0.0,-0.1481107183430643,-0.11938205013586217,0.007370207458734512,0.04697778820991516,0.0,0.0,0.0,0.0
4.02267599105835,-0.2793383300304413,-0.5253312587738037,0.0,0.0,-0.0008235516143031418,-0.18699301779270172,0.0,0.0,-0.1481107183430643,-0.11948752067770502,0.012922590598464012,0.042082756757736206,0.0,0.0,0.0,0.0
4.025225639343262,-0.2793383300304413,-0.5253312587738037,0.0,0.0,-0.0008235516143031418,-0.18699301779270172,0.0,0.0,-0.1481107183430643,-0.11958818114490323,0.012922590598464012,0.04268353059887886,0.0,0.0,0.0,0.0
4.026915550231934,-0.2793383300304413,-0.5253312587738037,0.0,0.0,-0.0008235516143031418,-0.18699301779270172,0.0,0.0,-0.1481107183430643,-0.11958818114490323,0.012922590598464012,0.04268353059887886,0.0,0.0,0.0,0.0
4.028972387313843,-0.26977628469467163,-0.4349179267883301,0.0,0.0,-0.0007851244299672544,-0.18701514601707458,0.0,0.0,-0.1481107183430643,-0.11983745068226571,0.012922590598464012,0.04494379460811615,0.0,0.0,0.0,0.0
4.031437635421753,-0.26977628469467163,-0.4349179267883301,0.0,0.0,-0.0007851244299672544,-0.18701514601707458,0.0,0.0,-0.1481107183430643,-0.11991895277429786,0.012922590598464012,0.044629041105508804,0.0,0.0,0.0,0.0
4.0331807136535645,-0.26977628469467163,-0.4349179267883301,0.0,0.0,-0.0007851244299672544,-0.18701514601707458,0.0,0.0,-0.1481107183430643,-0.12016342394036035,0.018543215468525887,0.04126783832907677,0.0,0.0,0.0,0.0
4.035386323928833,-0.26977628469467163,-0.4349179267883301,0.0,0.0,-0.0007851244299672544,-0.18701514601707458,0.0,0.0,-0.1481107183430643,-0.12032161804977998,0.018543215468525887,0.04095315933227539,0.0,0.0,0.0,0.0
4.037023067474365,-0.26977628469467163,-0.4349179267883301,0.0,0.0,-0.0007851244299672544,-0.18701514601707458,0.0,0.0,-0.1481107183430643,-0.12032161804977998,0.018543215468525887,0.04095315933227539,0.0,0.0,0.0,0.0
4.038648366928101,-0.2900539040565491,-0.36612626910209656,0.0,0.0,-0.000832284044008702,-0.18704178929328918,0.0,0.0,-0.14824493229932859,-0.12051336564826569,0.016941070556640625,0.04341360554099083,0.0,0.0,0.0,0.0
4.040438413619995,-0.2900539040565491,-0.36612626910209656,0.0,0.0,-0.000832284044008702,-0.18704178929328918,0.0,0.0,-0.14833601943061608,-0.12056610091918711,0.01634022779762745,0.042898666113615036,0.0,0.0,0.0,0.0
4.04209041595459,-0.2900539040565491,-0.36612626910209656,0.0,0.0,-0.000832284044008702,-0.18704178929328918,0.0,0.0,-0.14833601943061608,-0.12056610091918711,0.01634022779762745,0.042898666113615036,0.0,0.0,0.0,0.0
4.043676853179932,-0.2900539040565491,-0.36612626910209656,0.0,0.0,-0.000832284044008702,-0.18704178929328918,0.0,0.0,-0.1484414782691143,-0.12049898223771033,0.021343175321817398,0.03609394282102585,0.0,0.0,0.0,0.0
4.045529842376709,-0.2900539040565491,-0.36612626910209656,0.0,0.0,-0.000832284044008702,-0.18704178929328918,0.0,0.0,-0.1485757039287232,-0.12049898223771033,0.019683824852108955,0.03609394282102585,0.0,0.0,0.0,0.0
4.047245979309082,-0.2900539040565491,-0.36612626910209656,0.0,0.0,-0.000832284044008702,-0.18704178929328918,0.0,0.0,-0.1485757039287232,-0.12049898223771033,0.019683824852108955,0.03609394282102585,0.0,0.0,0.0,0.0
4.049007415771484,-0.2985425591468811,-0.27751046419143677,0.0,0.0,-0.0008583952439948916,-0.1870565265417099,0.0,0.0,-0.14875306811665356,-0.12062840952601925,0.019512150436639786,0.03769616037607193,0.0,0.0,0.0,0.0
4.050594806671143,-0.2985425591468811,-0.27751046419143677,0.0,0.0,-0.0008583952439948916,-0.1870565265417099,0.0,0.0,-0.14872430129554287,-0.12072428332526211,0.020456314086914062,0.038239724934101105,0.0,0.0,0.0,0.0
4.052238702774048,-0.2985425591468811,-0.27751046419143677,0.0,0.0,-0.0008583952439948916,-0.1870565265417099,0.0,0.0,-0.14872430129554287,-0.12072428332526211,0.020456314086914062,0.038239724934101105,0.0,0.0,0.0,0.0
4.053870439529419,-0.2985425591468811,-0.27751046419143677,0.0,0.0,-0.0008583952439948916,-0.1870565265417099,0.0,0.0,-0.14885374028719642,-0.12082015712450496,0.0245148167014122,0.03320855647325516,0.0,0.0,0.0,0.0
4.056063890457153,-0.2985425591468811,-0.27751046419143677,0.0,0.0,-0.0008583952439948916,-0.1870565265417099,0.0,0.0,-0.14894961408643928,-0.12080578541729424,0.02388540841639042,0.03229302912950516,0.0,0.0,0.0,0.0
4.0587005615234375,-0.32072725892066956,-0.21135759353637695,0.0,0.0,-0.0009123297058977187,-0.18708695471286774,0.0,0.0,-0.14914136168492498,-0.12080578541729424,0.02199709042906761,0.03229302912950516,0.0,0.0,0.0,0.0
4.060259580612183,-0.32072725892066956,-0.21135759353637695,0.0,0.0,-0.0009123297058977187,-0.18708695471286774,0.0,0.0,-0.14914136168492498,-0.12080578541729424,0.02199709042906761,0.03229302912950516,0.0,0.0,0.0,0.0
4.06241512298584,-0.32072725892066956,-0.21135759353637695,0.0,0.0,-0.0009123297058977187,-0.18708695471286774,0.0,0.0,-0.14936186440117674,-0.12080578541729424,0.02068106085062027,0.03229302912950516,0.0,0.0,0.0,0.0
4.063952207565308,-0.32072725892066956,-0.21135759353637695,0.0,0.0,-0.0009123297058977187,-0.18708695471286774,0.0,0.0,-0.14951047347134103,-0.12080578541729424,0.02531771920621395,0.026712147518992424,0.0,0.0,0.0,0.0
4.065420866012573,-0.32072725892066956,-0.21135759353637695,0.0,0.0,-0.0009123297058977187,-0.18708695471286774,0.0,0.0,-0.14951047347134103,-0.12080578541729424,0.02531771920621395,0.026712147518992424,0.0,0.0,0.0,0.0
4.066811800003052,-0.32072725892066956,-0.21135759353637695,0.0,0.0,-0.0009123297058977187,-0.18708695471286774,0.0,0.0,-0.14970222106982672,-0.12080578541729424,0.02423051930963993,0.026712147518992424,0.0,0.0,0.0,0.0
4.068630218505859,-0.30761614441871643,-0.13669058680534363,0.0,0.0,-0.0009129493846558034,-0.18712252378463745,0.0,0.0,-0.14986041517924636,-0.12080578541729424,0.02322915941476822,0.026712147518992424,0.0,0.0,0.0,0.0
4.070234775543213,-0.30761614441871643,-0.13669058680534363,0.0,0.0,-0.0009129493846558034,-0.18712252378463745,0.0,0.0,-0.14986041517924636,-0.12080578541729424,0.02322915941476822,0.026712147518992424,0.0,0.0,0.0,0.0
4.07215690612793,-0.30761614441871643,-0.13669058680534363,0.0,0.0,-0.0009129493846558034,-0.18712252378463745,0.0,0.0,-0.14997545905699994,-0.1208968608452371,0.023343587294220924,0.026712147518992424,0.0,0.0,0.0,0.0
4.073685646057129,-0.30761614441871643,-0.13669058680534363,0.0,0.0,-0.0009129493846558034,-0.18712252378463745,0.0,0.0,-0.15004256603513208,-0.12098314960522459,0.02851836569607258,0.02308237925171852,0.0,0.0,0.0,0.0
4.0752341747283936,-0.30761614441871643,-0.13669058680534363,0.0,0.0,-0.0009129493846558034,-0.18712252378463745,0.0,0.0,-0.15004256603513208,-0.12098314960522459,0.02851836569607258,0.02308237925171852,0.0,0.0,0.0,0.0
4.0775086879730225,-0.30761614441871643,-0.13669058680534363,0.0,0.0,-0.0009129493846558034,-0.18712252378463745,0.0,0.0,-0.15013843983437494,-0.12107422503316745,0.027974797412753105,0.02359730750322342,0.0,0.0,0.0,0.0
4.079124689102173,-0.3088008761405945,-0.07994239032268524,0.0,0.0,-0.0009046172490343451,-0.18716168403625488,0.0,0.0,-0.15043565797470348,-0.12117489720371029,0.024512972682714462,0.02416951209306717,0.0,0.0,0.0,0.0
4.080749988555908,-0.3088008761405945,-0.07994239032268524,0.0,0.0,-0.0009046172490343451,-0.18716168403625488,0.0,0.0,-0.15043565797470348,-0.12117489720371029,0.024512972682714462,0.02416951209306717,0.0,0.0,0.0,0.0
4.0837249755859375,-0.3088008761405945,-0.07994239032268524,0.0,0.0,-0.0009046172490343451,-0.18716168403625488,0.0,0.0,-0.15076641790075349,-0.12170220309954598,0.029017983004450798,0.024240730330348015,0.0,0.0,0.0,0.0
4.085183620452881,-0.3088008761405945,-0.07994239032268524,0.0,0.0,-0.0009046172490343451,-0.18716168403625488,0.0,0.0,-0.15076641790075349,-0.12170220309954598,0.029017983004450798,0.024240730330348015,0.0,0.0,0.0,0.0
4.086530685424805,-0.3088008761405945,-0.07994239032268524,0.0,0.0,-0.0009046172490343451,-0.18716168403625488,0.0,0.0,-0.15087667511055167,-0.12181246030934419,0.02787357196211815,0.023296549916267395,0.0,0.0,0.0,0.0
4.0878586769104,-0.3088008761405945,-0.07994239032268524,0.0,0.0,-0.0009046172490343451,-0.18716168403625488,0.0,0.0,-0.15087667511055167,-0.12181246030934419,0.02787357196211815,0.023296549916267395,0.0,0.0,0.0,0.0
4.089287281036377,-0.27799591422080994,-0.011809730902314186,0.0,0.0,-0.0008419426158070564,-0.1871962994337082,0.0,0.0,-0.15112114627661416,-0.1220042079078299,0.02684357389807701,0.024326547980308533,0.0,0.0,0.0,0.0
4.090843200683594,-0.27799591422080994,-0.011809730902314186,0.0,0.0,-0.0008419426158070564,-0.1871962994337082,0.0,0.0,-0.1512026483686463,-0.12216718868520489,0.02718689665198326,0.025413747876882553,0.0,0.0,0.0,0.0
4.09239649772644,-0.27799591422080994,-0.011809730902314186,0.0,0.0,-0.0008419426158070564,-0.1871962994337082,0.0,0.0,-0.1512026483686463,-0.12216718868520489,0.02718689665198326,0.025413747876882553,0.0,0.0,0.0,0.0
4.093971014022827,-0.27799591422080994,-0.011809730902314186,0.0,0.0,-0.0008419426158070564,-0.1871962994337082,0.0,0.0,-0.1511786799188356,-0.12234935124443524,0.03376607969403267,0.020895903930068016,0.0,0.0,0.0,0.0
4.095604658126831,-0.27799591422080994,-0.011809730902314186,0.0,0.0,-0.0008419426158070564,-0.1871962994337082,0.0,0.0,-0.15131289387509989,-0.12249316194329951,0.03213529661297798,0.02169700339436531,0.0,0.0,0.0,0.0
4.097297191619873,-0.27799591422080994,-0.011809730902314186,0.0,0.0,-0.0008419426158070564,-0.1871962994337082,0.0,0.0,-0.15131289387509989,-0.12249316194329951,0.03213529661297798,0.02169700339436531,0.0,0.0,0.0,0.0
4.09928297996521,-0.27536940574645996,0.0520954392850399,0.0,0.0,-0.0008089007460512221,-0.1872343122959137,0.0,0.0,-0.15140876767434272,-0.12268490954178522,0.03159172832965851,0.02278420701622963,0.0,0.0,0.0,0.0
4.101932525634766,-0.27536940574645996,0.0520954392850399,0.0,0.0,-0.0008089007460512221,-0.1872343122959137,0.0,0.0,-0.15149985480563022,-0.12285268869046022,0.03099088743329048,0.023842772468924522,0.0,0.0,0.0,0.0
4.103697061538696,-0.27536940574645996,0.0520954392850399,0.0,0.0,-0.0008089007460512221,-0.1872343122959137,0.0,0.0,-0.15148547139507487,-0.12297731760746915,0.03752445429563522,0.018166182562708855,0.0,0.0,0.0,0.0
4.105467081069946,-0.27536940574645996,0.0520954392850399,0.0,0.0,-0.0008089007460512221,-0.1872343122959137,0.0,0.0,-0.15148547139507487,-0.12297731760746915,0.03752445429563522,0.018166182562708855,0.0,0.0,0.0,0.0
4.107287883758545,-0.27536940574645996,0.0520954392850399,0.0,0.0,-0.0008089007460512221,-0.1872343122959137,0.0,0.0,-0.1515909302335731,-0.12295334915765843,0.03606536239385605,0.017193378880620003,0.0,0.0,0.0,0.0
4.109203577041626,-0.2841340899467468,0.04595128446817398,0.0,0.0,-0.0008087870664894581,-0.18731138110160828,0.0,0.0,-0.15168680403281593,-0.12308278814931199,0.03546451777219772,0.01876695640385151,0.0,0.0,0.0,0.0
4.110908508300781,-0.2841340899467468,0.04595128446817398,0.0,0.0,-0.0008087870664894581,-0.18731138110160828,0.0,0.0,-0.15200797891961057,-0.12348065505349412,0.032088540494441986,0.02365930564701557,0.0,0.0,0.0,0.0
4.112664222717285,-0.2841340899467468,0.04595128446817398,0.0,0.0,-0.0008087870664894581,-0.18731138110160828,0.0,0.0,-0.15200797891961057,-0.12348065505349412,0.032088540494441986,0.02365930564701557,0.0,0.0,0.0,0.0
4.1143481731414795,-0.2841340899467468,0.04595128446817398,0.0,0.0,-0.0008087870664894581,-0.18731138110160828,0.0,0.0,-0.15216138636107482,-0.12362926412365839,0.03733757883310318,0.01726793684065342,0.0,0.0,0.0,0.0
4.116029739379883,-0.2841340899467468,0.04595128446817398,0.0,0.0,-0.0008087870664894581,-0.18731138110160828,0.0,0.0,-0.15209906605089804,-0.12378745823307803,0.03942609950900078,0.018269294872879982,0.0,0.0,0.0,0.0
4.1187827587127686,-0.29119613766670227,0.12175688147544861,0.0,0.0,-0.0008310546982102096,-0.18736785650253296,0.0,0.0,-0.15226684519957304,-0.12412301653042801,0.037566423416137695,0.021015919744968414,0.0,0.0,0.0,0.0
4.120423316955566,-0.29119613766670227,0.12175688147544861,0.0,0.0,-0.0008310546982102096,-0.18736785650253296,0.0,0.0,-0.15226684519957304,-0.12412301653042801,0.037566423416137695,0.021015919744968414,0.0,0.0,0.0,0.0
4.1218976974487305,-0.29119613766670227,0.12175688147544861,0.0,0.0,-0.0008310546982102096,-0.18736785650253296,0.0,0.0,-0.15263595698598909,-0.1247270144436512,0.03381849452853203,0.026365976780653,0.0,0.0,0.0,0.0
4.1237077713012695,-0.29119613766670227,0.12175688147544861,0.0,0.0,-0.0008310546982102096,-0.18736785650253296,0.0,0.0,-0.1527222457459766,-0.12493794382399226,0.03913899138569832,0.020473331212997437,0.0,0.0,0.0,0.0
4.125486373901367,-0.29119613766670227,0.12175688147544861,0.0,0.0,-0.0008310546982102096,-0.18736785650253296,0.0,0.0,-0.1527222457459766,-0.12493794382399226,0.03913899138569832,0.020473331212997437,0.0,0.0,0.0,0.0
4.127809047698975,-0.29119613766670227,0.12175688147544861,0.0,0.0,-0.0008310546982102096,-0.18736785650253296,0.0,0.0,-0.15298589869389442,-0.12546524971982795,0.03810899704694748,0.02559456042945385,0.0,0.0,0.0,0.0
4.130378484725952,-0.29630833864212036,0.1825232058763504,0.0,0.0,-0.0008613484678789973,-0.187417671084404,0.0,0.0,-0.15332145699124441,-0.12592543693418687,0.03521938994526863,0.02794058434665203,0.0,0.0,0.0,0.0
4.132328748703003,-0.29630833864212036,0.1825232058763504,0.0,0.0,-0.0008613484678789973,-0.187417671084404,0.0,0.0,-0.15362824846748369,-0.1264719246118779,0.03293057158589363,0.0292566679418087,0.0,0.0,0.0,0.0
4.134310722351074,-0.29630833864212036,0.1825232058763504,0.0,0.0,-0.0008613484678789973,-0.187417671084404,0.0,0.0,-0.15398298854668904,-0.12709030593565646,0.03684918209910393,0.029686829075217247,0.0,0.0,0.0,0.0
4.136022567749023,-0.29630833864212036,0.1825232058763504,0.0,0.0,-0.0008613484678789973,-0.187417671084404,0.0,0.0,-0.15398298854668904,-0.12709030593565646,0.03684918209910393,0.029686829075217247,0.0,0.0,0.0,0.0
4.1384735107421875,-0.2903802692890167,0.18910154700279236,0.0,0.0,-0.0008594393730163574,-0.1874886155128479,0.0,0.0,-0.15424184312330688,-0.12790044656126534,0.03530418500304222,0.036410193890333176,0.0,0.0,0.0,0.0
4.1399290561676025,-0.2903802692890167,0.18910154700279236,0.0,0.0,-0.0008594393730163574,-0.1874886155128479,0.0,0.0,-0.15483146932931935,-0.12847568935672243,0.030268799513578415,0.039500098675489426,0.0,0.0,0.0,0.0
4.14166784286499,-0.2903802692890167,0.18910154700279236,0.0,0.0,-0.0008594393730163574,-0.1874886155128479,0.0,0.0,-0.1553108383255336,-0.1293145851000974,0.03388407081365585,0.03948691114783287,0.0,0.0,0.0,0.0
4.14313817024231,-0.2903802692890167,0.18910154700279236,0.0,0.0,-0.0008594393730163574,-0.1874886155128479,0.0,0.0,-0.1553108383255336,-0.1293145851000974,0.03388407081365585,0.03948691114783287,0.0,0.0,0.0,0.0
4.144647121429443,-0.2903802692890167,0.18910154700279236,0.0,0.0,-0.0008594393730163574,-0.1874886155128479,0.0,0.0,-0.15567995011194966,-0.13015348084347236,0.03148076683282852,0.04532338306307793,0.0,0.0,0.0,0.0
4.1462812423706055,-0.2903802692890167,0.18910154700279236,0.0,0.0,-0.0008594393730163574,-0.1874886155128479,0.0,0.0,-0.15567995011194966,-0.13015348084347236,0.03148076683282852,0.04532338306307793,0.0,0.0,0.0,0.0
4.148485422134399,-0.3169095516204834,0.17614348232746124,0.0,0.0,-0.0009300703532062471,-0.18758821487426758,0.0,0.0,-0.15653322926587998,-0.13160117287137052,0.025386817753314972,0.0572824627161026,0.0,0.0,0.0,0.0
4.150328159332275,-0.3169095516204834,0.17614348232746124,0.0,0.0,-0.0009300703532062471,-0.18758821487426758,0.0,0.0,-0.1571659940002139,-0.13261263443137583,0.02126690000295639,0.06268981844186783,0.0,0.0,0.0,0.0
4.151727199554443,-0.3169095516204834,0.17614348232746124,0.0,0.0,-0.0009300703532062471,-0.18758821487426758,0.0,0.0,-0.15807679509302097,-0.13397883607058647,0.02015312761068344,0.0667518600821495,0.0,0.0,0.0,0.0
4.153127193450928,-0.3169095516204834,0.17614348232746124,0.0,0.0,-0.0009300703532062471,-0.18758821487426758,0.0,0.0,-0.15807679509302097,-0.13397883607058647,0.02015312761068344,0.0667518600821495,0.0,0.0,0.0,0.0
4.154481887817383,-0.3169095516204834,0.17614348232746124,0.0,0.0,-0.0009300703532062471,-0.18758821487426758,0.0,0.0,-0.15910264006358166,-0.13560869065771497,0.012456974945962429,0.07945482432842255,0.0,0.0,0.0,0.0
4.156175851821899,-0.3169095516204834,0.17614348232746124,0.0,0.0,-0.0009300703532062471,-0.18758821487426758,0.0,0.0,-0.1602483389865405,-0.13777064951197915,0.003616412403061986,0.09584849327802658,0.0,0.0,0.0,0.0
4.157829999923706,-0.3169095516204834,0.17614348232746124,0.0,0.0,-0.0009300703532062471,-0.18758821487426758,0.0,0.0,-0.1602483389865405,-0.13777064951197915,0.003616412403061986,0.09584849327802658,0.0,0.0,0.0,0.0
4.159621953964233,-0.353975772857666,0.06885570287704468,0.0,0.0,-0.0010146914282813668,-0.1877703219652176,0.0,0.0,-0.16164809411481723,-0.13937173727799693,-0.006482970435172319,0.10225716978311539,0.0,0.0,0.0,0.0
4.1610682010650635,-0.353975772857666,0.06885570287704468,0.0,0.0,-0.0010146914282813668,-0.1877703219652176,0.0,0.0,-0.16164809411481723,-0.13937173727799693,-0.006482970435172319,0.10225716978311539,0.0,0.0,0.0,0.0
4.162884950637817,-0.353975772857666,0.06885570287704468,0.0,0.0,-0.0010146914282813668,-0.1877703219652176,0.0,0.0,-0.16300949738272788,-0.14161518652094862,-0.010789746418595314,0.11308851838111877,0.0,0.0,0.0,0.0
4.164366006851196,-0.353975772857666,0.06885570287704468,0.0,0.0,-0.0010146914282813668,-0.1877703219652176,0.0,0.0,-0.1643900824324939,-0.14317313575864496,-0.018543146550655365,0.11758032441139221,0.0,0.0,0.0,0.0
4.16588568687439,-0.353975772857666,0.06885570287704468,0.0,0.0,-0.0010146914282813668,-0.1877703219652176,0.0,0.0,-0.1643900824324939,-0.14317313575864496,-0.018543146550655365,0.11758032441139221,0.0,0.0,0.0,0.0
4.167814016342163,-0.353975772857666,0.06885570287704468,0.0,0.0,-0.0010146914282813668,-0.1877703219652176,0.0,0.0,-0.1656076867048849,-0.14494201437668236,-0.023750165477395058,0.13045494258403778,0.0,0.0,0.0,0.0
4.169345378875732,-0.4092514216899872,-0.12677215039730072,0.0,0.0,-0.0011444572592154145,-0.1880243420600891,0.0,0.0,-0.16696908997279555,-0.14597265771854304,-0.031904082745313644,0.1325148642063141,0.0,0.0,0.0,0.0
4.170852184295654,-0.4092514216899872,-0.12677215039730072,0.0,0.0,-0.0011444572592154145,-0.1880243420600891,0.0,0.0,-0.16696908997279555,-0.14597265771854304,-0.031904082745313644,0.1325148642063141,0.0,0.0,0.0,0.0
4.172320127487183,-0.4092514216899872,-0.12677215039730072,0.0,0.0,-0.0011444572592154145,-0.1880243420600891,0.0,0.0,-0.16787509269430265,-0.14684989361893944,-0.029865214601159096,0.12827160954475403,0.0,0.0,0.0,0.0
4.173792123794556,-0.4092514216899872,-0.12677215039730072,0.0,0.0,-0.0011444572592154145,-0.1880243420600891,0.0,0.0,-0.16787509269430265,-0.14684989361893944,-0.029865214601159096,0.12827160954475403,0.0,0.0,0.0,0.0
4.175804138183594,-0.4092514216899872,-0.12677215039730072,0.0,0.0,-0.0011444572592154145,-0.1880243420600891,0.0,0.0,-0.16841199533273835,-0.14695536416078228,-0.03078075498342514,0.12392285466194153,0.0,0.0,0.0,0.0
4.177266597747803,-0.4092514216899872,-0.12677215039730072,0.0,0.0,-0.0011444572592154145,-0.1880243420600891,0.0,0.0,-0.16868523331991153,-0.14694576741818227,-0.029807990416884422,0.12214899808168411,0.0,0.0,0.0,0.0
4.1787214279174805,-0.4920104742050171,-0.6210963726043701,0.0,0.0,-0.0013389399973675609,-0.188498854637146,0.0,0.0,-0.16868523331991153,-0.14694576741818227,-0.029807990416884422,0.12214899808168411,0.0,0.0,0.0,0.0
4.18011736869812,-0.4920104742050171,-0.6210963726043701,0.0,0.0,-0.0013389399973675609,-0.188498854637146,0.0,0.0,-0.16882424564747583,-0.1465958374136216,-0.028491932898759842,0.11679891496896744,0.0,0.0,0.0,0.0
4.181684255599976,-0.4920104742050171,-0.6210963726043701,0.0,0.0,-0.0013389399973675609,-0.188498854637146,0.0,0.0,-0.16882424564747583,-0.1465958374136216,-0.028491932898759842,0.11679891496896744,0.0,0.0,0.0,0.0
4.183771371841431,-0.4920104742050171,-0.6210963726043701,0.0,0.0,-0.0013389399973675609,-0.188498854637146,0.0,0.0,-0.1690255782852169,-0.14554601228990557,-0.024244265630841255,0.10024953633546829,0.0,0.0,0.0,0.0
4.185439825057983,-0.4920104742050171,-0.6210963726043701,0.0,0.0,-0.0013389399973675609,-0.188498854637146,0.0,0.0,-0.1689728547176401,-0.1442373325895717,-0.023586202412843704,0.09037896990776062,0.0,0.0,0.0,0.0
4.187100887298584,-0.4920104742050171,-0.6210963726043701,0.0,0.0,-0.0013389399973675609,-0.188498854637146,0.0,0.0,-0.1689728547176401,-0.1442373325895717,-0.023586202412843704,0.09037896990776062,0.0,0.0,0.0,0.0
4.189232587814331,-0.5338853597640991,-1.2616323232650757,0.0,0.0,-0.001559223048388958,-0.18918731808662415,0.0,0.0,-0.1689728547176401,-0.14325942451863247,-0.02227015793323517,0.08336946368217468,0.0,0.0,0.0,0.0
4.190748453140259,-0.5338853597640991,-1.2616323232650757,0.0,0.0,-0.001559223048388958,-0.18918731808662415,0.0,0.0,-0.1689728547176401,-0.14224316458732714,-0.02227015793323517,0.07944989204406738,0.0,0.0,0.0,0.0
4.192228078842163,-0.5338853597640991,-1.2616323232650757,0.0,0.0,-0.001559223048388958,-0.18918731808662415,0.0,0.0,-0.1689728547176401,-0.14224316458732714,-0.02227015793323517,0.07944989204406738,0.0,0.0,0.0,0.0
4.193697452545166,-0.5338853597640991,-1.2616323232650757,0.0,0.0,-0.001559223048388958,-0.18918731808662415,0.0,0.0,-0.1689728547176401,-0.1415145260537504,-0.016700733453035355,0.07141999900341034,0.0,0.0,0.0,0.0
4.195709228515625,-0.5338853597640991,-1.2616323232650757,0.0,0.0,-0.001559223048388958,-0.18918731808662415,0.0,0.0,-0.1689728547176401,-0.14090571806588256,-0.016700733453035355,0.06838729232549667,0.0,0.0,0.0,0.0
4.197338581085205,-0.5338853597640991,-1.2616323232650757,0.0,0.0,-0.001559223048388958,-0.18918731808662415,0.0,0.0,-0.1689728547176401,-0.14090571806588256,-0.016700733453035355,0.06838729232549667,0.0,0.0,0.0,0.0
4.198797225952148,-0.5313064455986023,-1.4644434452056885,0.0,0.0,-0.0015805675648152828,-0.18957242369651794,0.0,0.0,-0.1690543451063276,-0.1408769629481165,-0.016700733453035355,0.07104804366827011,0.0,0.0,0.0,0.0
4.200263738632202,-0.5313064455986023,-1.4644434452056885,0.0,0.0,-0.0015805675648152828,-0.18957242369651794,0.0,0.0,-0.1690543451063276,-0.1408769629481165,-0.016700733453035355,0.07104804366827011,0.0,0.0,0.0,0.0
4.201695203781128,-0.5313064455986023,-1.4644434452056885,0.0,0.0,-0.0015805675648152828,-0.18957242369651794,0.0,0.0,-0.16969669487991687,-0.1408961330266272,-0.024654392153024673,0.07285046577453613,0.0,0.0,0.0,0.0
4.203448057174683,-0.5313064455986023,-1.4644434452056885,0.0,0.0,-0.0015805675648152828,-0.18957242369651794,0.0,0.0,-0.17014730875836503,-0.1408961330266272,-0.02229495532810688,0.06857486814260483,0.0,0.0,0.0,0.0
4.205622434616089,-0.5313064455986023,-1.4644434452056885,0.0,0.0,-0.0015805675648152828,-0.18957242369651794,0.0,0.0,-0.17074172163233287,-0.1408961330266272,-0.026672277599573135,0.06857486814260483,0.0,0.0,0.0,0.0
4.207584619522095,-0.5313064455986023,-1.4644434452056885,0.0,0.0,-0.0015805675648152828,-0.18957242369651794,0.0,0.0,-0.17074172163233287,-0.1408961330266272,-0.026672277599573135,0.06857486814260483,0.0,0.0,0.0,0.0
4.210612058639526,-0.4091453552246094,-1.1534874439239502,0.0,0.0,-0.0013478758046403527,-0.18956595659255981,0.0,0.0,-0.17141283822703285,-0.14198909667866466,-0.029018346220254898,0.08024787157773972,0.0,0.0,0.0,0.0
4.212669610977173,-0.4091453552246094,-1.1534874439239502,0.0,0.0,-0.0013478758046403527,-0.18956595659255981,0.0,0.0,-0.1717915467560489,-0.14211852396697358,-0.025614595040678978,0.0728079080581665,0.0,0.0,0.0,0.0
4.214254140853882,-0.4091453552246094,-1.1534874439239502,0.0,0.0,-0.0013478758046403527,-0.18956595659255981,0.0,0.0,-0.1717915467560489,-0.14211852396697358,-0.025614595040678978,0.0728079080581665,0.0,0.0,0.0,0.0
4.215965986251831,-0.4091453552246094,-1.1534874439239502,0.0,0.0,-0.0013478758046403527,-0.18956595659255981,0.0,0.0,-0.17175319489568283,-0.14251160420320036,-0.02303970232605934,0.07586921006441116,0.0,0.0,0.0,0.0
4.217533349990845,-0.4091453552246094,-1.1534874439239502,0.0,0.0,-0.0013478758046403527,-0.18956595659255981,0.0,0.0,-0.17173401311382747,-0.14272253358354142,-0.02206689678132534,0.07506807893514633,0.0,0.0,0.0,0.0
4.219237327575684,-0.2768208086490631,-0.7896884083747864,0.0,0.0,-0.0009118252201005816,-0.1893160194158554,0.0,0.0,-0.17173401311382747,-0.14272253358354142,-0.02206689678132534,0.07506807893514633,0.0,0.0,0.0,0.0
4.220985651016235,-0.2768208086490631,-0.7896884083747864,0.0,0.0,-0.0009118252201005816,-0.1893160194158554,0.0,0.0,-0.17173401311382747,-0.14291428118202712,-0.02206689678132534,0.07804359495639801,0.0,0.0,0.0,0.0
4.222479343414307,-0.2768208086490631,-0.7896884083747864,0.0,0.0,-0.0009118252201005816,-0.1893160194158554,0.0,0.0,-0.17173401311382747,-0.14296221808164855,-0.01649460755288601,0.07058444619178772,0.0,0.0,0.0,0.0
4.224108695983887,-0.2768208086490631,-0.7896884083747864,0.0,0.0,-0.0009118252201005816,-0.1893160194158554,0.0,0.0,-0.17173401311382747,-0.14296221808164855,-0.01649460755288601,0.07058444619178772,0.0,0.0,0.0,0.0
4.22618842124939,-0.2768208086490631,-0.7896884083747864,0.0,0.0,-0.0009118252201005816,-0.1893160194158554,0.0,0.0,-0.1714032531877775,-0.14289509940017175,-0.012117257341742516,0.06938281655311584,0.0,0.0,0.0,0.0
4.228179693222046,-0.2246980220079422,-0.8842990398406982,0.0,0.0,-0.0007438375032506883,-0.18941140174865723,0.0,0.0,-0.17076090341418823,-0.14289509940017175,-0.005708550568670034,0.06938281655311584,0.0,0.0,0.0,0.0
4.2298688888549805,-0.2246980220079422,-0.8842990398406982,0.0,0.0,-0.0007438375032506883,-0.18941140174865723,0.0,0.0,-0.17076090341418823,-0.14289509940017175,-0.005708550568670034,0.06938281655311584,0.0,0.0,0.0,0.0
4.232062578201294,-0.2246980220079422,-0.8842990398406982,0.0,0.0,-0.0007438375032506883,-0.18941140174865723,0.0,0.0,-0.17031508790704003,-0.1429718031209039,-0.0035342290066182613,0.06938281655311584,0.0,0.0,0.0,0.0
4.233893871307373,-0.2246980220079422,-0.8842990398406982,0.0,0.0,-0.0007438375032506883,-0.18941140174865723,0.0,0.0,-0.1700706050376329,-0.14306767692014674,0.0013916479656472802,0.06568794697523117,0.0,0.0,0.0,0.0
4.236253261566162,-0.2246980220079422,-0.8842990398406982,0.0,0.0,-0.0007438375032506883,-0.18941140174865723,0.0,0.0,-0.16982613387157042,-0.1433313298680646,0.0030224171932786703,0.06623157858848572,0.0,0.0,0.0,0.0
4.238067626953125,-0.28258708119392395,-0.9175843596458435,0.0,0.0,-0.0008016520296223462,-0.18955251574516296,0.0,0.0,-0.1697158766617722,-0.14373879351484672,0.0032512990292161703,0.07218249142169952,0.0,0.0,0.0,0.0
4.239877700805664,-0.28258708119392395,-0.9175843596458435,0.0,0.0,-0.0008016520296223462,-0.18955251574516296,0.0,0.0,-0.1697158766617722,-0.14373879351484672,0.0032512990292161703,0.07218249142169952,0.0,0.0,0.0,0.0
4.242224216461182,-0.28258708119392395,-0.9175843596458435,0.0,0.0,-0.0008016520296223462,-0.18955251574516296,0.0,0.0,-0.16965835472289542,-0.1441318737510735,0.0014488119632005692,0.07464293390512466,0.0,0.0,0.0,0.0
4.244442701339722,-0.28258708119392395,-0.9175843596458435,0.0,0.0,-0.0008016520296223462,-0.18955251574516296,0.0,0.0,-0.16965835472289542,-0.14448181545897884,0.006998330820351839,0.07023501396179199,0.0,0.0,0.0,0.0
4.2462239265441895,-0.28258708119392395,-0.9175843596458435,0.0,0.0,-0.0008016520296223462,-0.18955251574516296,0.0,0.0,-0.16965835472289542,-0.1448748956952056,0.006998330820351839,0.07341071963310242,0.0,0.0,0.0,0.0
4.248448133468628,-0.2889255881309509,-0.8075387477874756,0.0,0.0,-0.0008462706464342773,-0.18957555294036865,0.0,0.0,-0.16981653712897044,-0.1452392208136663,0.006998330820351839,0.07412596791982651,0.0,0.0,0.0,0.0
4.25005316734314,-0.2889255881309509,-0.8075387477874756,0.0,0.0,-0.0008462706464342773,-0.18957555294036865,0.0,0.0,-0.16981653712897044,-0.1452392208136663,0.006998330820351839,0.07412596791982651,0.0,0.0,0.0,0.0
4.252137184143066,-0.2889255881309509,-0.8075387477874756,0.0,0.0,-0.0008462706464342773,-0.18957555294036865,0.0,0.0,-0.1702671510074186,-0.14539741492308592,0.0010474163573235273,0.07486984133720398,0.0,0.0,0.0,0.0
4.254103422164917,-0.2889255881309509,-0.8075387477874756,0.0,0.0,-0.0008462706464342773,-0.18957555294036865,0.0,0.0,-0.1705212189160811,-0.14556998073971628,0.004923208151012659,0.07039404660463333,0.0,0.0,0.0,0.0
4.255740642547607,-0.2889255881309509,-0.8075387477874756,0.0,0.0,-0.0008462706464342773,-0.18957555294036865,0.0,0.0,-0.17080884031380966,-0.14567065291025913,0.0032065946143120527,0.07010792940855026,0.0,0.0,0.0,0.0
4.257275819778442,-0.2889255881309509,-0.8075387477874756,0.0,0.0,-0.0008462706464342773,-0.18957555294036865,0.0,0.0,-0.17080884031380966,-0.14567065291025913,0.0032065946143120527,0.07010792940855026,0.0,0.0,0.0,0.0
4.258791923522949,-0.3571839928627014,-0.5954713225364685,0.0,0.0,-0.0010135076008737087,-0.18949086964130402,0.0,0.0,-0.17085197884213107,-0.14565626949970378,0.004608496092259884,0.06919240206480026,0.0,0.0,0.0,0.0
4.260536432266235,-0.3571839928627014,-0.5954713225364685,0.0,0.0,-0.0010135076008737087,-0.18949086964130402,0.0,0.0,-0.17085197884213107,-0.14565626949970378,0.004608496092259884,0.06919240206480026,0.0,0.0,0.0,0.0
4.262066602706909,-0.3571839928627014,-0.5954713225364685,0.0,0.0,-0.0010135076008737087,-0.18949086964130402,0.0,0.0,-0.17081362698176503,-0.14565626949970378,0.005667074583470821,0.06919240206480026,0.0,0.0,0.0,0.0
4.263669729232788,-0.3571839928627014,-0.5954713225364685,0.0,0.0,-0.0010135076008737087,-0.18949086964130402,0.0,0.0,-0.17094785264137394,-0.14565626949970378,0.00960012897849083,0.06365776062011719,0.0,0.0,0.0,0.0
4.265150785446167,-0.3571839928627014,-0.5954713225364685,0.0,0.0,-0.0010135076008737087,-0.18949086964130402,0.0,0.0,-0.17094785264137394,-0.14565626949970378,0.00960012897849083,0.06365776062011719,0.0,0.0,0.0,0.0
4.266708850860596,-0.3571839928627014,-0.5954713225364685,0.0,0.0,-0.0010135076008737087,-0.18949086964130402,0.0,0.0,-0.1710437264406168,-0.14526797593143237,0.008999356999993324,0.05885125696659088,0.0,0.0,0.0,0.0
4.2688233852386475,-0.41113191843032837,-0.5848598480224609,0.0,0.0,-0.0011868770234286785,-0.18954379856586456,0.0,0.0,-0.17113480186855964,-0.14501870639406989,0.00845571979880333,0.05727769434452057,0.0,0.0,0.0,0.0
4.270477771759033,-0.41113191843032837,-0.5848598480224609,0.0,0.0,-0.0011868770234286785,-0.18954379856586456,0.0,0.0,-0.17113480186855964,-0.14501870639406989,0.00845571979880333,0.05727769434452057,0.0,0.0,0.0,0.0
4.272072076797485,-0.41113191843032837,-0.5848598480224609,0.0,0.0,-0.0011868770234286785,-0.18954379856586456,0.0,0.0,-0.17112043016134892,-0.1448125753850288,0.00937124714255333,0.057077378034591675,0.0,0.0,0.0,0.0
4.273863077163696,-0.41113191843032837,-0.5848598480224609,0.0,0.0,-0.0011868770234286785,-0.18954379856586456,0.0,0.0,-0.17127861256742394,-0.14488448073446095,0.013183952309191227,0.053465720266103745,0.0,0.0,0.0,0.0
4.275495529174805,-0.41113191843032837,-0.5848598480224609,0.0,0.0,-0.0011868770234286785,-0.18954379856586456,0.0,0.0,-0.17127861256742394,-0.14488448073446095,0.013183952309191227,0.053465720266103745,0.0,0.0,0.0,0.0
4.277055978775024,-0.41113191843032837,-0.5848598480224609,0.0,0.0,-0.0011868770234286785,-0.18954379856586456,0.0,0.0,-0.17158061737570784,-0.14488448073446095,0.009807972237467766,0.053465720266103745,0.0,0.0,0.0,0.0
4.278928756713867,-0.4010002315044403,-0.6054203510284424,0.0,0.0,-0.0012089217780157924,-0.18964867293834686,0.0,0.0,-0.1717915467560489,-0.14488448073446095,0.009350194595754147,0.053465720266103745,0.0,0.0,0.0,0.0
4.280679941177368,-0.4010002315044403,-0.6054203510284424,0.0,0.0,-0.0012089217780157924,-0.18964867293834686,0.0,0.0,-0.1717915467560489,-0.14488448073446095,0.009350194595754147,0.053465720266103745,0.0,0.0,0.0,0.0
4.282268285751343,-0.4010002315044403,-0.6054203510284424,0.0,0.0,-0.0012089217780157924,-0.18964867293834686,0.0,0.0,-0.1719497291621239,-0.14488448073446095,0.008291630074381828,0.053465720266103745,0.0,0.0,0.0,0.0
4.283876419067383,-0.4010002315044403,-0.6054203510284424,0.0,0.0,-0.0012089217780157924,-0.18964867293834686,0.0,0.0,-0.1720647847432221,-0.14488448073446095,0.01317478809505701,0.04795384779572487,0.0,0.0,0.0,0.0
4.285676956176758,-0.4010002315044403,-0.6054203510284424,0.0,0.0,-0.0012089217780157924,-0.18964867293834686,0.0,0.0,-0.1720647847432221,-0.14488448073446095,0.01317478809505701,0.04795384779572487,0.0,0.0,0.0,0.0
4.287160634994507,-0.4010002315044403,-0.6054203510284424,0.0,0.0,-0.0012089217780157924,-0.18964867293834686,0.0,0.0,-0.1720408162934114,-0.14488448073446095,0.014977204613387585,0.04795384779572487,0.0,0.0,0.0,0.0
4.288649797439575,-0.38932469487190247,-0.4995289444923401,0.0,0.0,-0.0011768090771511197,-0.18967650830745697,0.0,0.0,-0.1720408162934114,-0.14488448073446095,0.014977204613387585,0.04795384779572487,0.0,0.0,0.0,0.0
4.290532112121582,-0.38932469487190247,-0.4995289444923401,0.0,0.0,-0.0011768090771511197,-0.18967650830745697,0.0,0.0,-0.17221818048134174,-0.14488448073446095,0.013117524795234203,0.04795384779572487,0.0,0.0,0.0,0.0
4.291972875595093,-0.38932469487190247,-0.4995289444923401,0.0,0.0,-0.0011768090771511197,-0.18967650830745697,0.0,0.0,-0.17231405428058458,-0.14488448073446095,0.01810322143137455,0.04236660897731781,0.0,0.0,0.0,0.0
4.293399333953857,-0.38932469487190247,-0.4995289444923401,0.0,0.0,-0.0011768090771511197,-0.18967650830745697,0.0,0.0,-0.17231405428058458,-0.14488448073446095,0.01810322143137455,0.04236660897731781,0.0,0.0,0.0,0.0
4.294824838638306,-0.38932469487190247,-0.4995289444923401,0.0,0.0,-0.0011768090771511197,-0.18967650830745697,0.0,0.0,-0.17240992807982744,-0.14488448073446095,0.017502378672361374,0.04236660897731781,0.0,0.0,0.0,0.0
4.2962470054626465,-0.38932469487190247,-0.4995289444923401,0.0,0.0,-0.0011768090771511197,-0.18967650830745697,0.0,0.0,-0.17240992807982744,-0.14488448073446095,0.017502378672361374,0.04236660897731781,0.0,0.0,0.0,0.0
4.298264980316162,-0.3535320460796356,-0.3720604479312897,0.0,0.0,-0.0010720753343775868,-0.1896533966064453,0.0,0.0,-0.17234760776965066,-0.14522963577441092,0.018732646480202675,0.046915650367736816,0.0,0.0,0.0,0.0
4.300053834915161,-0.3535320460796356,-0.3720604479312897,0.0,0.0,-0.0010720753343775868,-0.1896533966064453,0.0,0.0,-0.17234760776965066,-0.14535906306271987,0.018732646480202675,0.047287583351135254,0.0,0.0,0.0,0.0
4.301728010177612,-0.3535320460796356,-0.3720604479312897,0.0,0.0,-0.0010720753343775868,-0.1896533966064453,0.0,0.0,-0.17234760776965066,-0.14535906306271987,0.018732646480202675,0.047287583351135254,0.0,0.0,0.0,0.0
4.303728342056274,-0.3535320460796356,-0.3720604479312897,0.0,0.0,-0.0010720753343775868,-0.1896533966064453,0.0,0.0,-0.17234760776965066,-0.14544535182270735,0.02423948608338833,0.04100826755166054,0.0,0.0,0.0,0.0
4.305602073669434,-0.3535320460796356,-0.3720604479312897,0.0,0.0,-0.0010720753343775868,-0.1896533966064453,0.0,0.0,-0.17234760776965066,-0.14555559732916093,0.02423948608338833,0.041666317731142044,0.0,0.0,0.0,0.0
4.30727481842041,-0.3535320460796356,-0.3720604479312897,0.0,0.0,-0.0010720753343775868,-0.1896533966064453,0.0,0.0,-0.17234760776965066,-0.14555559732916093,0.02423948608338833,0.041666317731142044,0.0,0.0,0.0,0.0
4.3097922801971436,-0.32393452525138855,-0.3212105631828308,0.0,0.0,-0.0009977805893868208,-0.18969614803791046,0.0,0.0,-0.17234760776965066,-0.1456418860891484,0.02423948608338833,0.042238522320985794,0.0,0.0,0.0,0.0
4.312177896499634,-0.32393452525138855,-0.3212105631828308,0.0,0.0,-0.0009977805893868208,-0.18969614803791046,0.0,0.0,-0.17234760776965066,-0.14565626949970378,0.02423948608338833,0.04146604612469673,0.0,0.0,0.0,0.0
4.313654184341431,-0.32393452525138855,-0.3212105631828308,0.0,0.0,-0.0009977805893868208,-0.18969614803791046,0.0,0.0,-0.17234760776965066,-0.145766526709502,0.02977761998772621,0.03738630563020706,0.0,0.0,0.0,0.0
4.315104722976685,-0.32393452525138855,-0.3212105631828308,0.0,0.0,-0.0009977805893868208,-0.18969614803791046,0.0,0.0,-0.17234760776965066,-0.145766526709502,0.02977761998772621,0.03738630563020706,0.0,0.0,0.0,0.0
4.317265272140503,-0.32393452525138855,-0.3212105631828308,0.0,0.0,-0.0009977805893868208,-0.18969614803791046,0.0,0.0,-0.17234760776965066,-0.14585760213744484,0.02977761998772621,0.037929944694042206,0.0,0.0,0.0,0.0
4.319897413253784,-0.31673964858055115,-0.22923210263252258,0.0,0.0,-0.0009651305736042559,-0.18971487879753113,0.0,0.0,-0.17250100350777028,-0.14622671392386088,0.028060993179678917,0.04190676286816597,0.0,0.0,0.0,0.0
4.321518898010254,-0.31673964858055115,-0.22923210263252258,0.0,0.0,-0.0009651305736042559,-0.18971487879753113,0.0,0.0,-0.17259209063905778,-0.14629861927329302,0.027488788589835167,0.04059071093797684,0.0,0.0,0.0,0.0
4.3232221603393555,-0.31673964858055115,-0.22923210263252258,0.0,0.0,-0.0009651305736042559,-0.18971487879753113,0.0,0.0,-0.17296600079677385,-0.14636573795476981,0.029167305678129196,0.035393159836530685,0.0,0.0,0.0,0.0
4.324904918670654,-0.31673964858055115,-0.22923210263252258,0.0,0.0,-0.0009651305736042559,-0.18971487879753113,0.0,0.0,-0.17296600079677385,-0.14636573795476981,0.029167305678129196,0.035393159836530685,0.0,0.0,0.0,0.0
4.326519966125488,-0.31673964858055115,-0.22923210263252258,0.0,0.0,-0.0009651305736042559,-0.18971487879753113,0.0,0.0,-0.17301393769639525,-0.14647599516456802,0.030569206923246384,0.03607984632253647,0.0,0.0,0.0,0.0
4.328679084777832,-0.34470757842063904,-0.15380936861038208,0.0,0.0,-0.001024393131956458,-0.18974143266677856,0.0,0.0,-0.17310981149563812,-0.1467492331517412,0.029968364164233208,0.03662341460585594,0.0,0.0,0.0,0.0
4.330423831939697,-0.34470757842063904,-0.15380936861038208,0.0,0.0,-0.001024393131956458,-0.18974143266677856,0.0,0.0,-0.17310981149563812,-0.1467492331517412,0.029968364164233208,0.03662341460585594,0.0,0.0,0.0,0.0
4.332680702209473,-0.34470757842063904,-0.15380936861038208,0.0,0.0,-0.001024393131956458,-0.18974143266677856,0.0,0.0,-0.17320568529488098,-0.14692659733967156,0.029424797743558884,0.039598867297172546,0.0,0.0,0.0,0.0
4.334844589233398,-0.34470757842063904,-0.15380936861038208,0.0,0.0,-0.001024393131956458,-0.18974143266677856,0.0,0.0,-0.1733782511115113,-0.14688345881135015,0.034382205456495285,0.03346846625208855,0.0,0.0,0.0,0.0
4.336547136306763,-0.34470757842063904,-0.15380936861038208,0.0,0.0,-0.001024393131956458,-0.18974143266677856,0.0,0.0,-0.17358918049185237,-0.14702247113891442,0.0318644754588604,0.03375456854701042,0.0,0.0,0.0,0.0
4.338259696960449,-0.3543258011341095,-0.06866028904914856,0.0,0.0,-0.0010549344588071108,-0.18975858390331268,0.0,0.0,-0.17358918049185237,-0.14702247113891442,0.0318644754588604,0.03375456854701042,0.0,0.0,0.0,0.0
4.340556859970093,-0.3543258011341095,-0.06866028904914856,0.0,0.0,-0.0010549344588071108,-0.18975858390331268,0.0,0.0,-0.17357479708129703,-0.14711834493815729,0.032293643802404404,0.03438397869467735,0.0,0.0,0.0,0.0
4.342592239379883,-0.3543258011341095,-0.06866028904914856,0.0,0.0,-0.0010549344588071108,-0.18975858390331268,0.0,0.0,-0.17368025591979525,-0.1472190171087001,0.03758297488093376,0.0349561832845211,0.0,0.0,0.0,0.0
4.344316005706787,-0.3543258011341095,-0.06866028904914856,0.0,0.0,-0.0010549344588071108,-0.18975858390331268,0.0,0.0,-0.17378571475829344,-0.14719025028758942,0.03701077029109001,0.02846452407538891,0.0,0.0,0.0,0.0
4.346035480499268,-0.3543258011341095,-0.06866028904914856,0.0,0.0,-0.0010549344588071108,-0.18975858390331268,0.0,0.0,-0.17378571475829344,-0.14719025028758942,0.03701077029109001,0.02846452407538891,0.0,0.0,0.0,0.0
4.348470687866211,-0.34041687846183777,-0.05589178577065468,0.0,0.0,-0.001053488813340664,-0.189824178814888,0.0,0.0,-0.1738815885575363,-0.14719025028758942,0.03640999644994736,0.02846452407538891,0.0,0.0,0.0,0.0
4.350452661514282,-0.34041687846183777,-0.05589178577065468,0.0,0.0,-0.001053488813340664,-0.189824178814888,0.0,0.0,-0.17411168801638807,-0.14719025028758942,0.0342642143368721,0.02846452407538891,0.0,0.0,0.0,0.0
4.352219820022583,-0.34041687846183777,-0.05589178577065468,0.0,0.0,-0.001053488813340664,-0.189824178814888,0.0,0.0,-0.17422194522618628,-0.14735802943626441,0.03995107114315033,0.024752404540777206,0.0,0.0,0.0,0.0
4.354015350341797,-0.34041687846183777,-0.05589178577065468,0.0,0.0,-0.001053488813340664,-0.189824178814888,0.0,0.0,-0.17422194522618628,-0.14735802943626441,0.03995107114315033,0.024752404540777206,0.0,0.0,0.0,0.0
4.3563079833984375,-0.34041687846183777,-0.05589178577065468,0.0,0.0,-0.001053488813340664,-0.189824178814888,0.0,0.0,-0.17448559817410414,-0.14745870160680724,0.0375191867351532,0.02535324916243553,0.0,0.0,0.0,0.0
4.358465909957886,-0.35728660225868225,0.010480638593435287,0.0,0.0,-0.001063816831447184,-0.18987423181533813,0.0,0.0,-0.17454791848428092,-0.14755936207400547,0.037948355078697205,0.025925450026988983,0.0,0.0,0.0,0.0
4.360270261764526,-0.35728660225868225,0.010480638593435287,0.0,0.0,-0.001063816831447184,-0.18987423181533813,0.0,0.0,-0.17483074151070946,-0.14759291556307155,0.03551647067070007,0.026154346764087677,0.0,0.0,0.0,0.0
4.3621826171875,-0.35728660225868225,0.010480638593435287,0.0,0.0,-0.001063816831447184,-0.18987423181533813,0.0,0.0,-0.17502248910919518,-0.1476887893623144,0.03986157849431038,0.02115265652537346,0.0,0.0,0.0,0.0
4.363976001739502,-0.35728660225868225,0.010480638593435287,0.0,0.0,-0.001063816831447184,-0.18987423181533813,0.0,0.0,-0.17502248910919518,-0.1476887893623144,0.03986157849431038,0.02115265652537346,0.0,0.0,0.0,0.0
4.36573600769043,-0.35728660225868225,0.010480638593435287,0.0,0.0,-0.001063816831447184,-0.18987423181533813,0.0,0.0,-0.1753436639959898,-0.14804352944151972,0.03720080107450485,0.02495778724551201,0.0,0.0,0.0,0.0
4.368316173553467,-0.34431421756744385,0.08120474964380264,0.0,0.0,-0.0010544332908466458,-0.18991276621818542,0.0,0.0,-0.17561211531520765,-0.14812501983020723,0.03551282361149788,0.02510089799761772,0.0,0.0,0.0,0.0
4.370133638381958,-0.34431421756744385,0.08120474964380264,0.0,0.0,-0.0010544332908466458,-0.18991276621818542,0.0,0.0,-0.17580386291369335,-0.14839347114942505,0.035169459879398346,0.026159459725022316,0.0,0.0,0.0,0.0
4.37179160118103,-0.34431421756744385,0.08120474964380264,0.0,0.0,-0.0010544332908466458,-0.18991276621818542,0.0,0.0,-0.17580386291369335,-0.14839347114942505,0.035169459879398346,0.026159459725022316,0.0,0.0,0.0,0.0
4.373529672622681,-0.34431421756744385,0.08120474964380264,0.0,0.0,-0.0010544332908466458,-0.18991276621818542,0.0,0.0,-0.1760051955514344,-0.1487386144860304,0.03956339508295059,0.02359447255730629,0.0,0.0,0.0,0.0
4.37566065788269,-0.34431421756744385,0.08120474964380264,0.0,0.0,-0.0010544332908466458,-0.18991276621818542,0.0,0.0,-0.1761681763288094,-0.14887284014563934,0.038533397018909454,0.02356589026749134,0.0,0.0,0.0,0.0
4.377467393875122,-0.34431421756744385,0.08120474964380264,0.0,0.0,-0.0010544332908466458,-0.18991276621818542,0.0,0.0,-0.17635033888803975,-0.14906458774412504,0.037446197122335434,0.02465309388935566,0.0,0.0,0.0,0.0
4.379698038101196,-0.33035656809806824,0.11462055891752243,0.0,0.0,-0.0010137796634808183,-0.189965158700943,0.0,0.0,-0.17635033888803975,-0.14906458774412504,0.037446197122335434,0.02465309388935566,0.0,0.0,0.0,0.0
4.381573677062988,-0.33035656809806824,0.11462055891752243,0.0,0.0,-0.0010137796634808183,-0.189965158700943,0.0,0.0,-0.1765325014472701,-0.14922277015020002,0.036301787942647934,0.025597242638468742,0.0,0.0,0.0,0.0
4.383169651031494,-0.33035656809806824,0.11462055891752243,0.0,0.0,-0.0010137796634808183,-0.189965158700943,0.0,0.0,-0.17665714206762367,-0.14933782573129822,0.04071827977895737,0.021238652989268303,0.0,0.0,0.0,0.0
4.384770393371582,-0.33035656809806824,0.11462055891752243,0.0,0.0,-0.0010137796634808183,-0.189965158700943,0.0,0.0,-0.17665714206762367,-0.14933782573129822,0.04071827977895737,0.021238652989268303,0.0,0.0,0.0,0.0
4.386636257171631,-0.33035656809806824,0.11462055891752243,0.0,0.0,-0.0010137796634808183,-0.189965158700943,0.0,0.0,-0.17673383408501117,-0.14957271185810536,0.04154803603887558,0.022182805463671684,0.0,0.0,0.0,0.0
4.38842511177063,-0.32020822167396545,0.17518983781337738,0.0,0.0,-0.0009848717600107193,-0.19000667333602905,0.0,0.0,-0.17683450625555402,-0.15001852736525356,0.04097583144903183,0.026731831952929497,0.0,0.0,0.0,0.0
4.390050411224365,-0.32020822167396545,0.17518983781337738,0.0,0.0,-0.0009848717600107193,-0.19000667333602905,0.0,0.0,-0.17683450625555402,-0.15001852736525356,0.04097583144903183,0.026731831952929497,0.0,0.0,0.0,0.0
4.392244338989258,-0.32020822167396545,0.17518983781337738,0.0,0.0,-0.0009848717600107193,-0.19000667333602905,0.0,0.0,-0.17693516672275222,-0.1500952310859857,0.04034634679555893,0.025358499959111214,0.0,0.0,0.0,0.0
4.394524812698364,-0.32020822167396545,0.17518983781337738,0.0,0.0,-0.0009848717600107193,-0.19000667333602905,0.0,0.0,-0.17694955013330757,-0.15038285248371425,0.04534091800451279,0.02090686932206154,0.0,0.0,0.0,0.0
4.396431922912598,-0.32020822167396545,0.17518983781337738,0.0,0.0,-0.0009848717600107193,-0.19000667333602905,0.0,0.0,-0.17694955013330757,-0.15058418512145533,0.04662838950753212,0.02402537129819393,0.0,0.0,0.0,0.0
4.399218320846558,-0.3314252495765686,0.14979195594787598,0.0,0.0,-0.0009917855495586991,-0.19011621177196503,0.0,0.0,-0.17706939238236116,-0.15078551775919638,0.04508345201611519,0.0238823052495718,0.0,0.0,0.0,0.0
4.401346683502197,-0.3314252495765686,0.14979195594787598,0.0,0.0,-0.0009917855495586991,-0.19011621177196503,0.0,0.0,-0.177170064552904,-0.15121215148448922,0.04451124742627144,0.028603022918105125,0.0,0.0,0.0,0.0
4.403109788894653,-0.3314252495765686,0.14979195594787598,0.0,0.0,-0.0009917855495586991,-0.19011621177196503,0.0,0.0,-0.177170064552904,-0.15121215148448922,0.04451124742627144,0.028603022918105125,0.0,0.0,0.0,0.0
4.405466079711914,-0.3314252495765686,0.14979195594787598,0.0,0.0,-0.0009917855495586991,-0.19011621177196503,0.0,0.0,-0.17728510843065756,-0.15179219265124633,0.04936569929122925,0.02686840109527111,0.0,0.0,0.0,0.0
4.4071946144104,-0.3314252495765686,0.14979195594787598,0.0,0.0,-0.0009917855495586991,-0.19011621177196503,0.0,0.0,-0.17752959130006468,-0.1521852728874731,0.047019656747579575,0.027783900499343872,0.0,0.0,0.0,0.0
4.408817768096924,-0.3248280882835388,0.18226048350334167,0.0,0.0,-0.0009871498914435506,-0.19018371403217316,0.0,0.0,-0.1777213388985504,-0.1526358867659213,0.045932456851005554,0.03190382942557335,0.0,0.0,0.0,0.0
4.41040825843811,-0.3248280882835388,0.18226048350334167,0.0,0.0,-0.0009871498914435506,-0.19018371403217316,0.0,0.0,-0.1777213388985504,-0.1526358867659213,0.045932456851005554,0.03190382942557335,0.0,0.0,0.0,0.0
4.411886215209961,-0.3248280882835388,0.18226048350334167,0.0,0.0,-0.0009871498914435506,-0.19018371403217316,0.0,0.0,-0.17800416192497895,-0.15328782157876591,0.04335751757025719,0.03628115355968475,0.0,0.0,0.0,0.0
4.413820028305054,-0.3248280882835388,0.18226048350334167,0.0,0.0,-0.0009871498914435506,-0.19018371403217316,0.0,0.0,-0.17819590952346467,-0.15394935313421051,0.047247838228940964,0.03587988391518593,0.0,0.0,0.0,0.0
4.415245056152344,-0.3248280882835388,0.18226048350334167,0.0,0.0,-0.0009871498914435506,-0.19018371403217316,0.0,0.0,-0.17819590952346467,-0.15394935313421051,0.047247838228940964,0.03587988391518593,0.0,0.0,0.0,0.0
4.417218208312988,-0.3248280882835388,0.18226048350334167,0.0,0.0,-0.0009871498914435506,-0.19018371403217316,0.0,0.0,-0.17855064960267,-0.1548313874059069,0.04561707377433777,0.0428035743534565,0.0,0.0,0.0,0.0
4.4190003871917725,-0.3469330668449402,0.2283802330493927,0.0,0.0,-0.0010590578895062208,-0.19025549292564392,0.0,0.0,-0.17889579293927535,-0.15574218849871402,0.044043511152267456,0.04935529828071594,0.0,0.0,0.0,0.0
4.4204018115997314,-0.3469330668449402,0.2283802330493927,0.0,0.0,-0.0010590578895062208,-0.19025549292564392,0.0,0.0,-0.17889579293927535,-0.15574218849871402,0.044043511152267456,0.04935529828071594,0.0,0.0,0.0,0.0
4.422475576400757,-0.3469330668449402,0.2283802330493927,0.0,0.0,-0.0010590578895062208,-0.19025549292564392,0.0,0.0,-0.17939433201400032,-0.15683515215075144,0.03906533122062683,0.055964305996894836,0.0,0.0,0.0,0.0
4.424391031265259,-0.3469330668449402,0.2283802330493927,0.0,0.0,-0.0010590578895062208,-0.19025549292564392,0.0,0.0,-0.17968675178302887,-0.15789456231372284,0.04354770481586456,0.05634491518139839,0.0,0.0,0.0,0.0
4.42607307434082,-0.3469330668449402,0.2283802330493927,0.0,0.0,-0.0010590578895062208,-0.19025549292564392,0.0,0.0,-0.1801709074471985,-0.1592032420140567,0.04125888645648956,0.06796067208051682,0.0,0.0,0.0,0.0
4.4276347160339355,-0.3469330668449402,0.2283802330493927,0.0,0.0,-0.0010590578895062208,-0.19025549292564392,0.0,0.0,-0.1801709074471985,-0.1592032420140567,0.04125888645648956,0.06796067208051682,0.0,0.0,0.0,0.0
4.429060459136963,-0.39920929074287415,0.21087361872196198,0.0,0.0,-0.0011618293356150389,-0.1903490275144577,0.0,0.0,-0.18060233954379135,-0.16059819877103343,0.03711045905947685,0.0753134936094284,0.0,0.0,0.0,0.0
4.430529832839966,-0.39920929074287415,0.21087361872196198,0.0,0.0,-0.0011618293356150389,-0.1903490275144577,0.0,0.0,-0.18106733683279488,-0.16202192234912086,0.03453553840517998,0.08644287288188934,0.0,0.0,0.0,0.0
4.432163953781128,-0.39920929074287415,0.21087361872196198,0.0,0.0,-0.0011618293356150389,-0.1903490275144577,0.0,0.0,-0.18106733683279488,-0.16202192234912086,0.03453553840517998,0.08644287288188934,0.0,0.0,0.0,0.0
4.433644771575928,-0.39920929074287415,0.21087361872196198,0.0,0.0,-0.0011618293356150389,-0.1903490275144577,0.0,0.0,-0.18157067427881987,-0.1635559031370065,0.036683402955532074,0.08701439201831818,0.0,0.0,0.0,0.0
4.435892343521118,-0.39920929074287415,0.21087361872196198,0.0,0.0,-0.0011618293356150389,-0.1903490275144577,0.0,0.0,-0.18211235188186628,-0.16507071384638142,0.03390822559595108,0.0986587181687355,0.0,0.0,0.0,0.0
4.43755841255188,-0.39920929074287415,0.21087361872196198,0.0,0.0,-0.0011618293356150389,-0.1903490275144577,0.0,0.0,-0.18211235188186628,-0.16507071384638142,0.03390822559595108,0.0986587181687355,0.0,0.0,0.0,0.0
4.439020872116089,-0.43560636043548584,0.10819859802722931,0.0,0.0,-0.0012815736699849367,-0.19051386415958405,0.0,0.0,-0.1822993128123966,-0.16643211711429207,0.03565344586968422,0.10420911759138107,0.0,0.0,0.0,0.0
4.440820217132568,-0.43560636043548584,0.10819859802722931,0.0,0.0,-0.0012815736699849367,-0.19051386415958405,0.0,0.0,-0.1824910604108823,-0.16749632564856345,0.03267792612314224,0.11247745156288147,0.0,0.0,0.0,0.0
4.442326545715332,-0.43560636043548584,0.10819859802722931,0.0,0.0,-0.0012815736699849367,-0.19051386415958405,0.0,0.0,-0.1824910604108823,-0.16749632564856345,0.03267792612314224,0.11247745156288147,0.0,0.0,0.0,0.0
4.444471120834351,-0.43560636043548584,0.10819859802722931,0.0,0.0,-0.0012815736699849367,-0.19051386415958405,0.0,0.0,-0.18253419893920375,-0.16806197170142056,0.040095869451761246,0.10614827275276184,0.0,0.0,0.0,0.0
4.446893930435181,-0.43560636043548584,0.10819859802722931,0.0,0.0,-0.0012815736699849367,-0.19051386415958405,0.0,0.0,-0.18247187862902697,-0.16867556635724376,0.04129749909043312,0.10815097391605377,0.0,0.0,0.0,0.0
4.448596239089966,-0.43560636043548584,0.10819859802722931,0.0,0.0,-0.0012815736699849367,-0.19051386415958405,0.0,0.0,-0.18247187862902697,-0.1691309669036473,0.04129749909043312,0.10823677480220795,0.0,0.0,0.0,0.0
4.451569557189941,-0.5741494297981262,-0.2421543300151825,0.0,0.0,-0.0015971612883731723,-0.19090208411216736,0.0,0.0,-0.18247187862902697,-0.16930833109157764,0.04129749909043312,0.10806512832641602,0.0,0.0,0.0,0.0
4.453202486038208,-0.5741494297981262,-0.2421543300151825,0.0,0.0,-0.0015971612883731723,-0.19090208411216736,0.0,0.0,-0.18215550211353232,-0.16934668295194372,0.05112148076295853,0.10067009925842285,0.0,0.0,0.0,0.0
4.454689025878906,-0.5741494297981262,-0.2421543300151825,0.0,0.0,-0.0015971612883731723,-0.19090208411216736,0.0,0.0,-0.18215550211353232,-0.16934668295194372,0.05112148076295853,0.10067009925842285,0.0,0.0,0.0,0.0
4.4561448097229,-0.5741494297981262,-0.2421543300151825,0.0,0.0,-0.0015971612883731723,-0.19090208411216736,0.0,0.0,-0.1814987689293877,-0.16927957597381157,0.05761602893471718,0.09943988919258118,0.0,0.0,0.0,0.0
4.458358526229858,-0.6990064382553101,-0.5908629894256592,0.0,0.0,-0.0019762434531003237,-0.19132103025913239,0.0,0.0,-0.18095707962299667,-0.16920287225307945,0.060877569019794464,0.09943988919258118,0.0,0.0,0.0,0.0
4.460294008255005,-0.6990064382553101,-0.5908629894256592,0.0,0.0,-0.0019762434531003237,-0.19132103025913239,0.0,0.0,-0.18041539031660564,-0.1685221706191241,0.06408189982175827,0.0909140333533287,0.0,0.0,0.0,0.0
4.461937427520752,-0.6990064382553101,-0.5908629894256592,0.0,0.0,-0.0019762434531003237,-0.19132103025913239,0.0,0.0,-0.18041539031660564,-0.1685221706191241,0.06408189982175827,0.0909140333533287,0.0,0.0,0.0,0.0
4.463951110839844,-0.6990064382553101,-0.5908629894256592,0.0,0.0,-0.0019762434531003237,-0.19132103025913239,0.0,0.0,-0.17998395822001279,-0.16818181395047413,0.07129130512475967,0.08296079933643341,0.0,0.0,0.0,0.0
4.465393304824829,-0.6990064382553101,-0.5908629894256592,0.0,0.0,-0.0019762434531003237,-0.19132103025913239,0.0,0.0,-0.17950938759509852,-0.16785105402442413,0.07398063689470291,0.08296075463294983,0.0,0.0,0.0,0.0
4.46686577796936,-0.6990064382553101,-0.5908629894256592,0.0,0.0,-0.0019762434531003237,-0.19132103025913239,0.0,0.0,-0.17950938759509852,-0.16785105402442413,0.07398063689470291,0.08296075463294983,0.0,0.0,0.0,0.0
4.469038724899292,-0.7875418663024902,-0.6076987981796265,0.0,0.0,-0.0022892586421221495,-0.19153223931789398,0.0,0.0,-0.17947103573473247,-0.16784625565312414,0.07189210504293442,0.08462019264698029,0.0,0.0,0.0,0.0
4.470532417297363,-0.7875418663024902,-0.6076987981796265,0.0,0.0,-0.0022892586421221495,-0.19153223931789398,0.0,0.0,-0.17927928813624674,-0.1675826027052063,0.07295066863298416,0.08218830823898315,0.0,0.0,0.0,0.0
4.472355604171753,-0.7875418663024902,-0.6076987981796265,0.0,0.0,-0.0022892586421221495,-0.19153223931789398,0.0,0.0,-0.17920258441551462,-0.16752508076632952,0.07815706729888916,0.07718509435653687,0.0,0.0,0.0,0.0
4.473844289779663,-0.7875418663024902,-0.6076987981796265,0.0,0.0,-0.0022892586421221495,-0.19153223931789398,0.0,0.0,-0.17920258441551462,-0.16752508076632952,0.07815706729888916,0.07718509435653687,0.0,0.0,0.0,0.0
4.475874423980713,-0.7875418663024902,-0.6076987981796265,0.0,0.0,-0.0022892586421221495,-0.19153223931789398,0.0,0.0,-0.17950458922379853,-0.1675874010765063,0.07615432888269424,0.07835808396339417,0.0,0.0,0.0,0.0
4.477396726608276,-0.7875418663024902,-0.6076987981796265,0.0,0.0,-0.0022892586421221495,-0.19153223931789398,0.0,0.0,-0.18024281279663065,-0.1675874010765063,0.06614074856042862,0.07835808396339417,0.0,0.0,0.0,0.0
4.478905916213989,-0.8248761892318726,-0.3755856156349182,0.0,0.0,-0.002440062817186117,-0.1915103942155838,0.0,0.0,-0.18024281279663065,-0.1675874010765063,0.06614074856042862,0.07835808396339417,0.0,0.0,0.0,0.0
4.480869770050049,-0.8248761892318726,-0.3755856156349182,0.0,0.0,-0.002440062817186117,-0.1915103942155838,0.0,0.0,-0.18077491706376633,-0.1675874010765063,0.06293641775846481,0.07835808396339417,0.0,0.0,0.0,0.0
4.48230242729187,-0.8248761892318726,-0.3755856156349182,0.0,0.0,-0.002440062817186117,-0.1915103942155838,0.0,0.0,-0.1812207325709145,-0.16799006635198843,0.06678666174411774,0.07774002850055695,0.0,0.0,0.0,0.0
4.4837963581085205,-0.8248761892318726,-0.3755856156349182,0.0,0.0,-0.002440062817186117,-0.1915103942155838,0.0,0.0,-0.1812207325709145,-0.16799006635198843,0.06678666174411774,0.07774002850055695,0.0,0.0,0.0,0.0
4.485297918319702,-0.8248761892318726,-0.3755856156349182,0.0,0.0,-0.002440062817186117,-0.1915103942155838,0.0,0.0,-0.1819973080041127,-0.16806677007272056,0.06063549965620041,0.07782585918903351,0.0,0.0,0.0,0.0
4.48675537109375,-0.8248761892318726,-0.3755856156349182,0.0,0.0,-0.002440062817186117,-0.1915103942155838,0.0,0.0,-0.1825198155286484,-0.1680523866621652,0.05823221802711487,0.07562285661697388,0.0,0.0,0.0,0.0
4.488296270370483,-0.8212293386459351,-0.07225343585014343,0.0,0.0,-0.0024913481902331114,-0.1913246214389801,0.0,0.0,-0.1825198155286484,-0.1680523866621652,0.05823221802711487,0.07562285661697388,0.0,0.0,0.0,0.0
4.489755630493164,-0.8212293386459351,-0.07225343585014343,0.0,0.0,-0.0024913481902331114,-0.1913246214389801,0.0,0.0,-0.18322449731575907,-0.16815305883270806,0.05371176451444626,0.07705338299274445,0.0,0.0,0.0,0.0
4.49178671836853,-0.8212293386459351,-0.07225343585014343,0.0,0.0,-0.0024913481902331114,-0.1913246214389801,0.0,0.0,-0.18380932515047155,-0.1682441342606509,0.0549873523414135,0.07214368879795074,0.0,0.0,0.0,0.0
4.493271350860596,-0.8212293386459351,-0.07225343585014343,0.0,0.0,-0.0024913481902331114,-0.1913246214389801,0.0,0.0,-0.18380932515047155,-0.1682441342606509,0.0549873523414135,0.07214368879795074,0.0,0.0,0.0,0.0
4.494768142700195,-0.8212293386459351,-0.07225343585014343,0.0,0.0,-0.0024913481902331114,-0.1913246214389801,0.0,0.0,-0.184734509653834,-0.1683352213919384,0.0480923056602478,0.07265868782997131,0.0,0.0,0.0,0.0
4.496351718902588,-0.8212293386459351,-0.07225343585014343,0.0,0.0,-0.0024913481902331114,-0.1913246214389801,0.0,0.0,-0.1853864444666786,-0.16843109519118124,0.04477350041270256,0.07320225238800049,0.0,0.0,0.0,0.0
4.49836540222168,-0.8077810406684875,-0.009942435659468174,0.0,0.0,-0.002466391772031784,-0.19131040573120117,0.0,0.0,-0.1853864444666786,-0.16843109519118124,0.04477350041270256,0.07320225238800049,0.0,0.0,0.0,0.0
4.499961853027344,-0.8077810406684875,-0.009942435659468174,0.0,0.0,-0.002466391772031784,-0.19131040573120117,0.0,0.0,-0.18633559741985178,-0.1683591898417491,0.03850787878036499,0.07197204977273941,0.0,0.0,0.0,0.0
4.501728296279907,-0.8077810406684875,-0.009942435659468174,0.0,0.0,-0.002466391772031784,-0.19131040573120117,0.0,0.0,-0.1873806241722678,-0.1683591898417491,0.03038257174193859,0.07197204977273941,0.0,0.0,0.0,0.0
4.50385594367981,-0.8077810406684875,-0.009942435659468174,0.0,0.0,-0.002466391772031784,-0.19131040573120117,0.0,0.0,-0.18821951991564276,-0.1683591898417491,0.03171796351671219,0.0664595514535904,0.0,0.0,0.0,0.0
4.506118297576904,-0.8077810406684875,-0.009942435659468174,0.0,0.0,-0.002466391772031784,-0.19131040573120117,0.0,0.0,-0.18942272907413377,-0.1683591898417491,0.02450818009674549,0.0664595514535904,0.0,0.0,0.0,0.0
4.508587598800659,-0.7249189019203186,-0.15009361505508423,0.0,0.0,-0.0022756836842745543,-0.19147370755672455,0.0,0.0,-0.1905971831148587,-0.1683591898417491,0.014666262082755566,0.0664595514535904,0.0,0.0,0.0,0.0
4.510233163833618,-0.7249189019203186,-0.15009361505508423,0.0,0.0,-0.0022756836842745543,-0.19147370755672455,0.0,0.0,-0.1905971831148587,-0.1683591898417491,0.014666262082755566,0.0664595514535904,0.0,0.0,0.0,0.0
4.511814117431641,-0.7249189019203186,-0.15009361505508423,0.0,0.0,-0.0022756836842745543,-0.19147370755672455,0.0,0.0,-0.1916805617276408,-0.1683591898417491,0.009402022697031498,0.0664595514535904,0.0,0.0,0.0,0.0
4.513538599014282,-0.7249189019203186,-0.15009361505508423,0.0,0.0,-0.0022756836842745543,-0.19147370755672455,0.0,0.0,-0.1930371783275961,-0.1683591898417491,0.005999584216624498,0.06093490123748779,0.0,0.0,0.0,0.0
4.515268087387085,-0.7249189019203186,-0.15009361505508423,0.0,0.0,-0.0022756836842745543,-0.19147370755672455,0.0,0.0,-0.1930371783275961,-0.1683591898417491,0.005999584216624498,0.06093490123748779,0.0,0.0,0.0,0.0
4.517007827758789,-0.7249189019203186,-0.15009361505508423,0.0,0.0,-0.0022756836842745543,-0.19147370755672455,0.0,0.0,-0.19423080244683175,-0.1683591898417491,4.865639130002819e-05,0.06093490123748779,0.0,0.0,0.0,0.0
4.519240140914917,-0.6324381828308105,-0.21995630860328674,0.0,0.0,-0.002041081665083766,-0.19163919985294342,0.0,0.0,-0.19539087307700134,-0.1683591898417491,-0.006388701964169741,0.06093490123748779,0.0,0.0,0.0,0.0
4.521280527114868,-0.6324381828308105,-0.21995630860328674,0.0,0.0,-0.002041081665083766,-0.19163919985294342,0.0,0.0,-0.1961291083531781,-0.1683591898417491,-0.008305531926453114,0.06093490123748779,0.0,0.0,0.0,0.0
4.523585081100464,-0.6324381828308105,-0.21995630860328674,0.0,0.0,-0.002041081665083766,-0.19163919985294342,0.0,0.0,-0.1969488223146977,-0.1683591898417491,-0.008998589590191841,0.055419545620679855,0.0,0.0,0.0,0.0
4.525377511978149,-0.6324381828308105,-0.21995630860328674,0.0,0.0,-0.002041081665083766,-0.19163919985294342,0.0,0.0,-0.1969488223146977,-0.1683591898417491,-0.008998589590191841,0.055419545620679855,0.0,0.0,0.0,0.0
4.527450799942017,-0.6324381828308105,-0.21995630860328674,0.0,0.0,-0.002041081665083766,-0.19163919985294342,0.0,0.0,-0.1977014410014298,-0.1683591898417491,-0.012403234839439392,0.055419545620679855,0.0,0.0,0.0,0.0
4.52982759475708,-0.5146043300628662,-0.31580573320388794,0.0,0.0,-0.0017111548222601414,-0.19183264672756195,0.0,0.0,-0.19812327635542265,-0.1683591898417491,-0.014835161156952381,0.055419545620679855,0.0,0.0,0.0,0.0
4.531574249267578,-0.5146043300628662,-0.31580573320388794,0.0,0.0,-0.0017111548222601414,-0.19183264672756195,0.0,0.0,-0.19830065224669763,-0.1683591898417491,-0.011516289785504341,0.055419545620679855,0.0,0.0,0.0,0.0
4.53329873085022,-0.5146043300628662,-0.31580573320388794,0.0,0.0,-0.0017111548222601414,-0.19183264672756195,0.0,0.0,-0.19847322976667262,-0.1678846075134902,-0.0063297632150352,0.044712524861097336,0.0,0.0,0.0,0.0
4.5351128578186035,-0.5146043300628662,-0.31580573320388794,0.0,0.0,-0.0017111548222601414,-0.19183264672756195,0.0,0.0,-0.19847322976667262,-0.1678846075134902,-0.0063297632150352,0.044712524861097336,0.0,0.0,0.0,0.0
4.537394285202026,-0.5146043300628662,-0.31580573320388794,0.0,0.0,-0.0017111548222601414,-0.19183264672756195,0.0,0.0,-0.19842529286705118,-0.16764492301538308,-0.005671699997037649,0.04319623485207558,0.0,0.0,0.0,0.0
4.539172410964966,-0.35172128677368164,-0.503930926322937,0.0,0.0,-0.0012507762294262648,-0.1920975148677826,0.0,0.0,-0.19842529286705118,-0.16757301766595095,-0.004384294152259827,0.043110404163599014,0.0,0.0,0.0,0.0
4.540946006774902,-0.35172128677368164,-0.503930926322937,0.0,0.0,-0.0012507762294262648,-0.1920975148677826,0.0,0.0,-0.19842529286705118,-0.16733333316784382,-0.004384294152259827,0.04210904613137245,0.0,0.0,0.0,0.0
4.542907238006592,-0.35172128677368164,-0.503930926322937,0.0,0.0,-0.0012507762294262648,-0.1920975148677826,0.0,0.0,-0.19842529286705118,-0.16724704440785632,0.0011993106454610825,0.03689587116241455,0.0,0.0,0.0,0.0
4.544669151306152,-0.35172128677368164,-0.503930926322937,0.0,0.0,-0.0012507762294262648,-0.1920975148677826,0.0,0.0,-0.19842529286705118,-0.16724704440785632,0.0011993106454610825,0.03689587116241455,0.0,0.0,0.0,0.0
4.5464770793914795,-0.35172128677368164,-0.503930926322937,0.0,0.0,-0.0012507762294262648,-0.1920975148677826,0.0,0.0,-0.19809450953431193,-0.16728060960026703,0.0056625064462423325,0.037925876677036285,0.0,0.0,0.0,0.0
4.548264026641846,-0.24408096075057983,-0.5921112298965454,0.0,0.0,-0.0008760469499975443,-0.19231189787387848,0.0,0.0,-0.19780211317197266,-0.1675826027052063,0.007493673823773861,0.04213154315948486,0.0,0.0,0.0,0.0
4.550490856170654,-0.24408096075057983,-0.5921112298965454,0.0,0.0,-0.0008760469499975443,-0.19231189787387848,0.0,0.0,-0.19761993890939766,-0.1680811534832759,0.007665278390049934,0.04699530825018883,0.0,0.0,0.0,0.0
4.552215337753296,-0.24408096075057983,-0.5921112298965454,0.0,0.0,-0.0008760469499975443,-0.19231189787387848,0.0,0.0,-0.19761993890939766,-0.1680811534832759,0.007665278390049934,0.04699530825018883,0.0,0.0,0.0,0.0
4.554347038269043,-0.24408096075057983,-0.5921112298965454,0.0,0.0,-0.0008760469499975443,-0.19231189787387848,0.0,0.0,-0.19748572495313338,-0.1686707796892884,0.013847770169377327,0.047566283494234085,0.0,0.0,0.0,0.0
4.55606484413147,-0.24408096075057983,-0.5921112298965454,0.0,0.0,-0.0008760469499975443,-0.19231189787387848,0.0,0.0,-0.1973131474331584,-0.16930833109157764,0.014992181211709976,0.05068483576178551,0.0,0.0,0.0,0.0
4.557770252227783,-0.24408096075057983,-0.5921112298965454,0.0,0.0,-0.0008760469499975443,-0.19231189787387848,0.0,0.0,-0.1973131474331584,-0.16930833109157764,0.014992181211709976,0.05068483576178551,0.0,0.0,0.0,0.0
4.559539794921875,-0.20119453966617584,-0.46924924850463867,0.0,0.0,-0.0006839970010332763,-0.19236965477466583,0.0,0.0,-0.1971166014633727,-0.16995069256851153,0.01605067402124405,0.05474747717380524,0.0,0.0,0.0,0.0
4.561124324798584,-0.20119453966617584,-0.46924924850463867,0.0,0.0,-0.0006839970010332763,-0.19236965477466583,0.0,0.0,-0.19682898006564414,-0.17048758350360257,0.018654316663742065,0.056263819336891174,0.0,0.0,0.0,0.0
4.562648057937622,-0.20119453966617584,-0.46924924850463867,0.0,0.0,-0.0006839970010332763,-0.19236965477466583,0.0,0.0,-0.19682898006564414,-0.17048758350360257,0.018654316663742065,0.056263819336891174,0.0,0.0,0.0,0.0
4.564129590988159,-0.20119453966617584,-0.46924924850463867,0.0,0.0,-0.0006839970010332763,-0.19236965477466583,0.0,0.0,-0.19655575378181556,-0.17113473164849186,0.02590620145201683,0.056020691990852356,0.0,0.0,0.0,0.0
4.5659143924713135,-0.20119453966617584,-0.46924924850463867,0.0,0.0,-0.0006839970010332763,-0.19236965477466583,0.0,0.0,-0.19637837789054058,-0.17124019048699005,0.026106446981430054,0.05181499943137169,0.0,0.0,0.0,0.0
4.568298101425171,-0.20119453966617584,-0.46924924850463867,0.0,0.0,-0.0006839970010332763,-0.19236965477466583,0.0,0.0,-0.1962058003705656,-0.17179626320393646,0.02702195756137371,0.05805201828479767,0.0,0.0,0.0,0.0
4.571266174316406,-0.2276696413755417,-0.29632315039634705,0.0,0.0,-0.0006621652864851058,-0.19231639802455902,0.0,0.0,-0.1961051399033674,-0.17220372685071858,0.027308044955134392,0.05913920700550079,0.0,0.0,0.0,0.0
4.573354244232178,-0.2276696413755417,-0.29632315039634705,0.0,0.0,-0.0006621652864851058,-0.19231639802455902,0.0,0.0,-0.1960428195931906,-0.17255366855862392,0.031859613955020905,0.05627496913075447,0.0,0.0,0.0,0.0
4.575449705123901,-0.2276696413755417,-0.29632315039634705,0.0,0.0,-0.0006621652864851058,-0.19231639802455902,0.0,0.0,-0.1960428195931906,-0.1729371637555953,0.031859613955020905,0.05856379121541977,0.0,0.0,0.0,0.0
4.577661037445068,-0.2276696413755417,-0.29632315039634705,0.0,0.0,-0.0006621652864851058,-0.19231639802455902,0.0,0.0,-0.1960428195931906,-0.17315287980389174,0.031859613955020905,0.059021566063165665,0.0,0.0,0.0,0.0
4.579830169677734,-0.34297189116477966,-0.32696035504341125,0.0,0.0,-0.0009326055296696723,-0.19238293170928955,0.0,0.0,-0.1960428195931906,-0.17315287980389174,0.031859613955020905,0.059021566063165665,0.0,0.0,0.0,0.0
4.582029342651367,-0.34297189116477966,-0.32696035504341125,0.0,0.0,-0.0009326055296696723,-0.19238293170928955,0.0,0.0,-0.1960428195931906,-0.17356034345067387,0.031859613955020905,0.062283117324113846,0.0,0.0,0.0,0.0
4.584239482879639,-0.34297189116477966,-0.32696035504341125,0.0,0.0,-0.0009326055296696723,-0.19238293170928955,0.0,0.0,-0.1960428195931906,-0.17357471515788458,0.037335094064474106,0.05575121194124222,0.0,0.0,0.0,0.0
4.586766004562378,-0.34297189116477966,-0.32696035504341125,0.0,0.0,-0.0009326055296696723,-0.19238293170928955,0.0,0.0,-0.1960428195931906,-0.17383836810580244,0.037335094064474106,0.05675256624817848,0.0,0.0,0.0,0.0
4.589417934417725,-0.4063926935195923,-0.23411080241203308,0.0,0.0,-0.0012086553033441305,-0.19243557751178741,0.0,0.0,-0.1960428195931906,-0.17399656221522206,0.037335094064474106,0.057811133563518524,0.0,0.0,0.0,0.0
4.591660022735596,-0.4063926935195923,-0.23411080241203308,0.0,0.0,-0.0012086553033441305,-0.19243557751178741,0.0,0.0,-0.196435911532762,-0.17418830981370778,0.03241410478949547,0.058898333460092545,0.0,0.0,0.0,0.0
4.593809127807617,-0.4063926935195923,-0.23411080241203308,0.0,0.0,-0.0012086553033441305,-0.19243557751178741,0.0,0.0,-0.19664682920975843,-0.17425063012388456,0.037640586495399475,0.05292726308107376,0.0,0.0,0.0,0.0
4.595534563064575,-0.4063926935195923,-0.23411080241203308,0.0,0.0,-0.0012086553033441305,-0.19243557751178741,0.0,0.0,-0.19666120091696915,-0.17418830981370778,0.038727663457393646,0.051725633442401886,0.0,0.0,0.0,0.0
4.597639322280884,-0.4063926935195923,-0.23411080241203308,0.0,0.0,-0.0012086553033441305,-0.19243557751178741,0.0,0.0,-0.196752276344912,-0.17418830981370778,0.037783581763505936,0.051725633442401886,0.0,0.0,0.0,0.0
4.600282907485962,-0.4714803993701935,-0.2423364669084549,0.0,0.0,-0.0014047815930098295,-0.19250819087028503,0.0,0.0,-0.19685294851545485,-0.17418830981370778,0.037211377173662186,0.051725633442401886,0.0,0.0,0.0,0.0
4.60199499130249,-0.4714803993701935,-0.2423364669084549,0.0,0.0,-0.0014047815930098295,-0.19250819087028503,0.0,0.0,-0.19685294851545485,-0.17418830981370778,0.037211377173662186,0.051725633442401886,0.0,0.0,0.0,0.0
4.604029417037964,-0.4714803993701935,-0.2423364669084549,0.0,0.0,-0.0014047815930098295,-0.19250819087028503,0.0,0.0,-0.19705429285654055,-0.17418830981370778,0.04208894819021225,0.04624512419104576,0.0,0.0,0.0,0.0
4.605549573898315,-0.4714803993701935,-0.2423364669084549,0.0,0.0,-0.0014047815930098295,-0.19250819087028503,0.0,0.0,-0.19722687037651554,-0.17418830981370778,0.03954271972179413,0.04624512419104576,0.0,0.0,0.0,0.0
4.607023239135742,-0.4714803993701935,-0.2423364669084549,0.0,0.0,-0.0014047815930098295,-0.19250819087028503,0.0,0.0,-0.19722687037651554,-0.17418830981370778,0.03954271972179413,0.04624512419104576,0.0,0.0,0.0,0.0
4.609333276748657,-0.48997873067855835,-0.1748911291360855,0.0,0.0,-0.0014919069362804294,-0.1925564855337143,0.0,0.0,-0.1973467126255691,-0.17388630500542385,0.04020064324140549,0.04195362329483032,0.0,0.0,0.0,0.0
4.611272573471069,-0.48997873067855835,-0.1748911291360855,0.0,0.0,-0.0014919069362804294,-0.1925564855337143,0.0,0.0,-0.1975384602240548,-0.17369935577823814,0.0377974659204483,0.04032285138964653,0.0,0.0,0.0,0.0
4.612704038619995,-0.48997873067855835,-0.1748911291360855,0.0,0.0,-0.0014919069362804294,-0.1925564855337143,0.0,0.0,-0.19771101433734053,-0.17365141887861674,0.04221417009830475,0.036737099289894104,0.0,0.0,0.0,0.0
4.614140748977661,-0.48997873067855835,-0.1748911291360855,0.0,0.0,-0.0014919069362804294,-0.1925564855337143,0.0,0.0,-0.19771101433734053,-0.17365141887861674,0.04221417009830475,0.036737099289894104,0.0,0.0,0.0,0.0
4.616070032119751,-0.48997873067855835,-0.1748911291360855,0.0,0.0,-0.0014919069362804294,-0.1925564855337143,0.0,0.0,-0.19801782922026906,-0.17372332422804887,0.03963930532336235,0.037967368960380554,0.0,0.0,0.0,0.0
4.618204593658447,-0.4705038368701935,-0.11601179093122482,0.0,0.0,-0.001466460875235498,-0.19260932505130768,0.0,0.0,-0.1982575137183762,-0.17372332422804887,0.039496198296546936,0.037967368960380554,0.0,0.0,0.0,0.0
4.619659185409546,-0.4705038368701935,-0.11601179093122482,0.0,0.0,-0.001466460875235498,-0.19260932505130768,0.0,0.0,-0.19853074000220478,-0.17372332422804887,0.036492180079221725,0.037967368960380554,0.0,0.0,0.0,0.0
4.621108770370483,-0.4705038368701935,-0.11601179093122482,0.0,0.0,-0.001466460875235498,-0.19260932505130768,0.0,0.0,-0.19853074000220478,-0.17372332422804887,0.036492180079221725,0.037967368960380554,0.0,0.0,0.0,0.0
4.622547149658203,-0.4705038368701935,-0.11601179093122482,0.0,0.0,-0.001466460875235498,-0.19260932505130768,0.0,0.0,-0.19874165767920118,-0.17372332422804887,0.04036252573132515,0.032466255128383636,0.0,0.0,0.0,0.0
4.6242828369140625,-0.4705038368701935,-0.11601179093122482,0.0,0.0,-0.001466460875235498,-0.19260932505130768,0.0,0.0,-0.19908201434785117,-0.17372332422804887,0.03870318830013275,0.032466255128383636,0.0,0.0,0.0,0.0
4.625756025314331,-0.4705038368701935,-0.11601179093122482,0.0,0.0,-0.001466460875235498,-0.19260932505130768,0.0,0.0,-0.19908201434785117,-0.17372332422804887,0.03870318830013275,0.032466255128383636,0.0,0.0,0.0,0.0
4.627224683761597,-0.4705038368701935,-0.11601179093122482,0.0,0.0,-0.001466460875235498,-0.19260932505130768,0.0,0.0,-0.19907721597655118,-0.17372332422804887,0.04036255180835724,0.032466255128383636,0.0,0.0,0.0,0.0
4.628695964813232,-0.4457542896270752,-0.05839525908231735,0.0,0.0,-0.001412222976796329,-0.19264043867588043,0.0,0.0,-0.19907721597655118,-0.17372332422804887,0.04036255180835724,0.032466255128383636,0.0,0.0,0.0,0.0
4.630666255950928,-0.4457542896270752,-0.05839525908231735,0.0,0.0,-0.001412222976796329,-0.19264043867588043,0.0,0.0,-0.1993360939598583,-0.17372332422804887,0.038016512989997864,0.032466255128383636,0.0,0.0,0.0,0.0
4.63212776184082,-0.4457542896270752,-0.05839525908231735,0.0,0.0,-0.001412222976796329,-0.19264043867588043,0.0,0.0,-0.19947510628742257,-0.17411161779632026,0.04393841326236725,0.03189374506473541,0.0,0.0,0.0,0.0
4.633572816848755,-0.4457542896270752,-0.05839525908231735,0.0,0.0,-0.001412222976796329,-0.19264043867588043,0.0,0.0,-0.19947510628742257,-0.17411161779632026,0.04393841326236725,0.03189374506473541,0.0,0.0,0.0,0.0
4.63504433631897,-0.4457542896270752,-0.05839525908231735,0.0,0.0,-0.001412222976796329,-0.19264043867588043,0.0,0.0,-0.199676427221819,-0.1742889819842506,0.041449323296546936,0.032036781311035156,0.0,0.0,0.0,0.0
4.636902809143066,-0.4457542896270752,-0.05839525908231735,0.0,0.0,-0.001412222976796329,-0.19264043867588043,0.0,0.0,-0.19999281544065828,-0.17446154780088097,0.0387314073741436,0.033123984932899475,0.0,0.0,0.0,0.0
4.638404607772827,-0.4026976227760315,0.018080400303006172,0.0,0.0,-0.0012913644313812256,-0.19265902042388916,0.0,0.0,-0.19999281544065828,-0.17446154780088097,0.0387314073741436,0.033123984932899475,0.0,0.0,0.0,0.0
4.639883756637573,-0.4026976227760315,0.018080400303006172,0.0,0.0,-0.0012913644313812256,-0.19265902042388916,0.0,0.0,-0.20011265768971184,-0.17483067129064167,0.038788627833127975,0.036013588309288025,0.0,0.0,0.0,0.0
4.641591548919678,-0.4026976227760315,0.018080400303006172,0.0,0.0,-0.0012913644313812256,-0.19265902042388916,0.0,0.0,-0.2002948319522868,-0.17483545795859703,0.04324262961745262,0.028984569013118744,0.0,0.0,0.0,0.0
4.643036842346191,-0.4026976227760315,0.018080400303006172,0.0,0.0,-0.0012913644313812256,-0.19265902042388916,0.0,0.0,-0.2002948319522868,-0.17483545795859703,0.04324262961745262,0.028984569013118744,0.0,0.0,0.0,0.0
4.6444926261901855,-0.4026976227760315,0.018080400303006172,0.0,0.0,-0.0012913644313812256,-0.19265902042388916,0.0,0.0,-0.2002612667598761,-0.1748977782687738,0.04384341835975647,0.029356513172388077,0.0,0.0,0.0,0.0
4.646097898483276,-0.4026976227760315,0.018080400303006172,0.0,0.0,-0.0012913644313812256,-0.19265902042388916,0.0,0.0,-0.20026606513117612,-0.17529565687630058,0.04507368430495262,0.0341058112680912,0.0,0.0,0.0,0.0
4.647520542144775,-0.4026976227760315,0.018080400303006172,0.0,0.0,-0.0012913644313812256,-0.19265902042388916,0.0,0.0,-0.20026606513117612,-0.17529565687630058,0.04507368430495262,0.0341058112680912,0.0,0.0,0.0,0.0
4.649013042449951,-0.3689260184764862,0.05964409559965134,0.0,0.0,-0.0011891976464539766,-0.1927175372838974,0.0,0.0,-0.20026606513117612,-0.17553054300310772,0.04507368430495262,0.03350501134991646,0.0,0.0,0.0,0.0
4.650440692901611,-0.3689260184764862,0.05964409559965134,0.0,0.0,-0.0011891976464539766,-0.1927175372838974,0.0,0.0,-0.20026606513117612,-0.17553054300310772,0.04507368430495262,0.03350501134991646,0.0,0.0,0.0,0.0
4.651852607727051,-0.3689260184764862,0.05964409559965134,0.0,0.0,-0.0011891976464539766,-0.1927175372838974,0.0,0.0,-0.20034754381651898,-0.17588528308231305,0.04507368430495262,0.03773929923772812,0.0,0.0,0.0,0.0
4.653522253036499,-0.3689260184764862,0.05964409559965134,0.0,0.0,-0.0011891976464539766,-0.1927175372838974,0.0,0.0,-0.2004386426511511,-0.1760626472702434,0.04872378706932068,0.03291696310043335,0.0,0.0,0.0,0.0
4.654977321624756,-0.3689260184764862,0.05964409559965134,0.0,0.0,-0.0011891976464539766,-0.1927175372838974,0.0,0.0,-0.2004386426511511,-0.1760626472702434,0.04872378706932068,0.03291696310043335,0.0,0.0,0.0,0.0
4.656407594680786,-0.3689260184764862,0.05964409559965134,0.0,0.0,-0.0011891976464539766,-0.1927175372838974,0.0,0.0,-0.20053451645039394,-0.17631671517890588,0.04818021506071091,0.03274533152580261,0.0,0.0,0.0,0.0
4.658263206481934,-0.38064301013946533,0.0889045000076294,0.0,0.0,-0.001186828943900764,-0.19278059899806976,0.0,0.0,-0.20062079350703682,-0.17677211572530943,0.04760801047086716,0.03740876913070679,0.0,0.0,0.0,0.0
4.659978866577148,-0.38064301013946533,0.0889045000076294,0.0,0.0,-0.001186828943900764,-0.19278059899806976,0.0,0.0,-0.20062079350703682,-0.17677211572530943,0.04760801047086716,0.03740876913070679,0.0,0.0,0.0,0.0
4.661490201950073,-0.38064301013946533,0.0889045000076294,0.0,0.0,-0.001186828943900764,-0.19278059899806976,0.0,0.0,-0.2005728566074154,-0.1772754531713344,0.04875236377120018,0.04181473329663277,0.0,0.0,0.0,0.0
4.6632726192474365,-0.38064301013946533,0.0889045000076294,0.0,0.0,-0.001186828943900764,-0.19278059899806976,0.0,0.0,-0.2005728566074154,-0.17798012325510043,0.054236505180597305,0.040278904139995575,0.0,0.0,0.0,0.0
4.664763689041138,-0.38064301013946533,0.0889045000076294,0.0,0.0,-0.001186828943900764,-0.19278059899806976,0.0,0.0,-0.2005728566074154,-0.17798012325510043,0.054236505180597305,0.040278904139995575,0.0,0.0,0.0,0.0
4.666179418563843,-0.38064301013946533,0.0889045000076294,0.0,0.0,-0.001186828943900764,-0.19278059899806976,0.0,0.0,-0.20071666730627966,-0.17865123984980041,0.052548445761203766,0.04442738741636276,0.0,0.0,0.0,0.0
4.667615652084351,-0.38064301013946533,0.0889045000076294,0.0,0.0,-0.001186828943900764,-0.19278059899806976,0.0,0.0,-0.20071666730627966,-0.17865123984980041,0.052548445761203766,0.04442738741636276,0.0,0.0,0.0,0.0
4.669179439544678,-0.3787420392036438,0.1355380117893219,0.0,0.0,-0.0011895275674760342,-0.19284550845623016,0.0,0.0,-0.20106659731084037,-0.1795332741214968,0.048085249960422516,0.05269576236605644,0.0,0.0,0.0,0.0
4.671007394790649,-0.3787420392036438,0.1355380117893219,0.0,0.0,-0.0011895275674760342,-0.19284550845623016,0.0,0.0,-0.20135421870856893,-0.18014686877731997,0.04708397388458252,0.05449818819761276,0.0,0.0,0.0,0.0
4.673281908035278,-0.3787420392036438,0.1355380117893219,0.0,0.0,-0.0011895275674760342,-0.19284550845623016,0.0,0.0,-0.20154119134244391,-0.181354876307111,0.052344825118780136,0.05924944952130318,0.0,0.0,0.0,0.0
4.676038026809692,-0.3787420392036438,0.1355380117893219,0.0,0.0,-0.0011895275674760342,-0.19284550845623016,0.0,0.0,-0.2018911213470046,-0.1826252041470788,0.04939793422818184,0.06726033240556717,0.0,0.0,0.0,0.0
4.678707599639893,-0.41846513748168945,0.1447020173072815,0.0,0.0,-0.001300632837228477,-0.19293683767318726,0.0,0.0,-0.20242322561414028,-0.18387156353723588,0.04467722028493881,0.07538562268018723,0.0,0.0,0.0,0.0
4.680921316146851,-0.41846513748168945,0.1447020173072815,0.0,0.0,-0.001300632837228477,-0.19293683767318726,0.0,0.0,-0.20308474546624028,-0.18529050044736795,0.039927951991558075,0.087344691157341,0.0,0.0,0.0,0.0
4.682364225387573,-0.41846513748168945,0.1447020173072815,0.0,0.0,-0.001300632837228477,-0.19293683767318726,0.0,0.0,-0.20308474546624028,-0.18529050044736795,0.039927951991558075,0.087344691157341,0.0,0.0,0.0,0.0
4.683825254440308,-0.41846513748168945,0.1447020173072815,0.0,0.0,-0.001300632837228477,-0.19293683767318726,0.0,0.0,-0.20319978934399383,-0.18653206146622503,0.047102972865104675,0.09158650785684586,0.0,0.0,0.0,0.0
4.685836315155029,-0.41846513748168945,0.1447020173072815,0.0,0.0,-0.001300632837228477,-0.19293683767318726,0.0,0.0,-0.20360247802616524,-0.1880372871363446,0.043784212321043015,0.09702248871326447,0.0,0.0,0.0,0.0
4.688449859619141,-0.5016633868217468,0.07854373008012772,0.0,0.0,-0.0015093451365828514,-0.19307224452495575,0.0,0.0,-0.20394760965942593,-0.18935555187593384,0.04126656800508499,0.10531944781541824,0.0,0.0,0.0,0.0
4.690683126449585,-0.5016633868217468,0.07854373008012772,0.0,0.0,-0.0015093451365828514,-0.19307224452495575,0.0,0.0,-0.20420168927143306,-0.19042933374611593,0.04103768616914749,0.11006874591112137,0.0,0.0,0.0,0.0
4.692715406417847,-0.5016633868217468,0.07854373008012772,0.0,0.0,-0.0015093451365828514,-0.19307224452495575,0.0,0.0,-0.2042639978782652,-0.19138327336724445,0.04643320292234421,0.11042245477437973,0.0,0.0,0.0,0.0
4.694421052932739,-0.5016633868217468,0.07854373008012772,0.0,0.0,-0.0015093451365828514,-0.19307224452495575,0.0,0.0,-0.2042639978782652,-0.19138327336724445,0.04643320292234421,0.11042245477437973,0.0,0.0,0.0,0.0
4.696696043014526,-0.5016633868217468,0.07854373008012772,0.0,0.0,-0.0015093451365828514,-0.19307224452495575,0.0,0.0,-0.2042544011356652,-0.1924762370192819,0.04866491258144379,0.11634475737810135,0.0,0.0,0.0,0.0
4.7002856731414795,-0.6048125624656677,-0.15842895209789276,0.0,0.0,-0.001782180741429329,-0.1933501958847046,0.0,0.0,-0.20409621872959022,-0.19322884400266938,0.04866491258144379,0.11514311283826828,0.0,0.0,0.0,0.0
4.7019712924957275,-0.6048125624656677,-0.15842895209789276,0.0,0.0,-0.001782180741429329,-0.1933501958847046,0.0,0.0,-0.20409621872959022,-0.19322884400266938,0.04866491258144379,0.11514311283826828,0.0,0.0,0.0,0.0
4.7043845653533936,-0.6048125624656677,-0.15842895209789276,0.0,0.0,-0.001782180741429329,-0.1933501958847046,0.0,0.0,-0.20347783740581168,-0.1933247178019122,0.06295214593410492,0.10732172429561615,0.0,0.0,0.0,0.0
4.7070112228393555,-0.6048125624656677,-0.15842895209789276,0.0,0.0,-0.001782180741429329,-0.1933501958847046,0.0,0.0,-0.20284026259683313,-0.19350688036114255,0.06775869429111481,0.10840892046689987,0.0,0.0,0.0,0.0
4.710131406784058,-0.7321162819862366,-0.48018452525138855,0.0,0.0,-0.0021441958379000425,-0.19373470544815063,0.0,0.0,-0.20179524754776176,-0.19351646540039794,0.07285131514072418,0.10674948245286942,0.0,0.0,0.0,0.0
4.7119176387786865,-0.7321162819862366,-0.48018452525138855,0.0,0.0,-0.0021441958379000425,-0.19373470544815063,0.0,0.0,-0.20179524754776176,-0.19351646540039794,0.07285131514072418,0.10674948245286942,0.0,0.0,0.0,0.0
4.71516227722168,-0.7321162819862366,-0.48018452525138855,0.0,0.0,-0.0021441958379000425,-0.19373470544815063,0.0,0.0,-0.2009851186254975,-0.19301792632567294,0.08380576968193054,0.09665547311306,0.0,0.0,0.0,0.0
4.716978073120117,-0.7321162819862366,-0.48018452525138855,0.0,0.0,-0.0021441958379000425,-0.19373470544815063,0.0,0.0,-0.2009851186254975,-0.19301792632567294,0.08380576968193054,0.09665547311306,0.0,0.0,0.0,0.0
4.71864652633667,-0.8584263920783997,-0.609155535697937,0.0,0.0,-0.0025146768894046545,-0.19400790333747864,0.0,0.0,-0.20099949033270822,-0.19285014717699794,0.0798860490322113,0.09571132808923721,0.0,0.0,0.0,0.0
4.720399379730225,-0.8584263920783997,-0.609155535697937,0.0,0.0,-0.0025146768894046545,-0.19400790333747864,0.0,0.0,-0.2009515534330868,-0.19273510329924437,0.07934253662824631,0.09456691890954971,0.0,0.0,0.0,0.0
4.72212815284729,-0.8584263920783997,-0.609155535697937,0.0,0.0,-0.0025146768894046545,-0.19400790333747864,0.0,0.0,-0.2009515534330868,-0.19273510329924437,0.07934253662824631,0.09456691890954971,0.0,0.0,0.0,0.0
4.725417375564575,-0.8584263920783997,-0.609155535697937,0.0,0.0,-0.0025146768894046545,-0.19400790333747864,0.0,0.0,-0.20102825715381895,-0.19274468833849975,0.0847981870174408,0.09122779965400696,0.0,0.0,0.0,0.0
4.7284159660339355,-0.9132575988769531,-0.3596307337284088,0.0,0.0,-0.0027515278197824955,-0.1939837634563446,0.0,0.0,-0.20183838607608318,-0.1926152610501908,0.07404076308012009,0.08965422213077545,0.0,0.0,0.0,0.0
4.730545520782471,-0.9132575988769531,-0.3596307337284088,0.0,0.0,-0.0027515278197824955,-0.1939837634563446,0.0,0.0,-0.20262934491983672,-0.19251458887964798,0.07072195410728455,0.08902481198310852,0.0,0.0,0.0,0.0
4.732396125793457,-0.9132575988769531,-0.3596307337284088,0.0,0.0,-0.0027515278197824955,-0.1939837634563446,0.0,0.0,-0.20262934491983672,-0.19251458887964798,0.07072195410728455,0.08902481198310852,0.0,0.0,0.0,0.0
4.734387159347534,-0.9132575988769531,-0.3596307337284088,0.0,0.0,-0.0027515278197824955,-0.1939837634563446,0.0,0.0,-0.20336756849266882,-0.19241391670910513,0.069027379155159,0.08288150280714035,0.0,0.0,0.0,0.0
4.736176490783691,-0.9132575988769531,-0.3596307337284088,0.0,0.0,-0.0027515278197824955,-0.1939837634563446,0.0,0.0,-0.2041058154721902,-0.19243788515891583,0.06619493663311005,0.08385424315929413,0.0,0.0,0.0,0.0
4.73901104927063,-0.9207638502120972,-0.13174286484718323,0.0,0.0,-0.002865374321117997,-0.19388379156589508,0.0,0.0,-0.20466666315374735,-0.19243788515891583,0.06201781705021858,0.08385424315929413,0.0,0.0,0.0,0.0
4.741018772125244,-0.9207638502120972,-0.13174286484718323,0.0,0.0,-0.002865374321117997,-0.19388379156589508,0.0,0.0,-0.20561102943896514,-0.19243788515891583,0.05635296180844307,0.08385424315929413,0.0,0.0,0.0,0.0
4.742793560028076,-0.9207638502120972,-0.13174286484718323,0.0,0.0,-0.002865374321117997,-0.19388379156589508,0.0,0.0,-0.20561102943896514,-0.19243788515891583,0.05635296180844307,0.08385424315929413,0.0,0.0,0.0,0.0
4.74467134475708,-0.9207638502120972,-0.13174286484718323,0.0,0.0,-0.002865374321117997,-0.19388379156589508,0.0,0.0,-0.20633965626919726,-0.19243788515891583,0.0563957653939724,0.07843206077814102,0.0,0.0,0.0,0.0
4.747365951538086,-0.9207638502120972,-0.13174286484718323,0.0,0.0,-0.002865374321117997,-0.19388379156589508,0.0,0.0,-0.20706350813481866,-0.19243788515891583,0.052161455154418945,0.07843206077814102,0.0,0.0,0.0,0.0
4.751020908355713,-0.9087823033332825,-0.04555290937423706,0.0,0.0,-0.002858636900782585,-0.19383764266967773,0.0,0.0,-0.20904331613319713,-0.19243788515891583,0.039658837020397186,0.07843206077814102,0.0,0.0,0.0,0.0
4.753286361694336,-0.9087823033332825,-0.04555290937423706,0.0,0.0,-0.002858636900782585,-0.19383764266967773,0.0,0.0,-0.21016983327430064,-0.19243788515891583,0.03784449025988579,0.07297857850790024,0.0,0.0,0.0,0.0
4.755392551422119,-0.9087823033332825,-0.04555290937423706,0.0,0.0,-0.002858636900782585,-0.19383764266967773,0.0,0.0,-0.2113394889437256,-0.19243788515891583,0.029261475428938866,0.07297857850790024,0.0,0.0,0.0,0.0
4.75725245475769,-0.9087823033332825,-0.04555290937423706,0.0,0.0,-0.002858636900782585,-0.19383764266967773,0.0,0.0,-0.2113394889437256,-0.19243788515891583,0.029261475428938866,0.07297857850790024,0.0,0.0,0.0,0.0
4.7589874267578125,-0.784774899482727,-0.11649536341428757,0.0,0.0,-0.002593959216028452,-0.19395506381988525,0.0,0.0,-0.21268172213312553,-0.19273988996719973,0.020764237269759178,0.07727016508579254,0.0,0.0,0.0,0.0
4.7607102394104,-0.784774899482727,-0.11649536341428757,0.0,0.0,-0.002593959216028452,-0.19395506381988525,0.0,0.0,-0.2139328798945826,-0.1929268508977301,0.011609019711613655,0.0776134505867958,0.0,0.0,0.0,0.0
4.762182235717773,-0.784774899482727,-0.11649536341428757,0.0,0.0,-0.002593959216028452,-0.19395506381988525,0.0,0.0,-0.2139328798945826,-0.1929268508977301,0.011609019711613655,0.0776134505867958,0.0,0.0,0.0,0.0
4.763657569885254,-0.784774899482727,-0.11649536341428757,0.0,0.0,-0.002593959216028452,-0.19395506381988525,0.0,0.0,-0.2153565917693254,-0.1930946300464051,0.010750236921012402,0.0730942115187645,0.0,0.0,0.0,0.0
4.7653703689575195,-0.784774899482727,-0.11649536341428757,0.0,0.0,-0.002593959216028452,-0.19395506381988525,0.0,0.0,-0.21689057255721103,-0.19320967392415864,-0.001723823486827314,0.07418140769004822,0.0,0.0,0.0,0.0
4.766834259033203,-0.784774899482727,-0.11649536341428757,0.0,0.0,-0.002593959216028452,-0.19395506381988525,0.0,0.0,-0.21689057255721103,-0.19320967392415864,-0.001723823486827314,0.07418140769004822,0.0,0.0,0.0,0.0
4.768445253372192,-0.6752858757972717,-0.2328743040561676,0.0,0.0,-0.0022401835303753614,-0.19416247308254242,0.0,0.0,-0.21813693194736813,-0.19320967392415864,-0.007188376970589161,0.07212146371603012,0.0,0.0,0.0,0.0
4.770010232925415,-0.6752858757972717,-0.2328743040561676,0.0,0.0,-0.0022401835303753614,-0.19416247308254242,0.0,0.0,-0.21813693194736813,-0.19320967392415864,-0.007188376970589161,0.07212146371603012,0.0,0.0,0.0,0.0
4.771653413772583,-0.6752858757972717,-0.2328743040561676,0.0,0.0,-0.0022401835303753614,-0.19416247308254242,0.0,0.0,-0.21943122823714664,-0.19320967392415864,-0.015199242159724236,0.07212146371603012,0.0,0.0,0.0,0.0
4.773361682891846,-0.6752858757972717,-0.2328743040561676,0.0,0.0,-0.0022401835303753614,-0.19416247308254242,0.0,0.0,-0.2204762666929073,-0.19320967392415864,-0.015542957000434399,0.06665729731321335,0.0,0.0,0.0,0.0
4.775219202041626,-0.6752858757972717,-0.2328743040561676,0.0,0.0,-0.0022401835303753614,-0.19416247308254242,0.0,0.0,-0.22143020631403582,-0.19320967392415864,-0.01920498162508011,0.06665729731321335,0.0,0.0,0.0,0.0
4.77695894241333,-0.6752858757972717,-0.2328743040561676,0.0,0.0,-0.0022401835303753614,-0.19416247308254242,0.0,0.0,-0.22143020631403582,-0.19320967392415864,-0.01920498162508011,0.06665729731321335,0.0,0.0,0.0,0.0
4.778565406799316,-0.5296404957771301,-0.39525413513183594,0.0,0.0,-0.0018272270681336522,-0.19440031051635742,0.0,0.0,-0.2222930705072215,-0.19282138035588725,-0.02220916748046875,0.06185079365968704,0.0,0.0,0.0,0.0
4.78026008605957,-0.5296404957771301,-0.39525413513183594,0.0,0.0,-0.0018272270681336522,-0.19440031051635742,0.0,0.0,-0.22282037640305719,-0.19231804290986226,-0.022008784115314484,0.05804560333490372,0.0,0.0,0.0,0.0
4.781889915466309,-0.5296404957771301,-0.39525413513183594,0.0,0.0,-0.0018272270681336522,-0.19440031051635742,0.0,0.0,-0.22282037640305719,-0.19231804290986226,-0.022008784115314484,0.05804560333490372,0.0,0.0,0.0,0.0
4.783424139022827,-0.5296404957771301,-0.39525413513183594,0.0,0.0,-0.0018272270681336522,-0.19440031051635742,0.0,0.0,-0.2232134449359393,-0.19197289957325692,-0.01938580721616745,0.050356388092041016,0.0,0.0,0.0,0.0
4.7855610847473145,-0.5296404957771301,-0.39525413513183594,0.0,0.0,-0.0018272270681336522,-0.19440031051635742,0.0,0.0,-0.22360653687551071,-0.1916948632147837,-0.021388579159975052,0.05101439729332924,0.0,0.0,0.0,0.0
4.7871177196502686,-0.5296404957771301,-0.39525413513183594,0.0,0.0,-0.0018272270681336522,-0.19440031051635742,0.0,0.0,-0.22360653687551071,-0.1916948632147837,-0.021388579159975052,0.05101439729332924,0.0,0.0,0.0,0.0
4.7897562980651855,-0.3769032061100006,-0.6916232705116272,0.0,0.0,-0.0013651378685608506,-0.1947495937347412,0.0,0.0,-0.2239420951728607,-0.19150311561629801,-0.02207525074481964,0.048010386526584625,0.0,0.0,0.0,0.0
4.791898012161255,-0.3769032061100006,-0.6916232705116272,0.0,0.0,-0.0013651378685608506,-0.1947495937347412,0.0,0.0,-0.22393729680156071,-0.19145039204872122,-0.020358610898256302,0.049898646771907806,0.0,0.0,0.0,0.0
4.793389797210693,-0.3769032061100006,-0.6916232705116272,0.0,0.0,-0.0013651378685608506,-0.1947495937347412,0.0,0.0,-0.22388935990193928,-0.19151749902685336,-0.013784458860754967,0.04558756947517395,0.0,0.0,0.0,0.0
4.7953808307647705,-0.3769032061100006,-0.6916232705116272,0.0,0.0,-0.0013651378685608506,-0.1947495937347412,0.0,0.0,-0.22388935990193928,-0.19151749902685336,-0.013784458860754967,0.04558756947517395,0.0,0.0,0.0,0.0
4.79701042175293,-0.3769032061100006,-0.6916232705116272,0.0,0.0,-0.0013651378685608506,-0.1947495937347412,0.0,0.0,-0.22388935990193928,-0.19151749902685336,-0.013784458860754967,0.04558756947517395,0.0,0.0,0.0,0.0
4.80012059211731,-0.24705904722213745,-0.7836456298828125,0.0,0.0,-0.0009242795640602708,-0.19500043988227844,0.0,0.0,-0.22388935990193928,-0.19151749902685336,-0.013784458860754967,0.04558756947517395,0.0,0.0,0.0,0.0
4.80181097984314,-0.24705904722213745,-0.7836456298828125,0.0,0.0,-0.0009242795640602708,-0.19500043988227844,0.0,0.0,-0.22388935990193928,-0.19151749902685336,-0.013784458860754967,0.04558756947517395,0.0,0.0,0.0,0.0
4.804014682769775,-0.24705904722213745,-0.7836456298828125,0.0,0.0,-0.0009242795640602708,-0.19500043988227844,0.0,0.0,-0.22388935990193928,-0.192179030582298,-0.008360110223293304,0.04677079617977142,0.0,0.0,0.0,0.0
4.805511236190796,-0.24705904722213745,-0.7836456298828125,0.0,0.0,-0.0009242795640602708,-0.19500043988227844,0.0,0.0,-0.22388935990193928,-0.1926488145392569,-0.008360110223293304,0.050919290632009506,0.0,0.0,0.0,0.0
4.807586669921875,-0.24705904722213745,-0.7836456298828125,0.0,0.0,-0.0009242795640602708,-0.19500043988227844,0.0,0.0,-0.2235298331547786,-0.19293643593698545,-0.0037252246402204037,0.051834799349308014,0.0,0.0,0.0,0.0
4.809176683425903,-0.15381160378456116,-0.6612809896469116,0.0,0.0,-0.0005644903285428882,-0.19503797590732574,0.0,0.0,-0.2235298331547786,-0.19293643593698545,-0.0037252246402204037,0.051834799349308014,0.0,0.0,0.0,0.0
4.810650825500488,-0.15381160378456116,-0.6612809896469116,0.0,0.0,-0.0005644903285428882,-0.19503797590732574,0.0,0.0,-0.2230073256302429,-0.19320487555285865,-0.0009787543676793575,0.052635885775089264,0.0,0.0,0.0,0.0
4.812588453292847,-0.15381160378456116,-0.6612809896469116,0.0,0.0,-0.0005644903285428882,-0.19503797590732574,0.0,0.0,-0.22244167957738575,-0.19344935842226577,0.009895537048578262,0.048627372831106186,0.0,0.0,0.0,0.0
4.814214706420898,-0.15381160378456116,-0.6612809896469116,0.0,0.0,-0.0005644903285428882,-0.19503797590732574,0.0,0.0,-0.22244167957738575,-0.19344935842226577,0.009895537048578262,0.048627372831106186,0.0,0.0,0.0,0.0
4.816223859786987,-0.15381160378456116,-0.6612809896469116,0.0,0.0,-0.0005644903285428882,-0.19503797590732574,0.0,0.0,-0.22183287158951795,-0.19371780974148362,0.015474557876586914,0.05031534656882286,0.0,0.0,0.0,0.0
4.817713975906372,-0.15381160378456116,-0.6612809896469116,0.0,0.0,-0.0005644903285428882,-0.19503797590732574,0.0,0.0,-0.22141581120013581,-0.19397666431810145,0.014673558063805103,0.05048702657222748,0.0,0.0,0.0,0.0
4.819226264953613,-0.16450048983097076,-0.5421831607818604,0.0,0.0,-0.0005195861449465156,-0.1950438916683197,0.0,0.0,-0.22141581120013581,-0.19397666431810145,0.014673558063805103,0.05048702657222748,0.0,0.0,0.0,0.0
4.82082462310791,-0.16450048983097076,-0.5421831607818604,0.0,0.0,-0.0005195861449465156,-0.1950438916683197,0.0,0.0,-0.22098917747484298,-0.19424990230527467,0.017620354890823364,0.05349111184477806,0.0,0.0,0.0,0.0
4.8222739696502686,-0.16450048983097076,-0.5421831607818604,0.0,0.0,-0.0005195861449465156,-0.1950438916683197,0.0,0.0,-0.22084056840467872,-0.19462861083429073,0.023150509223341942,0.049679022282361984,0.0,0.0,0.0,0.0
4.823760747909546,-0.16450048983097076,-0.5421831607818604,0.0,0.0,-0.0005195861449465156,-0.1950438916683197,0.0,0.0,-0.22084056840467872,-0.19462861083429073,0.023150509223341942,0.049679022282361984,0.0,0.0,0.0,0.0
4.825230598449707,-0.16450048983097076,-0.5421831607818604,0.0,0.0,-0.0005195861449465156,-0.1950438916683197,0.0,0.0,-0.220648820806193,-0.19507921300939426,0.024867122992873192,0.055000513792037964,0.0,0.0,0.0,0.0
4.827054977416992,-0.16450048983097076,-0.5421831607818604,0.0,0.0,-0.0005195861449465156,-0.1950438916683197,0.0,0.0,-0.22059610894196086,-0.19552981518449783,0.023007430136203766,0.057346537709236145,0.0,0.0,0.0,0.0
4.828557968139648,-0.21988140046596527,-0.5409787893295288,0.0,0.0,-0.000630135415121913,-0.19510547816753387,0.0,0.0,-0.22059610894196086,-0.19552981518449783,0.023007430136203766,0.057346537709236145,0.0,0.0,0.0,0.0
4.830036640167236,-0.21988140046596527,-0.5409787893295288,0.0,0.0,-0.000630135415121913,-0.19510547816753387,0.0,0.0,-0.22058651219936085,-0.19601878092331207,0.02226359210908413,0.060407888144254684,0.0,0.0,0.0,0.0
4.831753969192505,-0.21988140046596527,-0.5409787893295288,0.0,0.0,-0.000630135415121913,-0.19510547816753387,0.0,0.0,-0.22058651219936085,-0.19634954084936207,0.027753321453928947,0.05591880530118942,0.0,0.0,0.0,0.0
4.833333730697632,-0.21988140046596527,-0.5409787893295288,0.0,0.0,-0.000630135415121913,-0.19510547816753387,0.0,0.0,-0.22058651219936085,-0.19634954084936207,0.027753321453928947,0.05591880530118942,0.0,0.0,0.0,0.0
4.834755897521973,-0.21988140046596527,-0.5409787893295288,0.0,0.0,-0.000630135415121913,-0.19510547816753387,0.0,0.0,-0.22058651219936085,-0.19683850658817634,0.027753321453928947,0.05952373519539833,0.0,0.0,0.0,0.0
4.836254835128784,-0.21988140046596527,-0.5409787893295288,0.0,0.0,-0.000630135415121913,-0.19510547816753387,0.0,0.0,-0.22058651219936085,-0.19683850658817634,0.027753321453928947,0.05952373519539833,0.0,0.0,0.0,0.0
4.83767294883728,-0.21988140046596527,-0.5409787893295288,0.0,0.0,-0.000630135415121913,-0.19510547816753387,0.0,0.0,-0.22099397584614297,-0.1969391553520299,0.022918246686458588,0.05777851119637489,0.0,0.0,0.0,0.0
4.839776039123535,-0.33881551027297974,-0.3167942464351654,0.0,0.0,-0.0009347929735668004,-0.1950502097606659,0.0,0.0,-0.2213774710431144,-0.19743771783344416,0.01982831582427025,0.06161228194832802,0.0,0.0,0.0,0.0
4.841248989105225,-0.33881551027297974,-0.3167942464351654,0.0,0.0,-0.0009347929735668004,-0.1950502097606659,0.0,0.0,-0.2213774710431144,-0.19743771783344416,0.01982831582427025,0.06161228194832802,0.0,0.0,0.0,0.0
4.842610120773315,-0.33881551027297974,-0.3167942464351654,0.0,0.0,-0.0009347929735668004,-0.1950502097606659,0.0,0.0,-0.22180410476840723,-0.19776367938819414,0.02276044338941574,0.058881811797618866,0.0,0.0,0.0,0.0
4.843976736068726,-0.33881551027297974,-0.3167942464351654,0.0,0.0,-0.0009347929735668004,-0.1950502097606659,0.0,0.0,-0.22180410476840723,-0.19776367938819414,0.02276044338941574,0.058881811797618866,0.0,0.0,0.0,0.0
4.845326900482178,-0.33881551027297974,-0.3167942464351654,0.0,0.0,-0.0009347929735668004,-0.1950502097606659,0.0,0.0,-0.2222786753933215,-0.19782121303041555,0.01898389309644699,0.05805211886763573,0.0,0.0,0.0,0.0
4.847127199172974,-0.33881551027297974,-0.3167942464351654,0.0,0.0,-0.0009347929735668004,-0.1950502097606659,0.0,0.0,-0.22261903206197148,-0.19803692907871198,0.017896704375743866,0.05885328724980354,0.0,0.0,0.0,0.0
4.848534822463989,-0.4111098349094391,-0.27289748191833496,0.0,0.0,-0.0011830872390419245,-0.19505856931209564,0.0,0.0,-0.22261903206197148,-0.19803692907871198,0.017896704375743866,0.05885328724980354,0.0,0.0,0.0,0.0
4.850083589553833,-0.4111098349094391,-0.27289748191833496,0.0,0.0,-0.0011830872390419245,-0.19505856931209564,0.0,0.0,-0.22280598128915718,-0.19813757784256555,0.018726401031017303,0.05994041636586189,0.0,0.0,0.0,0.0
4.851528882980347,-0.4111098349094391,-0.27289748191833496,0.0,0.0,-0.0011830872390419245,-0.19505856931209564,0.0,0.0,-0.22280598128915718,-0.19813757784256555,0.018726401031017303,0.05994041636586189,0.0,0.0,0.0,0.0
4.853044271469116,-0.4111098349094391,-0.27289748191833496,0.0,0.0,-0.0011830872390419245,-0.19505856931209564,0.0,0.0,-0.2230312940800536,-0.19811840776405484,0.022473949939012527,0.05224447324872017,0.0,0.0,0.0,0.0
4.854731321334839,-0.4111098349094391,-0.27289748191833496,0.0,0.0,-0.0011830872390419245,-0.19505856931209564,0.0,0.0,-0.22296898547322144,-0.19811840776405484,0.024448057636618614,0.05224447324872017,0.0,0.0,0.0,0.0
4.85685133934021,-0.4111098349094391,-0.27289748191833496,0.0,0.0,-0.0011830872390419245,-0.19505856931209564,0.0,0.0,-0.2230648592724643,-0.19781641465911556,0.023046238347887993,0.04795296862721443,0.0,0.0,0.0,0.0
4.8583292961120605,-0.44923320412635803,-0.28714996576309204,0.0,0.0,-0.0013613856863230467,-0.19515027105808258,0.0,0.0,-0.2230648592724643,-0.19781641465911556,0.023046238347887993,0.04795296862721443,0.0,0.0,0.0,0.0
4.860551118850708,-0.44923320412635803,-0.28714996576309204,0.0,0.0,-0.0013613856863230467,-0.19515027105808258,0.0,0.0,-0.22316073307170717,-0.19741852434824417,0.02250267192721367,0.04474862292408943,0.0,0.0,0.0,0.0
4.862434148788452,-0.44923320412635803,-0.28714996576309204,0.0,0.0,-0.0013613856863230467,-0.19515027105808258,0.0,0.0,-0.22325660687095,-0.19734661899881203,0.02736613340675831,0.04008537903428078,0.0,0.0,0.0,0.0
4.863978862762451,-0.44923320412635803,-0.28714996576309204,0.0,0.0,-0.0013613856863230467,-0.19515027105808258,0.0,0.0,-0.22325660687095,-0.19734661899881203,0.02736613340675831,0.04008537903428078,0.0,0.0,0.0,0.0
4.865505933761597,-0.44923320412635803,-0.28714996576309204,0.0,0.0,-0.0013613856863230467,-0.19515027105808258,0.0,0.0,-0.2232757769494607,-0.19710215953609417,0.026736652478575706,0.039084021002054214,0.0,0.0,0.0,0.0
4.867662668228149,-0.44923320412635803,-0.28714996576309204,0.0,0.0,-0.0013613856863230467,-0.19515027105808258,0.0,0.0,-0.2232757769494607,-0.19691518690221918,0.028052691370248795,0.03934156522154808,0.0,0.0,0.0,0.0
4.86920690536499,-0.3968006670475006,-0.3542008697986603,0.0,0.0,-0.0012931223027408123,-0.19529715180397034,0.0,0.0,-0.2232757769494607,-0.19691518690221918,0.028052691370248795,0.03934156522154808,0.0,0.0,0.0,0.0
4.870685815811157,-0.3968006670475006,-0.3542008697986603,0.0,0.0,-0.0012931223027408123,-0.19529715180397034,0.0,0.0,-0.2232757769494607,-0.19672343930373348,0.028052691370248795,0.03682383894920349,0.0,0.0,0.0,0.0
4.872614860534668,-0.3968006670475006,-0.3542008697986603,0.0,0.0,-0.0012931223027408123,-0.19529715180397034,0.0,0.0,-0.2232757769494607,-0.19667550240411205,0.0335453562438488,0.03187413141131401,0.0,0.0,0.0,0.0
4.874110221862793,-0.3968006670475006,-0.3542008697986603,0.0,0.0,-0.0012931223027408123,-0.19529715180397034,0.0,0.0,-0.2232757769494607,-0.19667550240411205,0.0335453562438488,0.03187413141131401,0.0,0.0,0.0,0.0
4.875569820404053,-0.3968006670475006,-0.3542008697986603,0.0,0.0,-0.0012931223027408123,-0.19529715180397034,0.0,0.0,-0.2234435560981357,-0.1967330360463335,0.0317428819835186,0.03304712101817131,0.0,0.0,0.0,0.0
4.877066612243652,-0.3968006670475006,-0.3542008697986603,0.0,0.0,-0.0012931223027408123,-0.19529715180397034,0.0,0.0,-0.2234435560981357,-0.1967330360463335,0.0317428819835186,0.03304712101817131,0.0,0.0,0.0,0.0
4.878932237625122,-0.3942021429538727,-0.25130942463874817,0.0,0.0,-0.00125510198995471,-0.19535143673419952,0.0,0.0,-0.223755145945675,-0.1967330360463335,0.0281952153891325,0.03304712101817131,0.0,0.0,0.0,0.0
4.880581617355347,-0.3942021429538727,-0.25130942463874817,0.0,0.0,-0.00125510198995471,-0.19535143673419952,0.0,0.0,-0.2238845615306393,-0.1969775189157406,0.027794785797595978,0.03304712101817131,0.0,0.0,0.0,0.0
4.882045745849609,-0.3942021429538727,-0.25130942463874817,0.0,0.0,-0.00125510198995471,-0.19535143673419952,0.0,0.0,-0.2238845615306393,-0.1969775189157406,0.027794785797595978,0.03304712101817131,0.0,0.0,0.0,0.0
4.883608102798462,-0.3942021429538727,-0.25130942463874817,0.0,0.0,-0.00125510198995471,-0.19535143673419952,0.0,0.0,-0.2241578112211571,-0.19753836659729773,0.03208603709936142,0.036308031529188156,0.0,0.0,0.0,0.0
4.88510537147522,-0.3942021429538727,-0.25130942463874817,0.0,0.0,-0.00125510198995471,-0.19535143673419952,0.0,0.0,-0.2241578112211571,-0.19753836659729773,0.03208603709936142,0.036308031529188156,0.0,0.0,0.0,0.0
4.88655161857605,-0.3942021429538727,-0.25130942463874817,0.0,0.0,-0.00125510198995471,-0.19535143673419952,0.0,0.0,-0.2245029662611071,-0.1978259879950263,0.02913929708302021,0.03796742483973503,0.0,0.0,0.0,0.0
4.8884360790252686,-0.34600135684013367,-0.11412233114242554,0.0,0.0,-0.0011514551006257534,-0.1953255832195282,0.0,0.0,-0.22479536262344638,-0.19798419380779056,0.027394045144319534,0.03670857474207878,0.0,0.0,0.0,0.0
4.890029430389404,-0.34600135684013367,-0.11412233114242554,0.0,0.0,-0.0011514551006257534,-0.1953255832195282,0.0,0.0,-0.22479536262344638,-0.19798419380779056,0.027394045144319534,0.03670857474207878,0.0,0.0,0.0,0.0
4.891473770141602,-0.34600135684013367,-0.11412233114242554,0.0,0.0,-0.0011514551006257534,-0.1953255832195282,0.0,0.0,-0.2248480978943678,-0.19811840776405484,0.02873866818845272,0.037967536598443985,0.0,0.0,0.0,0.0
4.893033504486084,-0.34600135684013367,-0.11412233114242554,0.0,0.0,-0.0011514551006257534,-0.1953255832195282,0.0,0.0,-0.2248480978943678,-0.19811840776405484,0.02873866818845272,0.037967536598443985,0.0,0.0,0.0,0.0
4.895115613937378,-0.34600135684013367,-0.11412233114242554,0.0,0.0,-0.0011514551006257534,-0.1953255832195282,0.0,0.0,-0.22509737913507494,-0.19820470822738698,0.03184561803936958,0.030481768772006035,0.0,0.0,0.0,0.0
4.896640062332153,-0.34600135684013367,-0.11412233114242554,0.0,0.0,-0.0011514551006257534,-0.1953255832195282,0.0,0.0,-0.22516448611320708,-0.19830535699124055,0.03227471560239792,0.03239865601062775,0.0,0.0,0.0,0.0
4.89890193939209,-0.3348909020423889,0.017122872173786163,0.0,0.0,-0.001083824667148292,-0.19529026746749878,0.0,0.0,-0.22511654921358565,-0.19869365055951196,0.03339057043194771,0.036318339407444,0.0,0.0,0.0,0.0
4.900745630264282,-0.3348909020423889,0.017122872173786163,0.0,0.0,-0.001083824667148292,-0.19529026746749878,0.0,0.0,-0.22511654921358565,-0.19869365055951196,0.03339057043194771,0.036318339407444,0.0,0.0,0.0,0.0
4.902989625930786,-0.3348909020423889,0.017122872173786163,0.0,0.0,-0.001083824667148292,-0.19529026746749878,0.0,0.0,-0.22511654921358565,-0.19875118420173338,0.0388689823448658,0.029611041769385338,0.0,0.0,0.0,0.0
4.904731273651123,-0.3348909020423889,0.017122872173786163,0.0,0.0,-0.001083824667148292,-0.19529026746749878,0.0,0.0,-0.22523159309133922,-0.19873201412322267,0.03738125041127205,0.028667015954852104,0.0,0.0,0.0,0.0
4.9064717292785645,-0.3348909020423889,0.017122872173786163,0.0,0.0,-0.001083824667148292,-0.19529026746749878,0.0,0.0,-0.22532266851928207,-0.19889019652929765,0.0368090458214283,0.030412213876843452,0.0,0.0,0.0,0.0
4.9082558155059814,-0.3502490222454071,-0.03661208599805832,0.0,0.0,-0.0010824915952980518,-0.19538584351539612,0.0,0.0,-0.22532266851928207,-0.19889019652929765,0.0368090458214283,0.030412213876843452,0.0,0.0,0.0,0.0
4.910497426986694,-0.3502490222454071,-0.03661208599805832,0.0,0.0,-0.0010824915952980518,-0.19538584351539612,0.0,0.0,-0.22561028991701063,-0.19919218963423693,0.03486352041363716,0.033902607858181,0.0,0.0,0.0,0.0
4.912658929824829,-0.3502490222454071,-0.03661208599805832,0.0,0.0,-0.0010824915952980518,-0.19538584351539612,0.0,0.0,-0.2257828674369856,-0.19938393723272266,0.03868846222758293,0.028704555705189705,0.0,0.0,0.0,0.0
4.915011167526245,-0.3502490222454071,-0.03661208599805832,0.0,0.0,-0.0010824915952980518,-0.19538584351539612,0.0,0.0,-0.2259266781358499,-0.19957568483120836,0.037887293845415115,0.029848964884877205,0.0,0.0,0.0,0.0
4.916973114013672,-0.3502490222454071,-0.03661208599805832,0.0,0.0,-0.0010824915952980518,-0.19538584351539612,0.0,0.0,-0.22604172201360345,-0.2002276313473976,0.036685746163129807,0.036143187433481216,0.0,0.0,0.0,0.0
4.919187545776367,-0.31877613067626953,0.014173545874655247,0.0,0.0,-0.0010562741663306952,-0.19547389447689056,0.0,0.0,-0.22613759581284631,-0.2005871580945583,0.03742958605289459,0.03748783841729164,0.0,0.0,0.0,0.0
4.921254634857178,-0.31877613067626953,0.014173545874655247,0.0,0.0,-0.0010562741663306952,-0.19547389447689056,0.0,0.0,-0.22622869464747844,-0.20077890569304402,0.04227306693792343,0.032415445894002914,0.0,0.0,0.0,0.0
4.923034906387329,-0.31877613067626953,0.014173545874655247,0.0,0.0,-0.0010562741663306952,-0.19547389447689056,0.0,0.0,-0.22622869464747844,-0.20077890569304402,0.04227306693792343,0.032415445894002914,0.0,0.0,0.0,0.0
4.925256729125977,-0.31877613067626953,0.014173545874655247,0.0,0.0,-0.0010562741663306952,-0.19547389447689056,0.0,0.0,-0.2263245684467213,-0.20118636933982612,0.04172950237989426,0.03576284274458885,0.0,0.0,0.0,0.0
4.92732310295105,-0.31877613067626953,0.014173545874655247,0.0,0.0,-0.0010562741663306952,-0.19547389447689056,0.0,0.0,-0.22655945457352844,-0.20165136662882968,0.03946923837065697,0.03790861368179321,0.0,0.0,0.0,0.0
4.929126501083374,-0.33736956119537354,0.08143714815378189,0.0,0.0,-0.0010949259158223867,-0.1955099105834961,0.0,0.0,-0.22682310752144627,-0.20194856136246894,0.03706592321395874,0.03902430087327957,0.0,0.0,0.0,0.0
4.930810928344727,-0.33736956119537354,0.08143714815378189,0.0,0.0,-0.0010949259158223867,-0.1955099105834961,0.0,0.0,-0.22701005674863198,-0.20266761485679036,0.03683704137802124,0.0470924936234951,0.0,0.0,0.0,0.0
4.9322192668914795,-0.33736956119537354,0.08143714815378189,0.0,0.0,-0.0010949259158223867,-0.1955099105834961,0.0,0.0,-0.22701005674863198,-0.20266761485679036,0.03683704137802124,0.0470924936234951,0.0,0.0,0.0,0.0
4.933819532394409,-0.33736956119537354,0.08143714815378189,0.0,0.0,-0.0010949259158223867,-0.1955099105834961,0.0,0.0,-0.2272209744256284,-0.20317095230281532,0.04103386029601097,0.04166607931256294,0.0,0.0,0.0,0.0
4.935272693634033,-0.33736956119537354,0.08143714815378189,0.0,0.0,-0.0010949259158223867,-0.1955099105834961,0.0,0.0,-0.2272209744256284,-0.20317095230281532,0.04103386029601097,0.04166607931256294,0.0,0.0,0.0,0.0
4.936727285385132,-0.33736956119537354,0.08143714815378189,0.0,0.0,-0.0010949259158223867,-0.1955099105834961,0.0,0.0,-0.22740792365281412,-0.20408655176692242,0.039860811084508896,0.049419451504945755,0.0,0.0,0.0,0.0
4.9388344287872314,-0.3458828926086426,0.07532487064599991,0.0,0.0,-0.0011099008843302727,-0.19559413194656372,0.0,0.0,-0.22770514179314266,-0.20470973146200097,0.03734322637319565,0.05382540076971054,0.0,0.0,0.0,0.0
4.9410459995269775,-0.3458828926086426,0.07532487064599991,0.0,0.0,-0.0011099008843302727,-0.19559413194656372,0.0,0.0,-0.22807426528290337,-0.20579790844608303,0.03964327275753021,0.057905491441488266,0.0,0.0,0.0,0.0
4.94308876991272,-0.3458828926086426,0.07532487064599991,0.0,0.0,-0.0011099008843302727,-0.19559413194656372,0.0,0.0,-0.22807426528290337,-0.20579790844608303,0.03964327275753021,0.057905491441488266,0.0,0.0,0.0,0.0
4.945472240447998,-0.3458828926086426,0.07532487064599991,0.0,0.0,-0.0011099008843302727,-0.19559413194656372,0.0,0.0,-0.22843856699467477,-0.20688606202347587,0.03746886923909187,0.06554441899061203,0.0,0.0,0.0,0.0
4.948244094848633,-0.3956105709075928,0.05692485719919205,0.0,0.0,-0.0012291804887354374,-0.19570349156856537,0.0,0.0,-0.22970889483464257,-0.209551358323765,0.026568425819277763,0.0821668803691864,0.0,0.0,0.0,0.0
4.949780464172363,-0.3956105709075928,0.05692485719919205,0.0,0.0,-0.0012291804887354374,-0.19570349156856537,0.0,0.0,-0.22970889483464257,-0.209551358323765,0.026568425819277763,0.0821668803691864,0.0,0.0,0.0,0.0
4.951406717300415,-0.3956105709075928,0.05692485719919205,0.0,0.0,-0.0012291804887354374,-0.19570349156856537,0.0,0.0,-0.23020745731605682,-0.21106137066183994,0.03051353618502617,0.08789146691560745,0.0,0.0,0.0,0.0
4.952923059463501,-0.3956105709075928,0.05692485719919205,0.0,0.0,-0.0012291804887354374,-0.19570349156856537,0.0,0.0,-0.23020745731605682,-0.21106137066183994,0.03051353618502617,0.08789146691560745,0.0,0.0,0.0,0.0
4.95468282699585,-0.3956105709075928,0.05692485719919205,0.0,0.0,-0.0012291804887354374,-0.19570349156856537,0.0,0.0,-0.23074433654780324,-0.21222145299535417,0.028768369928002357,0.09361349046230316,0.0,0.0,0.0,0.0
4.956153154373169,-0.3956105709075928,0.05692485719919205,0.0,0.0,-0.0012291804887354374,-0.19570349156856537,0.0,0.0,-0.2312860375575389,-0.21349178083532197,0.024419615045189857,0.10379879176616669,0.0,0.0,0.0,0.0
4.957632541656494,-0.3956105709075928,0.05692485719919205,0.0,0.0,-0.0012291804887354374,-0.19570349156856537,0.0,0.0,-0.2312860375575389,-0.21349178083532197,0.024419615045189857,0.10379879176616669,0.0,0.0,0.0,0.0
4.959212064743042,-0.42225825786590576,-0.002884160727262497,0.0,0.0,-0.0013367811916396022,-0.19586068391799927,0.0,0.0,-0.2314202515138032,-0.21469020332585761,0.02593587152659893,0.1083478033542633,0.0,0.0,0.0,0.0
4.960725784301758,-0.42225825786590576,-0.002884160727262497,0.0,0.0,-0.0013367811916396022,-0.19586068391799927,0.0,0.0,-0.2314202515138032,-0.21469020332585761,0.02593587152659893,0.1083478033542633,0.0,0.0,0.0,0.0
4.963158130645752,-0.42225825786590576,-0.002884160727262497,0.0,0.0,-0.0013367811916396022,-0.19586068391799927,0.0,0.0,-0.2316167974835889,-0.21597010450173615,0.025535302236676216,0.11527140438556671,0.0,0.0,0.0,0.0
4.966450214385986,-0.42225825786590576,-0.002884160727262497,0.0,0.0,-0.0013367811916396022,-0.19586068391799927,0.0,0.0,-0.2315592638413675,-0.21656931574700397,0.03309636563062668,0.10619471967220306,0.0,0.0,0.0,0.0
4.96926736831665,-0.5272629857063293,-0.2516368329524994,0.0,0.0,-0.0015835154335945845,-0.19612936675548553,0.0,0.0,-0.2312428756225282,-0.21657411411830396,0.037387870252132416,0.10330507904291153,0.0,0.0,0.0,0.0
4.9709203243255615,-0.5272629857063293,-0.2516368329524994,0.0,0.0,-0.0015835154335945845,-0.19612936675548553,0.0,0.0,-0.2312428756225282,-0.21657411411830396,0.037387870252132416,0.10330507904291153,0.0,0.0,0.0,0.0
4.97257399559021,-0.5272629857063293,-0.2516368329524994,0.0,0.0,-0.0015835154335945845,-0.19612936675548553,0.0,0.0,-0.23029373437269968,-0.21652617721868253,0.05141532048583031,0.09674420952796936,0.0,0.0,0.0,0.0
4.97406005859375,-0.5272629857063293,-0.2516368329524994,0.0,0.0,-0.0015835154335945845,-0.19612936675548553,0.0,0.0,-0.22953634072135684,-0.21652617721868253,0.05748068913817406,0.09674420952796936,0.0,0.0,0.0,0.0
4.9756178855896,-0.5272629857063293,-0.2516368329524994,0.0,0.0,-0.0015835154335945845,-0.19612936675548553,0.0,0.0,-0.22953634072135684,-0.21652617721868253,0.05748068913817406,0.09674420952796936,0.0,0.0,0.0,0.0
4.977370738983154,-0.5272629857063293,-0.2516368329524994,0.0,0.0,-0.0015835154335945845,-0.19612936675548553,0.0,0.0,-0.22874058350630333,-0.21652617721868253,0.062001053243875504,0.09674420952796936,0.0,0.0,0.0,0.0
4.979158639907837,-0.6282659769058228,-0.5844119191169739,0.0,0.0,-0.0018846538150683045,-0.19654616713523865,0.0,0.0,-0.2281893091606569,-0.21597490287303614,0.06300238519906998,0.09142270684242249,0.0,0.0,0.0,0.0
4.981215238571167,-0.6282659769058228,-0.5844119191169739,0.0,0.0,-0.0018846538150683045,-0.19654616713523865,0.0,0.0,-0.2277770471425748,-0.21568728147530758,0.07069828361272812,0.08372616022825241,0.0,0.0,0.0,0.0
4.98285436630249,-0.6282659769058228,-0.5844119191169739,0.0,0.0,-0.0018846538150683045,-0.19654616713523865,0.0,0.0,-0.2277770471425748,-0.21568728147530758,0.07069828361272812,0.08372616022825241,0.0,0.0,0.0,0.0
4.984688758850098,-0.6282659769058228,-0.5844119191169739,0.0,0.0,-0.0018846538150683045,-0.19654616713523865,0.0,0.0,-0.22734081667468198,-0.2155434707764433,0.07247208803892136,0.08384066075086594,0.0,0.0,0.0,0.0
4.986372947692871,-0.6282659769058228,-0.5844119191169739,0.0,0.0,-0.0018846538150683045,-0.19654616713523865,0.0,0.0,-0.22734081667468198,-0.2155434707764433,0.07247208803892136,0.08384066075086594,0.0,0.0,0.0,0.0
4.988962650299072,-0.7135274410247803,-0.6701355576515198,0.0,0.0,-0.0022184366825968027,-0.19681710004806519,0.0,0.0,-0.22709633380527483,-0.21544279860590046,0.0734735056757927,0.08263897150754929,0.0,0.0,0.0,0.0
4.991113901138306,-0.7135274410247803,-0.6701355576515198,0.0,0.0,-0.0022184366825968027,-0.19681710004806519,0.0,0.0,-0.2270388235697427,-0.21544759697720045,0.07178550213575363,0.08487053960561752,0.0,0.0,0.0,0.0
4.992655515670776,-0.7135274410247803,-0.6701355576515198,0.0,0.0,-0.0022184366825968027,-0.19681710004806519,0.0,0.0,-0.2270292268271427,-0.21544759697720045,0.0764288529753685,0.07945555448532104,0.0,0.0,0.0,0.0
4.995030641555786,-0.7135274410247803,-0.6701355576515198,0.0,0.0,-0.0022184366825968027,-0.19681710004806519,0.0,0.0,-0.2270292268271427,-0.21579275201715042,0.0764288529753685,0.08400466293096542,0.0,0.0,0.0,0.0
4.996578931808472,-0.7135274410247803,-0.6701355576515198,0.0,0.0,-0.0022184366825968027,-0.19681710004806519,0.0,0.0,-0.2270292268271427,-0.21579275201715042,0.0764288529753685,0.08400466293096542,0.0,0.0,0.0,0.0
4.998363494873047,-0.7883124351501465,-0.34764090180397034,0.0,0.0,-0.0024284967221319675,-0.1967102736234665,0.0,0.0,-0.22788729264902838,-0.21646386861185038,0.06730221211910248,0.08966945856809616,0.0,0.0,0.0,0.0
4.999973773956299,-0.7883124351501465,-0.34764090180397034,0.0,0.0,-0.0024284967221319675,-0.1967102736234665,0.0,0.0,-0.22788729264902838,-0.21646386861185038,0.06730221211910248,0.08966945856809616,0.0,0.0,0.0,0.0
5.001874685287476,-0.7883124351501465,-0.34764090180397034,0.0,0.0,-0.0024284967221319675,-0.1967102736234665,0.0,0.0,-0.22879331877722475,-0.21661247768201466,0.05926274135708809,0.08801001310348511,0.0,0.0,0.0,0.0
5.003502607345581,-0.7883124351501465,-0.34764090180397034,0.0,0.0,-0.0024284967221319675,-0.1967102736234665,0.0,0.0,-0.22903777823994262,-0.21679462853790038,0.06666094064712524,0.0837300717830658,0.0,0.0,0.0,0.0
5.005457401275635,-0.7883124351501465,-0.34764090180397034,0.0,0.0,-0.0024284967221319675,-0.1967102736234665,0.0,0.0,-0.2293973049871033,-0.2168713322586325,0.06440076231956482,0.08332961052656174,0.0,0.0,0.0,0.0
5.006917953491211,-0.7883124351501465,-0.34764090180397034,0.0,0.0,-0.0024284967221319675,-0.1967102736234665,0.0,0.0,-0.2293973049871033,-0.2168713322586325,0.06440076231956482,0.08332961052656174,0.0,0.0,0.0,0.0
5.009558916091919,-0.796553373336792,-0.09320272505283356,0.0,0.0,-0.0025455006398260593,-0.19653421640396118,0.0,0.0,-0.229766428476864,-0.2168329686949218,0.06231227144598961,0.08229953795671463,0.0,0.0,0.0,0.0
5.011934757232666,-0.796553373336792,-0.09320272505283356,0.0,0.0,-0.0025455006398260593,-0.19653421640396118,0.0,0.0,-0.22995817607534969,-0.2168329686949218,0.061968978494405746,0.08229953795671463,0.0,0.0,0.0,0.0
5.015430212020874,-0.796553373336792,-0.09320272505283356,0.0,0.0,-0.0025455006398260593,-0.19653421640396118,0.0,0.0,-0.23093608414628894,-0.2168329686949218,0.05994332209229469,0.07688803970813751,0.0,0.0,0.0,0.0
5.016869068145752,-0.796553373336792,-0.09320272505283356,0.0,0.0,-0.0025455006398260593,-0.19653421640396118,0.0,0.0,-0.23093608414628894,-0.2168329686949218,0.05994332209229469,0.07688803970813751,0.0,0.0,0.0,0.0
5.018558740615845,-0.7934828996658325,-0.017199113965034485,0.0,0.0,-0.002566434908658266,-0.19651155173778534,0.0,0.0,-0.23140587980659247,-0.2168329686949218,0.05834106728434563,0.07688803970813751,0.0,0.0,0.0,0.0
5.020291090011597,-0.7934828996658325,-0.017199113965034485,0.0,0.0,-0.002566434908658266,-0.19651155173778534,0.0,0.0,-0.23188524880280675,-0.2168329686949218,0.054278414696455,0.07688803970813751,0.0,0.0,0.0,0.0
5.021846771240234,-0.7934828996658325,-0.017199113965034485,0.0,0.0,-0.002566434908658266,-0.19651155173778534,0.0,0.0,-0.23188524880280675,-0.2168329686949218,0.054278414696455,0.07688803970813751,0.0,0.0,0.0,0.0
5.024001598358154,-0.7934828996658325,-0.017199113965034485,0.0,0.0,-0.002566434908658266,-0.19651155173778534,0.0,0.0,-0.232518001833796,-0.2168329686949218,0.05445001274347305,0.07147933542728424,0.0,0.0,0.0,0.0
5.0255513191223145,-0.7934828996658325,-0.017199113965034485,0.0,0.0,-0.002566434908658266,-0.19651155173778534,0.0,0.0,-0.23296860400889957,-0.2168329686949218,0.054421406239271164,0.07147933542728424,0.0,0.0,0.0,0.0
5.028135061264038,-0.7530132532119751,-0.1628059297800064,0.0,0.0,-0.002476242370903492,-0.19672101736068726,0.0,0.0,-0.23366368905341026,-0.2168329686949218,0.047268740832805634,0.07147933542728424,0.0,0.0,0.0,0.0
5.029664516448975,-0.7530132532119751,-0.1628059297800064,0.0,0.0,-0.002476242370903492,-0.19672101736068726,0.0,0.0,-0.23366368905341026,-0.2168329686949218,0.047268740832805634,0.07147933542728424,0.0,0.0,0.0,0.0
5.031797170639038,-0.7530132532119751,-0.1628059297800064,0.0,0.0,-0.002476242370903492,-0.19672101736068726,0.0,0.0,-0.2343587740979209,-0.2168329686949218,0.043120257556438446,0.07147933542728424,0.0,0.0,0.0,0.0
5.0339131355285645,-0.7530132532119751,-0.1628059297800064,0.0,0.0,-0.002476242370903492,-0.19672101736068726,0.0,0.0,-0.2352552034835173,-0.2168329686949218,0.041546523571014404,0.06604506820440292,0.0,0.0,0.0,0.0
5.035780668258667,-0.7530132532119751,-0.1628059297800064,0.0,0.0,-0.002476242370903492,-0.19672101736068726,0.0,0.0,-0.23620434473334584,-0.2168329686949218,0.03505200147628784,0.06604506820440292,0.0,0.0,0.0,0.0
5.037557363510132,-0.7530132532119751,-0.1628059297800064,0.0,0.0,-0.002476242370903492,-0.19672101736068726,0.0,0.0,-0.2372493831891065,-0.21693364086546466,0.02798527665436268,0.06744702905416489,0.0,0.0,0.0,0.0
5.039789915084839,-0.6969847083091736,-0.1459704488515854,0.0,0.0,-0.002322062849998474,-0.19680534303188324,0.0,0.0,-0.238543679478885,-0.21729796598392537,0.018601007759571075,0.07079436630010605,0.0,0.0,0.0,0.0
5.041391611099243,-0.6969847083091736,-0.1459704488515854,0.0,0.0,-0.002322062849998474,-0.19680534303188324,0.0,0.0,-0.238543679478885,-0.21729796598392537,0.018601007759571075,0.07079436630010605,0.0,0.0,0.0,0.0
5.04444694519043,-0.6969847083091736,-0.1459704488515854,0.0,0.0,-0.002322062849998474,-0.19680534303188324,0.0,0.0,-0.2414342651633813,-0.21781090017255034,0.00473638903349638,0.06886345893144608,0.0,0.0,0.0,0.0
5.0458478927612305,-0.6969847083091736,-0.1459704488515854,0.0,0.0,-0.002322062849998474,-0.19680534303188324,0.0,0.0,-0.2414342651633813,-0.21781090017255034,0.00473638903349638,0.06886345893144608,0.0,0.0,0.0,0.0
5.047661304473877,-0.6969847083091736,-0.1459704488515854,0.0,0.0,-0.002322062849998474,-0.19680534303188324,0.0,0.0,-0.2426997946320491,-0.21805058467065747,-0.0024447240866720676,0.07037974148988724,0.0,0.0,0.0,0.0
5.049424648284912,-0.6409507393836975,-0.14827053248882294,0.0,0.0,-0.0021232839208096266,-0.1969192922115326,0.0,0.0,-0.24404682619274903,-0.21833820606838603,-0.010598639957606792,0.0720105841755867,0.0,0.0,0.0,0.0
5.050950288772583,-0.6409507393836975,-0.14827053248882294,0.0,0.0,-0.0021232839208096266,-0.1969192922115326,0.0,0.0,-0.24404682619274903,-0.21833820606838603,-0.010598639957606792,0.0720105841755867,0.0,0.0,0.0,0.0
5.05286431312561,-0.6409507393836975,-0.14827053248882294,0.0,0.0,-0.0021232839208096266,-0.1969192922115326,0.0,0.0,-0.24531235566141682,-0.21838614296800743,-0.010888206772506237,0.06526409834623337,0.0,0.0,0.0,0.0
5.054270029067993,-0.6409507393836975,-0.14827053248882294,0.0,0.0,-0.0021232839208096266,-0.1969192922115326,0.0,0.0,-0.24633342566736677,-0.21836694948280747,-0.015008163638412952,0.06429129838943481,0.0,0.0,0.0,0.0
5.055680513381958,-0.6409507393836975,-0.14827053248882294,0.0,0.0,-0.0021232839208096266,-0.1969192922115326,0.0,0.0,-0.24633342566736677,-0.21836694948280747,-0.015008163638412952,0.06429129838943481,0.0,0.0,0.0,0.0
5.05755352973938,-0.6409507393836975,-0.14827053248882294,0.0,0.0,-0.0021232839208096266,-0.1969192922115326,0.0,0.0,-0.24704288241908817,-0.21809372319897888,-0.01792629435658455,0.06291811913251877,0.0,0.0,0.0,0.0
5.059286594390869,-0.5154614448547363,-0.27710846066474915,0.0,0.0,-0.001806313986890018,-0.19710034132003784,0.0,0.0,-0.247469516144381,-0.21747534187520035,-0.017783273011446,0.054964471608400345,0.0,0.0,0.0,0.0
5.060724496841431,-0.5154614448547363,-0.27710846066474915,0.0,0.0,-0.001806313986890018,-0.19710034132003784,0.0,0.0,-0.247469516144381,-0.21747534187520035,-0.017783273011446,0.054964471608400345,0.0,0.0,0.0,0.0
5.06220555305481,-0.5154614448547363,-0.27710846066474915,0.0,0.0,-0.001806313986890018,-0.19710034132003784,0.0,0.0,-0.24795848188319528,-0.21673709489567897,-0.014184278436005116,0.04332449287176132,0.0,0.0,0.0,0.0
5.063750505447388,-0.5154614448547363,-0.27710846066474915,0.0,0.0,-0.001806313986890018,-0.19710034132003784,0.0,0.0,-0.24813585777447025,-0.21624815256355398,-0.014384577050805092,0.04203706234693527,0.0,0.0,0.0,0.0
5.065154075622559,-0.5154614448547363,-0.27710846066474915,0.0,0.0,-0.001806313986890018,-0.19710034132003784,0.0,0.0,-0.24813585777447025,-0.21624815256355398,-0.014384577050805092,0.04203706234693527,0.0,0.0,0.0,0.0
5.0666162967681885,-0.5154614448547363,-0.27710846066474915,0.0,0.0,-0.001806313986890018,-0.19710034132003784,0.0,0.0,-0.24827966847333452,-0.2153900867416683,-0.014041256159543991,0.03396894782781601,0.0,0.0,0.0,0.0
5.068195343017578,-0.37684327363967896,-0.5800121426582336,0.0,0.0,-0.0013897297903895378,-0.19744521379470825,0.0,0.0,-0.24827966847333452,-0.2153900867416683,-0.014041256159543991,0.03396894782781601,0.0,0.0,0.0,0.0
5.069797992706299,-0.37684327363967896,-0.5800121426582336,0.0,0.0,-0.0013897297903895378,-0.19744521379470825,0.0,0.0,-0.24849058615033096,-0.21512643379375046,-0.015185664407908916,0.03582867234945297,0.0,0.0,0.0,0.0
5.07117486000061,-0.37684327363967896,-0.5800121426582336,0.0,0.0,-0.0013897297903895378,-0.19744521379470825,0.0,0.0,-0.24849058615033096,-0.21512643379375046,-0.015185664407908916,0.03582867234945297,0.0,0.0,0.0,0.0
5.073237895965576,-0.37684327363967896,-0.5800121426582336,0.0,0.0,-0.0013897297903895378,-0.19744521379470825,0.0,0.0,-0.24851935297144168,-0.21484838573193263,-0.007910002022981644,0.02998279593884945,0.0,0.0,0.0,0.0
5.074637413024902,-0.37684327363967896,-0.5800121426582336,0.0,0.0,-0.0013897297903895378,-0.19744521379470825,0.0,0.0,-0.24887408134730235,-0.2148052472036112,-0.011200206354260445,0.03138469532132149,0.0,0.0,0.0,0.0
5.076170206069946,-0.37684327363967896,-0.5800121426582336,0.0,0.0,-0.0013897297903895378,-0.19744521379470825,0.0,0.0,-0.24887408134730235,-0.2148052472036112,-0.011200206354260445,0.03138469532132149,0.0,0.0,0.0,0.0
5.078399896621704,-0.2527201771736145,-0.7187937498092651,0.0,0.0,-0.0009624327649362385,-0.1977480798959732,0.0,0.0,-0.24935345034351664,-0.2149921964307969,-0.01740865409374237,0.032386139035224915,0.0,0.0,0.0,0.0
5.0804219245910645,-0.2527201771736145,-0.7187937498092651,0.0,0.0,-0.0009624327649362385,-0.1977480798959732,0.0,0.0,-0.24953080282810233,-0.2159317643447147,-0.016950834542512894,0.045804280787706375,0.0,0.0,0.0,0.0
5.0819597244262695,-0.2527201771736145,-0.7187937498092651,0.0,0.0,-0.0009624327649362385,-0.1977480798959732,0.0,0.0,-0.24970817871937734,-0.21655494403979325,-0.011718487367033958,0.04300450161099434,0.0,0.0,0.0,0.0
5.083441257476807,-0.2527201771736145,-0.7187937498092651,0.0,0.0,-0.0009624327649362385,-0.1977480798959732,0.0,0.0,-0.24970817871937734,-0.21655494403979325,-0.011718487367033958,0.04300450161099434,0.0,0.0,0.0,0.0
5.084835052490234,-0.2527201771736145,-0.7187937498092651,0.0,0.0,-0.0009624327649362385,-0.1977480798959732,0.0,0.0,-0.24988555461065232,-0.21712538846395038,-0.012719845399260521,0.04540778696537018,0.0,0.0,0.0,0.0
5.086301565170288,-0.2527201771736145,-0.7187937498092651,0.0,0.0,-0.0009624327649362385,-0.1977480798959732,0.0,0.0,-0.24988555461065232,-0.21712538846395038,-0.012719845399260521,0.04540778696537018,0.0,0.0,0.0,0.0
5.088114500045776,-0.1413358747959137,-0.5119028687477112,0.0,0.0,-0.0005746451788581908,-0.19773215055465698,0.0,0.0,-0.2499862033745059,-0.21763352428127533,-0.012548212893307209,0.048612188547849655,0.0,0.0,0.0,0.0
5.089508533477783,-0.1413358747959137,-0.5119028687477112,0.0,0.0,-0.0005746451788581908,-0.19773215055465698,0.0,0.0,-0.24996703329599518,-0.21782527187976106,-0.011604046449065208,0.04726748168468475,0.0,0.0,0.0,0.0
5.091079950332642,-0.1413358747959137,-0.5119028687477112,0.0,0.0,-0.0005746451788581908,-0.19773215055465698,0.0,0.0,-0.24996703329599518,-0.21782527187976106,-0.011604046449065208,0.04726748168468475,0.0,0.0,0.0,0.0
5.092472314834595,-0.1413358747959137,-0.5119028687477112,0.0,0.0,-0.0005746451788581908,-0.19773215055465698,0.0,0.0,-0.24996703329599518,-0.21818000025562176,-0.006230968050658703,0.043498001992702484,0.0,0.0,0.0,0.0
5.093865633010864,-0.1413358747959137,-0.5119028687477112,0.0,0.0,-0.0005746451788581908,-0.19773215055465698,0.0,0.0,-0.24980885088992016,-0.21842928149632887,-0.006230968050658703,0.04550071805715561,0.0,0.0,0.0,0.0
5.09521746635437,-0.1413358747959137,-0.5119028687477112,0.0,0.0,-0.0005746451788581908,-0.19773215055465698,0.0,0.0,-0.24980885088992016,-0.21842928149632887,-0.006230968050658703,0.04550071805715561,0.0,0.0,0.0,0.0
5.09653115272522,-0.1413358747959137,-0.5119028687477112,0.0,0.0,-0.0005746451788581908,-0.19773215055465698,0.0,0.0,-0.2492479798016738,-0.2184196847537289,0.0020660001318901777,0.043755434453487396,0.0,0.0,0.0,0.0
5.097880125045776,-0.1413358747959137,-0.5119028687477112,0.0,0.0,-0.0005746451788581908,-0.19773215055465698,0.0,0.0,-0.2492479798016738,-0.2184196847537289,0.0020660001318901777,0.043755434453487396,0.0,0.0,0.0,0.0
5.099768400192261,-0.10280150920152664,-0.3865209221839905,0.0,0.0,-0.0003589422267396003,-0.1976938545703888,0.0,0.0,-0.24865356692770596,-0.2184772183959503,0.006586444564163685,0.04412731155753136,0.0,0.0,0.0,0.0
5.101100444793701,-0.10280150920152664,-0.3865209221839905,0.0,0.0,-0.0003589422267396003,-0.1976938545703888,0.0,0.0,-0.24841388242959883,-0.21856349545259315,0.006357450969517231,0.044642381370067596,0.0,0.0,0.0,0.0
5.103125810623169,-0.10280150920152664,-0.3865209221839905,0.0,0.0,-0.0003589422267396003,-0.1976938545703888,0.0,0.0,-0.24789137490506313,-0.21898535421327528,0.015652507543563843,0.04324249178171158,0.0,0.0,0.0,0.0
5.104635000228882,-0.10280150920152664,-0.3865209221839905,0.0,0.0,-0.0003589422267396003,-0.1976938545703888,0.0,0.0,-0.24789137490506313,-0.21898535421327528,0.015652507543563843,0.04324249178171158,0.0,0.0,0.0,0.0
5.106045961380005,-0.10280150920152664,-0.3865209221839905,0.0,0.0,-0.0003589422267396003,-0.1976938545703888,0.0,0.0,-0.247651690406956,-0.21913393987675028,0.01593858003616333,0.04338559880852699,0.0,0.0,0.0,0.0
5.107537031173706,-0.10280150920152664,-0.3865209221839905,0.0,0.0,-0.0003589422267396003,-0.1976938545703888,0.0,0.0,-0.247651690406956,-0.21913393987675028,0.01593858003616333,0.04338559880852699,0.0,0.0,0.0,0.0
5.109901666641235,-0.16649530827999115,-0.5272216796875,0.0,0.0,-0.0004887308459728956,-0.19787710905075073,0.0,0.0,-0.24730653536700603,-0.21969001259369667,0.017626695334911346,0.04776293784379959,0.0,0.0,0.0,0.0
5.111614227294922,-0.16649530827999115,-0.5272216796875,0.0,0.0,-0.0004887308459728956,-0.19787710905075073,0.0,0.0,-0.24722025831036315,-0.2202748521317538,0.015938691794872284,0.053513508290052414,0.0,0.0,0.0,0.0
5.113335132598877,-0.16649530827999115,-0.5272216796875,0.0,0.0,-0.0004887308459728956,-0.19787710905075073,0.0,0.0,-0.24702851071187745,-0.2208261264774002,0.023840676993131638,0.05250706896185875,0.0,0.0,0.0,0.0
5.114967346191406,-0.16649530827999115,-0.5272216796875,0.0,0.0,-0.0004887308459728956,-0.19787710905075073,0.0,0.0,-0.24702851071187745,-0.2208261264774002,0.023840676993131638,0.05250706896185875,0.0,0.0,0.0,0.0
5.116520881652832,-0.16649530827999115,-0.5272216796875,0.0,0.0,-0.0004887308459728956,-0.19787710905075073,0.0,0.0,-0.24697577544095603,-0.22139657090155732,0.02329716458916664,0.05465288460254669,0.0,0.0,0.0,0.0
5.118168830871582,-0.1998695731163025,-0.46887481212615967,0.0,0.0,-0.0006255233311094344,-0.1979442834854126,0.0,0.0,-0.24697577544095603,-0.22139657090155732,0.02329716458916664,0.05465288460254669,0.0,0.0,0.0,0.0
5.119562387466431,-0.1998695731163025,-0.46887481212615967,0.0,0.0,-0.0006255233311094344,-0.1979442834854126,0.0,0.0,-0.24721545993906316,-0.22185197144796084,0.02252468839287758,0.054881688207387924,0.0,0.0,0.0,0.0
5.12123703956604,-0.1998695731163025,-0.46887481212615967,0.0,0.0,-0.0006255233311094344,-0.1979442834854126,0.0,0.0,-0.2476804572280667,-0.2223121703656644,0.016316240653395653,0.05931635573506355,0.0,0.0,0.0,0.0
5.122631788253784,-0.1998695731163025,-0.46887481212615967,0.0,0.0,-0.0006255233311094344,-0.1979442834854126,0.0,0.0,-0.2476804572280667,-0.2223121703656644,0.016316240653395653,0.05931635573506355,0.0,0.0,0.0,0.0
5.124038934707642,-0.1998695731163025,-0.46887481212615967,0.0,0.0,-0.0006255233311094344,-0.1979442834854126,0.0,0.0,-0.24793931180468456,-0.2226812704487358,0.02016982063651085,0.05669296160340309,0.0,0.0,0.0,0.0
5.12542462348938,-0.1998695731163025,-0.46887481212615967,0.0,0.0,-0.0006255233311094344,-0.1979442834854126,0.0,0.0,-0.24793931180468456,-0.2226812704487358,0.02016982063651085,0.05669296160340309,0.0,0.0,0.0,0.0
5.12678599357605,-0.1998695731163025,-0.46887481212615967,0.0,0.0,-0.0006255233311094344,-0.1979442834854126,0.0,0.0,-0.24814543111038098,-0.22268606882003583,0.017966777086257935,0.05291643738746643,0.0,0.0,0.0,0.0
5.128270864486694,-0.2987428903579712,-0.24913041293621063,0.0,0.0,-0.0008700804901309311,-0.19786836206912994,0.0,0.0,-0.24814543111038098,-0.22268606882003583,0.017966777086257935,0.05291643738746643,0.0,0.0,0.0,0.0
5.13013482093811,-0.2987428903579712,-0.24913041293621063,0.0,0.0,-0.0008700804901309311,-0.19786836206912994,0.0,0.0,-0.24832760537295595,-0.2226621003702251,0.018195686861872673,0.051972273737192154,0.0,0.0,0.0,0.0
5.131535768508911,-0.2987428903579712,-0.24913041293621063,0.0,0.0,-0.0008700804901309311,-0.19786836206912994,0.0,0.0,-0.24843305250810954,-0.2226621003702251,0.02253010869026184,0.04655015841126442,0.0,0.0,0.0,0.0
5.132944345474243,-0.2987428903579712,-0.24913041293621063,0.0,0.0,-0.0008700804901309311,-0.19786836206912994,0.0,0.0,-0.24843305250810954,-0.2226621003702251,0.02253010869026184,0.04655015841126442,0.0,0.0,0.0,0.0
5.134649038314819,-0.2987428903579712,-0.24913041293621063,0.0,0.0,-0.0008700804901309311,-0.19786836206912994,0.0,0.0,-0.24851935297144168,-0.22275317579816797,0.023760376498103142,0.04792347922921181,0.0,0.0,0.0,0.0
5.136229753494263,-0.2987428903579712,-0.24913041293621063,0.0,0.0,-0.0008700804901309311,-0.19786836206912994,0.0,0.0,-0.24869190708472738,-0.2228538479687108,0.02275901846587658,0.04849568381905556,0.0,0.0,0.0,0.0
5.137594938278198,-0.2987428903579712,-0.24913041293621063,0.0,0.0,-0.0008700804901309311,-0.19786836206912994,0.0,0.0,-0.24869190708472738,-0.2228538479687108,0.02275901846587658,0.04849568381905556,0.0,0.0,0.0,0.0
5.139679193496704,-0.3872317969799042,-0.2579594552516937,0.0,0.0,-0.0011378272902220488,-0.19792088866233826,0.0,0.0,-0.24918567119484164,-0.22329967517920363,0.018152717500925064,0.05416055768728256,0.0,0.0,0.0,0.0
5.141041278839111,-0.3872317969799042,-0.2579594552516937,0.0,0.0,-0.0011378272902220488,-0.19792088866233826,0.0,0.0,-0.2494157589503488,-0.22340512231435722,0.016207275912165642,0.052644114941358566,0.0,0.0,0.0,0.0
5.142350196838379,-0.3872317969799042,-0.2579594552516937,0.0,0.0,-0.0011378272902220488,-0.19792088866233826,0.0,0.0,-0.2494157589503488,-0.22340512231435722,0.016207275912165642,0.052644114941358566,0.0,0.0,0.0,0.0
5.1437036991119385,-0.3872317969799042,-0.2579594552516937,0.0,0.0,-0.0011378272902220488,-0.19792088866233826,0.0,0.0,-0.24952122949219163,-0.2235872965769322,0.022014621645212173,0.04826931282877922,0.0,0.0,0.0,0.0
5.145338773727417,-0.3872317969799042,-0.2579594552516937,0.0,0.0,-0.0011378272902220488,-0.19792088866233826,0.0,0.0,-0.24970338034807732,-0.22364000844116436,0.020870212465524673,0.04772566631436348,0.0,0.0,0.0,0.0
5.146699666976929,-0.3872317969799042,-0.2579594552516937,0.0,0.0,-0.0011378272902220488,-0.19792088866233826,0.0,0.0,-0.24970338034807732,-0.22364000844116436,0.020870212465524673,0.04772566631436348,0.0,0.0,0.0,0.0
5.148063898086548,-0.3597707152366638,-0.3148984909057617,0.0,0.0,-0.0012123498599976301,-0.19808444380760193,0.0,0.0,-0.2496602418197559,-0.2235824982056322,0.021528135985136032,0.04658130928874016,0.0,0.0,0.0,0.0
5.14942479133606,-0.3597707152366638,-0.3148984909057617,0.0,0.0,-0.0012123498599976301,-0.19808444380760193,0.0,0.0,-0.2496602418197559,-0.2235824982056322,0.021528135985136032,0.04658130928874016,0.0,0.0,0.0,0.0
5.1510467529296875,-0.3597707152366638,-0.3148984909057617,0.0,0.0,-0.0012123498599976301,-0.19808444380760193,0.0,0.0,-0.2496602418197559,-0.2235824982056322,0.02278704196214676,0.04658130928874016,0.0,0.0,0.0,0.0
5.152386903762817,-0.3597707152366638,-0.3148984909057617,0.0,0.0,-0.0012123498599976301,-0.19808444380760193,0.0,0.0,-0.2496602418197559,-0.2235824982056322,0.02278704196214676,0.04658130928874016,0.0,0.0,0.0,0.0
5.153976678848267,-0.3597707152366638,-0.3148984909057617,0.0,0.0,-0.0012123498599976301,-0.19808444380760193,0.0,0.0,-0.2496602418197559,-0.2235824982056322,0.02812882885336876,0.041238125413656235,0.0,0.0,0.0,0.0
5.15531587600708,-0.3597707152366638,-0.3148984909057617,0.0,0.0,-0.0012123498599976301,-0.19808444380760193,0.0,0.0,-0.2496602418197559,-0.2235824982056322,0.02812882885336876,0.041238125413656235,0.0,0.0,0.0,0.0
5.156824111938477,-0.3597707152366638,-0.3148984909057617,0.0,0.0,-0.0012123498599976301,-0.19808444380760193,0.0,0.0,-0.2496602418197559,-0.2235824982056322,0.02812882885336876,0.041238125413656235,0.0,0.0,0.0,0.0
5.158401012420654,-0.361019104719162,-0.23134863376617432,0.0,0.0,-0.0011750849662348628,-0.1981240212917328,0.0,0.0,-0.2496602418197559,-0.2235824982056322,0.02812882885336876,0.041238125413656235,0.0,0.0,0.0,0.0
5.159739971160889,-0.361019104719162,-0.23134863376617432,0.0,0.0,-0.0011750849662348628,-0.1981240212917328,0.0,0.0,-0.2496602418197559,-0.2235824982056322,0.02812882885336876,0.041238125413656235,0.0,0.0,0.0,0.0
5.161062002182007,-0.361019104719162,-0.23134863376617432,0.0,0.0,-0.0011750849662348628,-0.1981240212917328,0.0,0.0,-0.2496602418197559,-0.2235824982056322,0.02812882885336876,0.041238125413656235,0.0,0.0,0.0,0.0
5.162363052368164,-0.361019104719162,-0.23134863376617432,0.0,0.0,-0.0011750849662348628,-0.1981240212917328,0.0,0.0,-0.2496602418197559,-0.2235824982056322,0.03353613615036011,0.035830821841955185,0.0,0.0,0.0,0.0
5.16367244720459,-0.361019104719162,-0.23134863376617432,0.0,0.0,-0.0011750849662348628,-0.1981240212917328,0.0,0.0,-0.2496602418197559,-0.2235824982056322,0.03353613615036011,0.035830821841955185,0.0,0.0,0.0,0.0
5.164987087249756,-0.361019104719162,-0.23134863376617432,0.0,0.0,-0.0011750849662348628,-0.1981240212917328,0.0,0.0,-0.2496602418197559,-0.2235824982056322,0.03353613615036011,0.035830821841955185,0.0,0.0,0.0,0.0
5.1663312911987305,-0.361019104719162,-0.23134863376617432,0.0,0.0,-0.0011750849662348628,-0.1981240212917328,0.0,0.0,-0.2496602418197559,-0.2235824982056322,0.03353613615036011,0.035830821841955185,0.0,0.0,0.0,0.0
5.167639970779419,-0.361019104719162,-0.23134863376617432,0.0,0.0,-0.0011750849662348628,-0.1981240212917328,0.0,0.0,-0.2498280209684309,-0.22373110727579648,0.03170502558350563,0.03751873970031738,0.0,0.0,0.0,0.0
5.169285535812378,-0.3474591076374054,-0.24156522750854492,0.0,0.0,-0.0011533187935128808,-0.198223277926445,0.0,0.0,-0.2498280209684309,-0.22373110727579648,0.03170502558350563,0.03751873970031738,0.0,0.0,0.0,0.0
5.170577764511108,-0.3474591076374054,-0.24156522750854492,0.0,0.0,-0.0011533187935128808,-0.198223277926445,0.0,0.0,-0.2500868755450487,-0.22382698107503932,0.03113281913101673,0.03811958432197571,0.0,0.0,0.0,0.0
5.171880722045898,-0.3474591076374054,-0.24156522750854492,0.0,0.0,-0.0011533187935128808,-0.198223277926445,0.0,0.0,-0.2500868755450487,-0.22382698107503932,0.03113281913101673,0.03811958432197571,0.0,0.0,0.0,0.0
5.173190116882324,-0.3474591076374054,-0.24156522750854492,0.0,0.0,-0.0011533187935128808,-0.198223277926445,0.0,0.0,-0.25029301825743444,-0.22421525123662145,0.032256804406642914,0.03653654828667641,0.0,0.0,0.0,0.0
5.174470663070679,-0.3474591076374054,-0.24156522750854492,0.0,0.0,-0.0011533187935128808,-0.198223277926445,0.0,0.0,-0.25029301825743444,-0.22421525123662145,0.032256804406642914,0.03653654828667641,0.0,0.0,0.0,0.0
5.175763368606567,-0.3474591076374054,-0.24156522750854492,0.0,0.0,-0.0011533187935128808,-0.198223277926445,0.0,0.0,-0.25045120066350945,-0.22472338705394643,0.03268590196967125,0.03982666879892349,0.0,0.0,0.0,0.0
5.1772990226745605,-0.3474591076374054,-0.24156522750854492,0.0,0.0,-0.0011533187935128808,-0.198223277926445,0.0,0.0,-0.2506429482619951,-0.2250493720153857,0.03148435801267624,0.04231581836938858,0.0,0.0,0.0,0.0
5.178751468658447,-0.3506324887275696,-0.11686904728412628,0.0,0.0,-0.0011518688406795263,-0.1982177346944809,0.0,0.0,-0.2506429482619951,-0.2250493720153857,0.03148435801267624,0.04231581836938858,0.0,0.0,0.0,0.0
5.1800923347473145,-0.3506324887275696,-0.11686904728412628,0.0,0.0,-0.0011518688406795263,-0.1982177346944809,0.0,0.0,-0.25084429260308083,-0.22518838434294997,0.03033994697034359,0.041600532829761505,0.0,0.0,0.0,0.0
5.181405782699585,-0.3506324887275696,-0.11686904728412628,0.0,0.0,-0.0011518688406795263,-0.1982177346944809,0.0,0.0,-0.25084429260308083,-0.22518838434294997,0.03033994697034359,0.041600532829761505,0.0,0.0,0.0,0.0
5.182698011398315,-0.3506324887275696,-0.11686904728412628,0.0,0.0,-0.0011518688406795263,-0.1982177346944809,0.0,0.0,-0.2510456135374773,-0.22573965868859638,0.03353588283061981,0.04186802729964256,0.0,0.0,0.0,0.0
5.184008598327637,-0.3506324887275696,-0.11686904728412628,0.0,0.0,-0.0011518688406795263,-0.1982177346944809,0.0,0.0,-0.2510456135374773,-0.22573965868859638,0.03353588283061981,0.04186802729964256,0.0,0.0,0.0,0.0
5.185310363769531,-0.3506324887275696,-0.11686904728412628,0.0,0.0,-0.0011518688406795263,-0.1982177346944809,0.0,0.0,-0.2514482788129594,-0.22657855443197134,0.03130420297384262,0.04950698837637901,0.0,0.0,0.0,0.0
5.186615467071533,-0.3506324887275696,-0.11686904728412628,0.0,0.0,-0.0011518688406795263,-0.1982177346944809,0.0,0.0,-0.2514482788129594,-0.22657855443197134,0.03130420297384262,0.04950698837637901,0.0,0.0,0.0,0.0
5.188121557235718,-0.3500624895095825,-0.018779467791318893,0.0,0.0,-0.0011518688406795263,-0.1982177346944809,0.0,0.0,-0.2517790621456987,-0.22712982877761775,0.029415899887681007,0.05113765969872475,0.0,0.0,0.0,0.0
5.189482927322388,-0.3500624895095825,-0.018779467791318893,0.0,0.0,-0.0011518688406795263,-0.1982177346944809,0.0,0.0,-0.2517790621456987,-0.22712982877761775,0.029415899887681007,0.05113765969872475,0.0,0.0,0.0,0.0
5.190826892852783,-0.3500624895095825,-0.018779467791318893,0.0,0.0,-0.0011518688406795263,-0.1982177346944809,0.0,0.0,-0.2523015696702343,-0.2281365036696677,0.02446635626256466,0.05803277716040611,0.0,0.0,0.0,0.0
5.192188501358032,-0.3500624895095825,-0.018779467791318893,0.0,0.0,-0.0011518688406795263,-0.1982177346944809,0.0,0.0,-0.2523015696702343,-0.2281365036696677,0.02446635626256466,0.05803277716040611,0.0,0.0,0.0,0.0
5.193876504898071,-0.3500624895095825,-0.018779467791318893,0.0,0.0,-0.0011518688406795263,-0.1982177346944809,0.0,0.0,-0.2530254215358557,-0.22944037329535694,0.024077270179986954,0.06543218344449997,0.0,0.0,0.0,0.0
5.195520639419556,-0.3500624895095825,-0.018779467791318893,0.0,0.0,-0.0011518688406795263,-0.1982177346944809,0.0,0.0,-0.2535814708461129,-0.2310894213676854,0.021216189488768578,0.07721948623657227,0.0,0.0,0.0,0.0
5.196879625320435,-0.3500624895095825,-0.018779467791318893,0.0,0.0,-0.0011518688406795263,-0.1982177346944809,0.0,0.0,-0.2535814708461129,-0.2310894213676854,0.021216189488768578,0.07721948623657227,0.0,0.0,0.0,0.0
5.198266506195068,-0.3660011887550354,-0.06256375461816788,0.0,0.0,-0.0011871943715959787,-0.1983240395784378,0.0,0.0,-0.2546888179087057,-0.23260900704167106,0.01166034396737814,0.08545923233032227,0.0,0.0,0.0,0.0
5.199700832366943,-0.3660011887550354,-0.06256375461816788,0.0,0.0,-0.0011871943715959787,-0.1983240395784378,0.0,0.0,-0.2546888179087057,-0.23260900704167106,0.01166034396737814,0.08545923233032227,0.0,0.0,0.0,0.0
5.201103925704956,-0.3660011887550354,-0.06256375461816788,0.0,0.0,-0.0011871943715959787,-0.1983240395784378,0.0,0.0,-0.2554654050452485,-0.2344785461269067,0.007654996123164892,0.09856276959180832,0.0,0.0,0.0,0.0
5.202943801879883,-0.3660011887550354,-0.06256375461816788,0.0,0.0,-0.0011871943715959787,-0.1983240395784378,0.0,0.0,-0.25614132001124845,-0.23603649536460303,0.010896305553615093,0.1017572358250618,0.0,0.0,0.0,0.0
5.204386949539185,-0.3660011887550354,-0.06256375461816788,0.0,0.0,-0.0011871943715959787,-0.1983240395784378,0.0,0.0,-0.25614132001124845,-0.23603649536460303,0.010896305553615093,0.1017572358250618,0.0,0.0,0.0,0.0
5.205799579620361,-0.3660011887550354,-0.06256375461816788,0.0,0.0,-0.0011871943715959787,-0.1983240395784378,0.0,0.0,-0.25700895916904487,-0.23789166274262794,0.004687885753810406,0.11234301328659058,0.0,0.0,0.0,0.0
5.207228899002075,-0.3660011887550354,-0.06256375461816788,0.0,0.0,-0.0011871943715959787,-0.1983240395784378,0.0,0.0,-0.25700895916904487,-0.23789166274262794,0.004687885753810406,0.11234301328659058,0.0,0.0,0.0,0.0
5.209189414978027,-0.40819045901298523,-0.16239428520202637,0.0,0.0,-0.0012733147013932467,-0.19848079979419708,0.0,0.0,-0.2573349441304841,-0.23929620453886002,0.005374475382268429,0.12124082446098328,0.0,0.0,0.0,0.0
5.210835933685303,-0.40819045901298523,-0.16239428520202637,0.0,0.0,-0.0012733147013932467,-0.19848079979419708,0.0,0.0,-0.2579676971614734,-0.24046586020828498,0.0006252050516195595,0.12702012062072754,0.0,0.0,0.0,0.0
5.212519884109497,-0.40819045901298523,-0.16239428520202637,0.0,0.0,-0.0012733147013932467,-0.19848079979419708,0.0,0.0,-0.2579676971614734,-0.24046586020828498,0.0006252050516195595,0.12702012062072754,0.0,0.0,0.0,0.0
5.21444845199585,-0.40819045901298523,-0.16239428520202637,0.0,0.0,-0.0012733147013932467,-0.19848079979419708,0.0,0.0,-0.25794372871166266,-0.2410986366459635,0.009047956205904484,0.1214890405535698,0.0,0.0,0.0,0.0
5.21599817276001,-0.40819045901298523,-0.16239428520202637,0.0,0.0,-0.0012733147013932467,-0.19848079979419708,0.0,0.0,-0.25794372871166266,-0.24175058316215275,0.011165114119648933,0.12280510365962982,0.0,0.0,0.0,0.0
5.217641353607178,-0.40819045901298523,-0.16239428520202637,0.0,0.0,-0.0012733147013932467,-0.19848079979419708,0.0,0.0,-0.25794372871166266,-0.24175058316215275,0.011165114119648933,0.12280510365962982,0.0,0.0,0.0,0.0
5.220014333724976,-0.45304104685783386,-0.37150153517723083,0.0,0.0,-0.0014025268610566854,-0.19872482120990753,0.0,0.0,-0.25794372871166266,-0.2419758725463599,0.011165114119648933,0.1218610554933548,0.0,0.0,0.0,0.0
5.221552133560181,-0.45304104685783386,-0.37150153517723083,0.0,0.0,-0.0014025268610566854,-0.19872482120990753,0.0,0.0,-0.25794372871166266,-0.2420094377387706,0.011165114119648933,0.11954362690448761,0.0,0.0,0.0,0.0
5.223088979721069,-0.45304104685783386,-0.37150153517723083,0.0,0.0,-0.0014025268610566854,-0.19872482120990753,0.0,0.0,-0.25794372871166266,-0.2420094377387706,0.011165114119648933,0.11954362690448761,0.0,0.0,0.0,0.0
5.224690914154053,-0.45304104685783386,-0.37150153517723083,0.0,0.0,-0.0014025268610566854,-0.19872482120990753,0.0,0.0,-0.25737328428750555,-0.24199026766025988,0.021367400884628296,0.11323155462741852,0.0,0.0,0.0,0.0
5.226126432418823,-0.45304104685783386,-0.37150153517723083,0.0,0.0,-0.0014025268610566854,-0.19872482120990753,0.0,0.0,-0.25737328428750555,-0.24199026766025988,0.021367400884628296,0.11323155462741852,0.0,0.0,0.0,0.0
5.228087663650513,-0.5725547075271606,-0.8173072338104248,0.0,0.0,-0.0017530194018036127,-0.19925834238529205,0.0,0.0,-0.2566158906361627,-0.24135269285128136,0.030293764546513557,0.10662251710891724,0.0,0.0,0.0,0.0
5.229543685913086,-0.5725547075271606,-0.8173072338104248,0.0,0.0,-0.0017530194018036127,-0.19925834238529205,0.0,0.0,-0.2560454462120056,-0.2405809274927278,0.03286873921751976,0.09875471889972687,0.0,0.0,0.0,0.0
5.230993270874023,-0.5725547075271606,-0.8173072338104248,0.0,0.0,-0.0017530194018036127,-0.19925834238529205,0.0,0.0,-0.2560454462120056,-0.2405809274927278,0.03286873921751976,0.09875471889972687,0.0,0.0,0.0,0.0
5.232438564300537,-0.5725547075271606,-0.8173072338104248,0.0,0.0,-0.0017530194018036127,-0.19925834238529205,0.0,0.0,-0.25556607721579133,-0.2400008863259707,0.04149749130010605,0.09098212420940399,0.0,0.0,0.0,0.0
5.233893632888794,-0.5725547075271606,-0.8173072338104248,0.0,0.0,-0.0017530194018036127,-0.19925834238529205,0.0,0.0,-0.25556607721579133,-0.2400008863259707,0.04149749130010605,0.09098212420940399,0.0,0.0,0.0,0.0
5.235717535018921,-0.5725547075271606,-0.8173072338104248,0.0,0.0,-0.0017530194018036127,-0.19925834238529205,0.0,0.0,-0.2550100044988449,-0.23970366818564215,0.04361467808485031,0.09086773544549942,0.0,0.0,0.0,0.0
5.237130165100098,-0.5725547075271606,-0.8173072338104248,0.0,0.0,-0.0017530194018036127,-0.19925834238529205,0.0,0.0,-0.2549860360490342,-0.23936331151699217,0.04166926443576813,0.08849300444126129,0.0,0.0,0.0,0.0
5.238544702529907,-0.6644113659858704,-1.0099645853042603,0.0,0.0,-0.0020817299373447895,-0.1996345818042755,0.0,0.0,-0.2549860360490342,-0.23936331151699217,0.04166926443576813,0.08849300444126129,0.0,0.0,0.0,0.0
5.240015029907227,-0.6644113659858704,-1.0099645853042603,0.0,0.0,-0.0020817299373447895,-0.1996345818042755,0.0,0.0,-0.2549476724853235,-0.2392434692679386,0.040696460753679276,0.09109653532505035,0.0,0.0,0.0,0.0
5.241496324539185,-0.6644113659858704,-1.0099645853042603,0.0,0.0,-0.0020817299373447895,-0.1996345818042755,0.0,0.0,-0.2549476724853235,-0.2392434692679386,0.040696460753679276,0.09109653532505035,0.0,0.0,0.0,0.0
5.243126392364502,-0.6644113659858704,-1.0099645853042603,0.0,0.0,-0.0020817299373447895,-0.1996345818042755,0.0,0.0,-0.2549476724853235,-0.23902297825503147,0.04522847384214401,0.08307706564664841,0.0,0.0,0.0,0.0
5.244988441467285,-0.6644113659858704,-1.0099645853042603,0.0,0.0,-0.0020817299373447895,-0.1996345818042755,0.0,0.0,-0.2549476724853235,-0.23937770663089217,0.04522847384214401,0.08791223168373108,0.0,0.0,0.0,0.0
5.246654510498047,-0.6644113659858704,-1.0099645853042603,0.0,0.0,-0.0020817299373447895,-0.1996345818042755,0.0,0.0,-0.2549476724853235,-0.23937770663089217,0.04522847384214401,0.08791223168373108,0.0,0.0,0.0,0.0
5.2483603954315186,-0.6833577752113342,-0.823151171207428,0.0,0.0,-0.0022279059048742056,-0.19965073466300964,0.0,0.0,-0.2557002911720556,-0.23977557353507428,0.039534952491521835,0.09254716336727142,0.0,0.0,0.0,0.0
5.250268459320068,-0.6833577752113342,-0.823151171207428,0.0,0.0,-0.0022279059048742056,-0.19965073466300964,0.0,0.0,-0.25612212652604843,-0.24022617571017785,0.03344099968671799,0.09477870911359787,0.0,0.0,0.0,0.0
5.252519369125366,-0.6833577752113342,-0.823151171207428,0.0,0.0,-0.0022279059048742056,-0.19965073466300964,0.0,0.0,-0.256754902963727,-0.24082538695544567,0.03442201763391495,0.09502572566270828,0.0,0.0,0.0,0.0
5.25440526008606,-0.6833577752113342,-0.823151171207428,0.0,0.0,-0.0022279059048742056,-0.19965073466300964,0.0,0.0,-0.256754902963727,-0.24082538695544567,0.03442201763391495,0.09502572566270828,0.0,0.0,0.0,0.0
5.256258010864258,-0.6833577752113342,-0.823151171207428,0.0,0.0,-0.0022279059048742056,-0.19965073466300964,0.0,0.0,-0.2573349441304841,-0.2410986366459635,0.031446583569049835,0.0953977108001709,0.0,0.0,0.0,0.0
5.258206367492676,-0.6791591644287109,-0.41995105147361755,0.0,0.0,-0.0022326919715851545,-0.19939365983009338,0.0,0.0,-0.25800606072518406,-0.24137188633648135,0.02629666030406952,0.09579814970493317,0.0,0.0,0.0,0.0
5.2600789070129395,-0.6791591644287109,-0.41995105147361755,0.0,0.0,-0.0022326919715851545,-0.19939365983009338,0.0,0.0,-0.25800606072518406,-0.24137188633648135,0.02629666030406952,0.09579814970493317,0.0,0.0,0.0,0.0
5.26188850402832,-0.6791591644287109,-0.41995105147361755,0.0,0.0,-0.0022326919715851545,-0.19939365983009338,0.0,0.0,-0.25848063135009836,-0.24141982323610278,0.02558143250644207,0.09439624845981598,0.0,0.0,0.0,0.0
5.263725519180298,-0.6791591644287109,-0.41995105147361755,0.0,0.0,-0.0022326919715851545,-0.19939365983009338,0.0,0.0,-0.25900313887463405,-0.24137666130109206,0.027855997905135155,0.08794613927602768,0.0,0.0,0.0,0.0
5.265899419784546,-0.6791591644287109,-0.41995105147361755,0.0,0.0,-0.0022326919715851545,-0.19939365983009338,0.0,0.0,-0.25935786725049476,-0.24137666130109206,0.026425432413816452,0.08794613927602768,0.0,0.0,0.0,0.0
5.2684125900268555,-0.6719902753829956,-0.378792405128479,0.0,0.0,-0.00220611784607172,-0.19937250018119812,0.0,0.0,-0.25997627198096257,-0.24137666130109206,0.02124706283211708,0.08794613927602768,0.0,0.0,0.0,0.0
5.270130634307861,-0.6719902753829956,-0.378792405128479,0.0,0.0,-0.00220611784607172,-0.19937250018119812,0.0,0.0,-0.25997627198096257,-0.24137666130109206,0.02124706283211708,0.08794613927602768,0.0,0.0,0.0,0.0
5.271910667419434,-0.6719902753829956,-0.378792405128479,0.0,0.0,-0.00220611784607172,-0.19937250018119812,0.0,0.0,-0.2607384640036054,-0.24137666130109206,0.014151616021990776,0.08794613927602768,0.0,0.0,0.0,0.0
5.273643732070923,-0.6719902753829956,-0.378792405128479,0.0,0.0,-0.00220611784607172,-0.19937250018119812,0.0,0.0,-0.26140478222700536,-0.24137666130109206,0.015999823808670044,0.0825502946972847,0.0,0.0,0.0,0.0
5.275485038757324,-0.6719902753829956,-0.378792405128479,0.0,0.0,-0.00220611784607172,-0.19937250018119812,0.0,0.0,-0.26228201812740176,-0.24137666130109206,0.00838958565145731,0.0825502946972847,0.0,0.0,0.0,0.0
5.277134656906128,-0.6719902753829956,-0.378792405128479,0.0,0.0,-0.00220611784607172,-0.19937250018119812,0.0,0.0,-0.26228201812740176,-0.24137666130109206,0.00838958565145731,0.0825502946972847,0.0,0.0,0.0,0.0
5.278663635253906,-0.6545788645744324,-0.5410528779029846,0.0,0.0,-0.0021722353994846344,-0.19955278933048248,0.0,0.0,-0.26344689883221595,-0.24137666130109206,0.001923561911098659,0.0825502946972847,0.0,0.0,0.0,0.0
5.280279636383057,-0.6545788645744324,-0.5410528779029846,0.0,0.0,-0.0021722353994846344,-0.19955278933048248,0.0,0.0,-0.26344689883221595,-0.24137666130109206,0.001923561911098659,0.0825502946972847,0.0,0.0,0.0,0.0
5.281907796859741,-0.6545788645744324,-0.5410528779029846,0.0,0.0,-0.0021722353994846344,-0.19955278933048248,0.0,0.0,-0.2646117561303409,-0.24137666130109206,-0.006173021625727415,0.0825502946972847,0.0,0.0,0.0,0.0
5.283442497253418,-0.6545788645744324,-0.5410528779029846,0.0,0.0,-0.0021722353994846344,-0.19955278933048248,0.0,0.0,-0.26593481924123014,-0.24137666130109206,-0.009494854137301445,0.07714522629976273,0.0,0.0,0.0,0.0
5.284928560256958,-0.6545788645744324,-0.5410528779029846,0.0,0.0,-0.0021722353994846344,-0.19955278933048248,0.0,0.0,-0.26593481924123014,-0.24137666130109206,-0.009494854137301445,0.07714522629976273,0.0,0.0,0.0,0.0
5.286494731903076,-0.6545788645744324,-0.5410528779029846,0.0,0.0,-0.0021722353994846344,-0.19955278933048248,0.0,0.0,-0.26697983429030153,-0.24137666130109206,-0.014930713921785355,0.07714522629976273,0.0,0.0,0.0,0.0
5.288540363311768,-0.5852482318878174,-0.5374857187271118,0.0,0.0,-0.00200450886040926,-0.19970934092998505,0.0,0.0,-0.2680680112743836,-0.24137666130109206,-0.02231217920780182,0.07714522629976273,0.0,0.0,0.0,0.0
5.290156126022339,-0.5852482318878174,-0.5374857187271118,0.0,0.0,-0.00200450886040926,-0.19970934092998505,0.0,0.0,-0.2680680112743836,-0.24137666130109206,-0.02231217920780182,0.07714522629976273,0.0,0.0,0.0,0.0
5.291801691055298,-0.5852482318878174,-0.5374857187271118,0.0,0.0,-0.00200450886040926,-0.19970934092998505,0.0,0.0,-0.2693047739219407,-0.24137666130109206,-0.02843479812145233,0.07714522629976273,0.0,0.0,0.0,0.0
5.29343581199646,-0.5852482318878174,-0.5374857187271118,0.0,0.0,-0.00200450886040926,-0.19970934092998505,0.0,0.0,-0.2702683102856692,-0.24137666130109206,-0.02825492061674595,0.07170020043849945,0.0,0.0,0.0,0.0
5.2950849533081055,-0.5852482318878174,-0.5374857187271118,0.0,0.0,-0.00200450886040926,-0.19970934092998505,0.0,0.0,-0.2702683102856692,-0.24137666130109206,-0.02825492061674595,0.07170020043849945,0.0,0.0,0.0,0.0
5.296738386154175,-0.5852482318878174,-0.5374857187271118,0.0,0.0,-0.00200450886040926,-0.19970934092998505,0.0,0.0,-0.27112160114294415,-0.24137666130109206,-0.03143065795302391,0.07170020043849945,0.0,0.0,0.0,0.0
5.298660755157471,-0.4984114170074463,-0.5972077250480652,0.0,0.0,-0.0017658945871517062,-0.1998443901538849,0.0,0.0,-0.2719365284365084,-0.24137666130109206,-0.03437742590904236,0.07170020043849945,0.0,0.0,0.0,0.0
5.300313949584961,-0.4984114170074463,-0.5972077250480652,0.0,0.0,-0.0017658945871517062,-0.1998443901538849,0.0,0.0,-0.2719365284365084,-0.24137666130109206,-0.03437742590904236,0.07170020043849945,0.0,0.0,0.0,0.0
5.302459716796875,-0.4984114170074463,-0.5972077250480652,0.0,0.0,-0.0017658945871517062,-0.1998443901538849,0.0,0.0,-0.27238713061161196,-0.2409164857900778,-0.037238508462905884,0.0664646103978157,0.0,0.0,0.0,0.0
5.304682970046997,-0.4984114170074463,-0.5972077250480652,0.0,0.0,-0.0017658945871517062,-0.1998443901538849,0.0,0.0,-0.2726843253452512,-0.24022617571017785,-0.031856875866651535,0.05464713275432587,0.0,0.0,0.0,0.0
5.30637001991272,-0.4984114170074463,-0.5972077250480652,0.0,0.0,-0.0017658945871517062,-0.1998443901538849,0.0,0.0,-0.27304385209241194,-0.240139898653535,-0.03280101343989372,0.05776553973555565,0.0,0.0,0.0,0.0
5.308492183685303,-0.34321460127830505,-0.7805679440498352,0.0,0.0,-0.0013148946454748511,-0.20009851455688477,0.0,0.0,-0.2731493226342548,-0.23973723337805286,-0.0325436070561409,0.05333106219768524,0.0,0.0,0.0,0.0
5.310106039047241,-0.34321460127830505,-0.7805679440498352,0.0,0.0,-0.0013148946454748511,-0.20009851455688477,0.0,0.0,-0.2731493226342548,-0.23973723337805286,-0.0325436070561409,0.05333106219768524,0.0,0.0,0.0,0.0
5.311576843261719,-0.34321460127830505,-0.7805679440498352,0.0,0.0,-0.0013148946454748511,-0.20009851455688477,0.0,0.0,-0.2732883349618191,-0.23967012639992072,-0.03385956585407257,0.053989071398973465,0.0,0.0,0.0,0.0
5.313093662261963,-0.34321460127830505,-0.7805679440498352,0.0,0.0,-0.0013148946454748511,-0.20009851455688477,0.0,0.0,-0.2732883349618191,-0.23967012639992072,-0.03385956585407257,0.053989071398973465,0.0,0.0,0.0,0.0
5.315582036972046,-0.34321460127830505,-0.7805679440498352,0.0,0.0,-0.0013148946454748511,-0.20009851455688477,0.0,0.0,-0.27328353659051907,-0.2395790275652886,-0.02633230946958065,0.04935074597597122,0.0,0.0,0.0,0.0
5.317171573638916,-0.34321460127830505,-0.7805679440498352,0.0,0.0,-0.0013148946454748511,-0.20009851455688477,0.0,0.0,-0.27328353659051907,-0.23948795213734572,-0.02633230946958065,0.048807185143232346,0.0,0.0,0.0,0.0
5.318903684616089,-0.22082853317260742,-0.9017292261123657,0.0,0.0,-0.0008823852986097336,-0.20034074783325195,0.0,0.0,-0.27328353659051907,-0.2393920783381029,-0.02633230946958065,0.0482349768280983,0.0,0.0,0.0,0.0
5.3204991817474365,-0.22082853317260742,-0.9017292261123657,0.0,0.0,-0.0008823852986097336,-0.20034074783325195,0.0,0.0,-0.27328353659051907,-0.2393920783381029,-0.02633230946958065,0.0482349768280983,0.0,0.0,0.0,0.0
5.3219380378723145,-0.22082853317260742,-0.9017292261123657,0.0,0.0,-0.0008823852986097336,-0.20034074783325195,0.0,0.0,-0.27328353659051907,-0.23966532802862073,-0.020964955911040306,0.04647251218557358,0.0,0.0,0.0,0.0
5.323612451553345,-0.22082853317260742,-0.9017292261123657,0.0,0.0,-0.0008823852986097336,-0.20034074783325195,0.0,0.0,-0.27328353659051907,-0.23966532802862073,-0.020964955911040306,0.04647251218557358,0.0,0.0,0.0,0.0
5.32694935798645,-0.22082853317260742,-0.9017292261123657,0.0,0.0,-0.0008823852986097336,-0.20034074783325195,0.0,0.0,-0.27328353659051907,-0.24059529919993852,-0.020964955911040306,0.05505555123090744,0.0,0.0,0.0,0.0
5.328621864318848,-0.11576349288225174,-0.7808114886283875,0.0,0.0,-0.0005252859555184841,-0.2004121094942093,0.0,0.0,-0.27328353659051907,-0.24059529919993852,-0.020964955911040306,0.05505555123090744,0.0,0.0,0.0,0.0
5.330506086349487,-0.11576349288225174,-0.7808114886283875,0.0,0.0,-0.0005252859555184841,-0.2004121094942093,0.0,0.0,-0.27328353659051907,-0.24112740346707423,-0.020964955911040306,0.05857456102967262,0.0,0.0,0.0,0.0
5.3320698738098145,-0.11576349288225174,-0.7808114886283875,0.0,0.0,-0.0005252859555184841,-0.2004121094942093,0.0,0.0,-0.27269392208785126,-0.24172661471234205,-0.01016741618514061,0.05721845105290413,0.0,0.0,0.0,0.0
5.33358359336853,-0.11576349288225174,-0.7808114886283875,0.0,0.0,-0.0005252859555184841,-0.2004121094942093,0.0,0.0,-0.27269392208785126,-0.24172661471234205,-0.01016741618514061,0.05721845105290413,0.0,0.0,0.0,0.0
5.335445404052734,-0.11576349288225174,-0.7808114886283875,0.0,0.0,-0.0005252859555184841,-0.2004121094942093,0.0,0.0,-0.2723152252621798,-0.24206217300969202,-0.00647664163261652,0.05879206210374832,0.0,0.0,0.0,0.0
5.337250471115112,-0.11576349288225174,-0.7808114886283875,0.0,0.0,-0.0005252859555184841,-0.2004121094942093,0.0,0.0,-0.27184065463726553,-0.24230665587909916,-0.002442625816911459,0.058563217520713806,0.0,0.0,0.0,0.0
5.338735103607178,-0.11622173339128494,-0.6831739544868469,0.0,0.0,-0.000400378427002579,-0.20040974020957947,0.0,0.0,-0.27184065463726553,-0.24230665587909916,-0.002442625816911459,0.058563217520713806,0.0,0.0,0.0,0.0
5.341125011444092,-0.11622173339128494,-0.6831739544868469,0.0,0.0,-0.000400378427002579,-0.20040974020957947,0.0,0.0,-0.27145715944029414,-0.24283873673954556,-0.0027001178823411465,0.06288327276706696,0.0,0.0,0.0,0.0
5.342742919921875,-0.11622173339128494,-0.6831739544868469,0.0,0.0,-0.000400378427002579,-0.20040974020957947,0.0,0.0,-0.2712366450206977,-0.24351945007684553,0.0036398700904101133,0.06252294033765793,0.0,0.0,0.0,0.0
5.344272136688232,-0.11622173339128494,-0.6831739544868469,0.0,0.0,-0.000400378427002579,-0.20040974020957947,0.0,0.0,-0.2712366450206977,-0.24351945007684553,0.0036398700904101133,0.06252294033765793,0.0,0.0,0.0,0.0
5.345749139785767,-0.11622173339128494,-0.6831739544868469,0.0,0.0,-0.000400378427002579,-0.20040974020957947,0.0,0.0,-0.2709298535444585,-0.24392691372362765,0.0055281734094023705,0.06283765286207199,0.0,0.0,0.0,0.0
5.347415447235107,-0.11622173339128494,-0.6831739544868469,0.0,0.0,-0.000400378427002579,-0.20040974020957947,0.0,0.0,-0.2709298535444585,-0.24392691372362765,0.0055281734094023705,0.06283765286207199,0.0,0.0,0.0,0.0
5.349917650222778,-0.12851615250110626,-0.6086820363998413,0.0,0.0,-0.0004089888243470341,-0.2004144936800003,0.0,0.0,-0.27090108672334773,-0.24458365861111692,0.0040403567254543304,0.06855958700180054,0.0,0.0,0.0,0.0
5.35214900970459,-0.12851615250110626,-0.6086820363998413,0.0,0.0,-0.0004089888243470341,-0.2004144936800003,0.0,0.0,-0.27090108672334773,-0.2448856517160562,0.0040403567254543304,0.0677013024687767,0.0,0.0,0.0,0.0
5.3540825843811035,-0.12851615250110626,-0.6086820363998413,0.0,0.0,-0.0004089888243470341,-0.2004144936800003,0.0,0.0,-0.27090108672334773,-0.2452883169915383,0.00947602093219757,0.06598575413227081,0.0,0.0,0.0,0.0
5.355919599533081,-0.12851615250110626,-0.6086820363998413,0.0,0.0,-0.0004089888243470341,-0.2004144936800003,0.0,0.0,-0.27090108672334773,-0.24566701381720973,0.00947602093219757,0.06824593245983124,0.0,0.0,0.0,0.0
5.358536243438721,-0.23671939969062805,-0.6075897216796875,0.0,0.0,-0.0006749335443601012,-0.20049524307250977,0.0,0.0,-0.27090108672334773,-0.24576288761645257,0.00947602093219757,0.06718727201223373,0.0,0.0,0.0,0.0
5.360748767852783,-0.23671939969062805,-0.6075897216796875,0.0,0.0,-0.0006749335443601012,-0.20049524307250977,0.0,0.0,-0.27090108672334773,-0.2459546352149383,0.00947602093219757,0.06824590265750885,0.0,0.0,0.0,0.0
5.362514972686768,-0.23671939969062805,-0.6075897216796875,0.0,0.0,-0.0006749335443601012,-0.20049524307250977,0.0,0.0,-0.27090108672334773,-0.2459546352149383,0.00947602093219757,0.06824590265750885,0.0,0.0,0.0,0.0
5.364797830581665,-0.23671939969062805,-0.6075897216796875,0.0,0.0,-0.0006749335443601012,-0.20049524307250977,0.0,0.0,-0.27090108672334773,-0.24602654056437043,0.014837645925581455,0.06254151463508606,0.0,0.0,0.0,0.0
5.3670654296875,-0.23671939969062805,-0.6075897216796875,0.0,0.0,-0.0006749335443601012,-0.20049524307250977,0.0,0.0,-0.27090108672334773,-0.245978603664749,0.014837645925581455,0.06142566353082657,0.0,0.0,0.0,0.0
5.368744850158691,-0.3326137065887451,-0.5299447178840637,0.0,0.0,-0.0010008423123508692,-0.20051246881484985,0.0,0.0,-0.27127978354901916,-0.245978603664749,0.010088346898555756,0.06142566353082657,0.0,0.0,0.0,0.0
5.370467662811279,-0.3326137065887451,-0.5299447178840637,0.0,0.0,-0.0010008423123508692,-0.20051246881484985,0.0,0.0,-0.27127978354901916,-0.245978603664749,0.010088346898555756,0.06142566353082657,0.0,0.0,0.0,0.0
5.3722007274627686,-0.3326137065887451,-0.5299447178840637,0.0,0.0,-0.0010008423123508692,-0.20051246881484985,0.0,0.0,-0.27158177665395844,-0.245978603664749,0.009687775745987892,0.06142566353082657,0.0,0.0,0.0,0.0
5.373910188674927,-0.3326137065887451,-0.5299447178840637,0.0,0.0,-0.0010008423123508692,-0.20051246881484985,0.0,0.0,-0.2717879193663441,-0.245647843738699,0.01331015583127737,0.05159441754221916,0.0,0.0,0.0,0.0
5.375585079193115,-0.3326137065887451,-0.5299447178840637,0.0,0.0,-0.0010008423123508692,-0.20051246881484985,0.0,0.0,-0.2717879193663441,-0.245647843738699,0.01331015583127737,0.05159441754221916,0.0,0.0,0.0,0.0
5.377974510192871,-0.3792668879032135,-0.5078126192092896,0.0,0.0,-0.0012123368214815855,-0.20059069991111755,0.0,0.0,-0.2719556985150191,-0.24544172443300258,0.012251521460711956,0.051251120865345,0.0,0.0,0.0,0.0
5.379584074020386,-0.3792668879032135,-0.5078126192092896,0.0,0.0,-0.0012123368214815855,-0.20059069991111755,0.0,0.0,-0.2722912568123691,-0.2452595501704276,0.00950496643781662,0.0501067116856575,0.0,0.0,0.0,0.0
5.3814685344696045,-0.3792668879032135,-0.5078126192092896,0.0,0.0,-0.0012123368214815855,-0.20059069991111755,0.0,0.0,-0.27269392208785126,-0.24517327311378473,0.011590579524636269,0.04504496604204178,0.0,0.0,0.0,0.0
5.383225917816162,-0.3792668879032135,-0.5078126192092896,0.0,0.0,-0.0012123368214815855,-0.20059069991111755,0.0,0.0,-0.27269392208785126,-0.24517327311378473,0.011590579524636269,0.04504496604204178,0.0,0.0,0.0,0.0
5.385023593902588,-0.3792668879032135,-0.5078126192092896,0.0,0.0,-0.0012123368214815855,-0.20059069991111755,0.0,0.0,-0.27292880821465837,-0.24520683830619544,0.011104093864560127,0.04604640603065491,0.0,0.0,0.0,0.0
5.386854410171509,-0.3792668879032135,-0.5078126192092896,0.0,0.0,-0.0012123368214815855,-0.20059069991111755,0.0,0.0,-0.27307741728482265,-0.24506302760733117,0.011018263176083565,0.04441562294960022,0.0,0.0,0.0,0.0
5.389055490493774,-0.3884240388870239,-0.42809271812438965,0.0,0.0,-0.001286631333641708,-0.20063112676143646,0.0,0.0,-0.27348967930290474,-0.24497192877269905,0.006955666933208704,0.043814778327941895,0.0,0.0,0.0,0.0
5.390791177749634,-0.3884240388870239,-0.42809271812438965,0.0,0.0,-0.001286631333641708,-0.20063112676143646,0.0,0.0,-0.27348967930290474,-0.24497192877269905,0.006955666933208704,0.043814778327941895,0.0,0.0,0.0,0.0
5.39246392250061,-0.3884240388870239,-0.42809271812438965,0.0,0.0,-0.001286631333641708,-0.20063112676143646,0.0,0.0,-0.27393548310670834,-0.24487128000884548,0.004180418327450752,0.043242573738098145,0.0,0.0,0.0,0.0
5.3943030834198,-0.3884240388870239,-0.42809271812438965,0.0,0.0,-0.001286631333641708,-0.20063112676143646,0.0,0.0,-0.27417036923351545,-0.24490002342326692,0.009138258174061775,0.03877091407775879,0.0,0.0,0.0,0.0
5.395909547805786,-0.3884240388870239,-0.42809271812438965,0.0,0.0,-0.001286631333641708,-0.20063112676143646,0.0,0.0,-0.27417036923351545,-0.24490002342326692,0.009138258174061775,0.03877091407775879,0.0,0.0,0.0,0.0
5.397781133651733,-0.3884240388870239,-0.42809271812438965,0.0,0.0,-0.001286631333641708,-0.20063112676143646,0.0,0.0,-0.2742279028757369,-0.24490002342326692,0.0103684701025486,0.03877091407775879,0.0,0.0,0.0,0.0
5.400636911392212,-0.32544174790382385,-0.34365999698638916,0.0,0.0,-0.0011598420096561313,-0.20066006481647491,0.0,0.0,-0.274472385745144,-0.24490002342326692,0.008079707622528076,0.03877091407775879,0.0,0.0,0.0,0.0
5.402557849884033,-0.32544174790382385,-0.34365999698638916,0.0,0.0,-0.0011598420096561313,-0.20066006481647491,0.0,0.0,-0.2746497382297297,-0.24490002342326692,0.01375629659742117,0.03343778848648071,0.0,0.0,0.0,0.0
5.404772996902466,-0.32544174790382385,-0.34365999698638916,0.0,0.0,-0.0011598420096561313,-0.20066006481647491,0.0,0.0,-0.27484148582821544,-0.24490002342326692,0.01120992936193943,0.03343778848648071,0.0,0.0,0.0,0.0
5.406468152999878,-0.32544174790382385,-0.34365999698638916,0.0,0.0,-0.0011598420096561313,-0.20066006481647491,0.0,0.0,-0.27484148582821544,-0.24490002342326692,0.01120992936193943,0.03343778848648071,0.0,0.0,0.0,0.0
5.408512592315674,-0.2863224446773529,-0.3139251470565796,0.0,0.0,-0.0010012983111664653,-0.20069968700408936,0.0,0.0,-0.2748175173784047,-0.24490002342326692,0.012125457637012005,0.03343778848648071,0.0,0.0,0.0,0.0
5.410413980484009,-0.2863224446773529,-0.3139251470565796,0.0,0.0,-0.0010012983111664653,-0.20069968700408936,0.0,0.0,-0.2748175173784047,-0.24490002342326692,0.013012486509978771,0.03343778848648071,0.0,0.0,0.0,0.0
5.412793874740601,-0.2863224446773529,-0.3139251470565796,0.0,0.0,-0.0010012983111664653,-0.20069968700408936,0.0,0.0,-0.2748175173784047,-0.24490002342326692,0.018368521705269814,0.028081752359867096,0.0,0.0,0.0,0.0
5.415016412734985,-0.2863224446773529,-0.3139251470565796,0.0,0.0,-0.0010012983111664653,-0.20069968700408936,0.0,0.0,-0.2748175173784047,-0.24490002342326692,0.018368521705269814,0.028081752359867096,0.0,0.0,0.0,0.0
5.416755437850952,-0.2863224446773529,-0.3139251470565796,0.0,0.0,-0.0010012983111664653,-0.20069968700408936,0.0,0.0,-0.2748175173784047,-0.24490002342326692,0.018368521705269814,0.028081752359867096,0.0,0.0,0.0,0.0
5.4182281494140625,-0.2397710680961609,-0.26639682054519653,0.0,0.0,-0.0008460977696813643,-0.20075219869613647,0.0,0.0,-0.2748175173784047,-0.24490002342326692,0.018368521705269814,0.028081752359867096,0.0,0.0,0.0,0.0
5.4201695919036865,-0.2397710680961609,-0.26639682054519653,0.0,0.0,-0.0008460977696813643,-0.20075219869613647,0.0,0.0,-0.27490381784173684,-0.24534585063375974,0.018368521705269814,0.0332317054271698,0.0,0.0,0.0,0.0
5.4223432540893555,-0.2397710680961609,-0.26639682054519653,0.0,0.0,-0.0008460977696813643,-0.20075219869613647,0.0,0.0,-0.2749996916409797,-0.24571017575222043,0.02182471565902233,0.03126385807991028,0.0,0.0,0.0,0.0
5.423947811126709,-0.2397710680961609,-0.26639682054519653,0.0,0.0,-0.0008460977696813643,-0.20075219869613647,0.0,0.0,-0.2749996916409797,-0.24571017575222043,0.02182471565902233,0.03126385807991028,0.0,0.0,0.0,0.0
5.42544150352478,-0.2397710680961609,-0.26639682054519653,0.0,0.0,-0.0008460977696813643,-0.20075219869613647,0.0,0.0,-0.27509556544022257,-0.24596423195753828,0.021281009539961815,0.03155001625418663,0.0,0.0,0.0,0.0
5.426937580108643,-0.2397710680961609,-0.26639682054519653,0.0,0.0,-0.0008460977696813643,-0.20075219869613647,0.0,0.0,-0.27509556544022257,-0.24596423195753828,0.021281009539961815,0.03155001625418663,0.0,0.0,0.0,0.0
5.428411245346069,-0.22313539683818817,-0.19970622658729553,0.0,0.0,-0.0007789465016685426,-0.2007896602153778,0.0,0.0,-0.2752681429601975,-0.24610324428510255,0.020708804950118065,0.031492795795202255,0.0,0.0,0.0,0.0
5.430011987686157,-0.22313539683818817,-0.19970622658729553,0.0,0.0,-0.0007789465016685426,-0.2007896602153778,0.0,0.0,-0.27545989055868325,-0.24661617847372752,0.01836276613175869,0.03744363784790039,0.0,0.0,0.0,0.0
5.431519985198975,-0.22313539683818817,-0.19970622658729553,0.0,0.0,-0.0007789465016685426,-0.2007896602153778,0.0,0.0,-0.27545989055868325,-0.24661617847372752,0.01836276613175869,0.03744363784790039,0.0,0.0,0.0,0.0
5.433039665222168,-0.22313539683818817,-0.19970622658729553,0.0,0.0,-0.0007789465016685426,-0.2007896602153778,0.0,0.0,-0.2754982307157047,-0.24683189452202395,0.024250579997897148,0.03123960644006729,0.0,0.0,0.0,0.0
5.435440540313721,-0.22313539683818817,-0.19970622658729553,0.0,0.0,-0.0007789465016685426,-0.2007896602153778,0.0,0.0,-0.2754311237375725,-0.24725852824731678,0.02548084780573845,0.03470141440629959,0.0,0.0,0.0,0.0
5.437138795852661,-0.22313539683818817,-0.19970622658729553,0.0,0.0,-0.0007789465016685426,-0.2007896602153778,0.0,0.0,-0.2754311237375725,-0.24725852824731678,0.02548084780573845,0.03470141440629959,0.0,0.0,0.0,0.0
5.439059019088745,-0.2316770702600479,-0.08674547076225281,0.0,0.0,-0.0007813349366188049,-0.20078831911087036,0.0,0.0,-0.2754311237375725,-0.2476516201868882,0.02548084780573845,0.035216398537158966,0.0,0.0,0.0,0.0
5.440655469894409,-0.2316770702600479,-0.08674547076225281,0.0,0.0,-0.0007813349366188049,-0.20078831911087036,0.0,0.0,-0.2755749344364368,-0.24812619081180246,0.023792928084731102,0.04070964828133583,0.0,0.0,0.0,0.0
5.442812919616699,-0.2316770702600479,-0.08674547076225281,0.0,0.0,-0.0007813349366188049,-0.20078831911087036,0.0,0.0,-0.27567560660697965,-0.24845695073785246,0.028593802824616432,0.036480195820331573,0.0,0.0,0.0,0.0
5.444433927536011,-0.2316770702600479,-0.08674547076225281,0.0,0.0,-0.0007813349366188049,-0.20078831911087036,0.0,0.0,-0.27567560660697965,-0.24845695073785246,0.028593802824616432,0.036480195820331573,0.0,0.0,0.0,0.0
5.446715354919434,-0.2316770702600479,-0.08674547076225281,0.0,0.0,-0.0007813349366188049,-0.20078831911087036,0.0,0.0,-0.2757714804062225,-0.24869183686465957,0.027992960065603256,0.036966681480407715,0.0,0.0,0.0,0.0
5.448928117752075,-0.2646821141242981,-0.08405221998691559,0.0,0.0,-0.0008445652201771736,-0.20084305107593536,0.0,0.0,-0.27584338575565465,-0.24937734857325952,0.02759244665503502,0.04251706600189209,0.0,0.0,0.0,0.0
5.450546741485596,-0.2646821141242981,-0.08405221998691559,0.0,0.0,-0.0008445652201771736,-0.20084305107593536,0.0,0.0,-0.27584338575565465,-0.24937734857325952,0.02759244665503502,0.04251706600189209,0.0,0.0,0.0,0.0
5.452093839645386,-0.2646821141242981,-0.08405221998691559,0.0,0.0,-0.0008445652201771736,-0.20084305107593536,0.0,0.0,-0.2759584296334082,-0.24970331012800953,0.026905685663223267,0.044433921575546265,0.0,0.0,0.0,0.0
5.454107284545898,-0.2646821141242981,-0.08405221998691559,0.0,0.0,-0.0008445652201771736,-0.20084305107593536,0.0,0.0,-0.2760638767685618,-0.24983274911966308,0.031657807528972626,0.03756604343652725,0.0,0.0,0.0,0.0
5.455945253372192,-0.2646821141242981,-0.08405221998691559,0.0,0.0,-0.0008445652201771736,-0.20084305107593536,0.0,0.0,-0.2760638767685618,-0.24983274911966308,0.031657807528972626,0.03756604343652725,0.0,0.0,0.0,0.0
5.458394289016724,-0.27644237875938416,-0.06179992854595184,0.0,0.0,-0.000907604000531137,-0.200932577252388,0.0,0.0,-0.2760447066900511,-0.25043673532954164,0.0326019711792469,0.043860264122486115,0.0,0.0,0.0,0.0
5.461340665817261,-0.27644237875938416,-0.06179992854595184,0.0,0.0,-0.000907604000531137,-0.200932577252388,0.0,0.0,-0.2762891895594582,-0.25134753642234875,0.035677626729011536,0.04378720372915268,0.0,0.0,0.0,0.0
5.463593006134033,-0.27644237875938416,-0.06179992854595184,0.0,0.0,-0.000907604000531137,-0.200932577252388,0.0,0.0,-0.2764857355292439,-0.2520378465022487,0.03373224288225174,0.04976674169301987,0.0,0.0,0.0,0.0
5.46576189994812,-0.27644237875938416,-0.06179992854595184,0.0,0.0,-0.000907604000531137,-0.200932577252388,0.0,0.0,-0.2764857355292439,-0.2520378465022487,0.03373224288225174,0.04976674169301987,0.0,0.0,0.0,0.0
5.468106746673584,-0.3240639269351959,-0.06943272799253464,0.0,0.0,-0.001053570187650621,-0.20103177428245544,0.0,0.0,-0.2766774831277296,-0.2528479754245129,0.03253055736422539,0.05525990575551987,0.0,0.0,0.0,0.0
5.469897270202637,-0.3240639269351959,-0.06943272799253464,0.0,0.0,-0.001053570187650621,-0.20103177428245544,0.0,0.0,-0.27687880406212606,-0.25357182729013433,0.03138614818453789,0.05834981054067612,0.0,0.0,0.0,0.0
5.471579551696777,-0.3240639269351959,-0.06943272799253464,0.0,0.0,-0.001053570187650621,-0.20103177428245544,0.0,0.0,-0.27743967515037243,-0.25490446373693426,0.03101709485054016,0.06415629386901855,0.0,0.0,0.0,0.0
5.472981929779053,-0.3240639269351959,-0.06943272799253464,0.0,0.0,-0.001053570187650621,-0.20103177428245544,0.0,0.0,-0.27743967515037243,-0.25490446373693426,0.03101709485054016,0.06415629386901855,0.0,0.0,0.0,0.0
5.474422454833984,-0.3240639269351959,-0.06943272799253464,0.0,0.0,-0.001053570187650621,-0.20103177428245544,0.0,0.0,-0.27780879864013314,-0.25596387389990566,0.029386337846517563,0.07013580203056335,0.0,0.0,0.0,0.0
5.475863456726074,-0.3240639269351959,-0.06943272799253464,0.0,0.0,-0.001053570187650621,-0.20103177428245544,0.0,0.0,-0.27780879864013314,-0.25596387389990566,0.029386337846517563,0.07013580203056335,0.0,0.0,0.0,0.0
5.477293968200684,-0.3240639269351959,-0.06943272799253464,0.0,0.0,-0.001053570187650621,-0.20103177428245544,0.0,0.0,-0.2783121360861581,-0.25711915786211986,0.027126159518957138,0.07866168022155762,0.0,0.0,0.0,0.0
5.47923469543457,-0.3444705009460449,-0.05130453035235405,0.0,0.0,-0.0011533453362062573,-0.2011290341615677,0.0,0.0,-0.2788202484967938,-0.25850932795114123,0.0213468074798584,0.08821748942136765,0.0,0.0,0.0,0.0
5.4807257652282715,-0.3444705009460449,-0.05130453035235405,0.0,0.0,-0.0011533453362062573,-0.2011290341615677,0.0,0.0,-0.2788202484967938,-0.25850932795114123,0.0213468074798584,0.08821748942136765,0.0,0.0,0.0,0.0
5.482697010040283,-0.3444705009460449,-0.05130453035235405,0.0,0.0,-0.0011533453362062573,-0.2011290341615677,0.0,0.0,-0.27925647896468664,-0.259937838197184,0.025409599766135216,0.09210832417011261,0.0,0.0,0.0,0.0
5.48441219329834,-0.3444705009460449,-0.05130453035235405,0.0,0.0,-0.0011533453362062573,-0.2011290341615677,0.0,0.0,-0.2797214762536902,-0.2613471783647161,0.022176560014486313,0.1005769744515419,0.0,0.0,0.0,0.0
5.485901355743408,-0.3444705009460449,-0.05130453035235405,0.0,0.0,-0.0011533453362062573,-0.2011290341615677,0.0,0.0,-0.2797214762536902,-0.2613471783647161,0.022176560014486313,0.1005769744515419,0.0,0.0,0.0,0.0
5.488192319869995,-0.4157928228378296,-0.14180529117584229,0.0,0.0,-0.0013336538104340434,-0.201273575425148,0.0,0.0,-0.28017687680009373,-0.26246889713451965,0.0221765898168087,0.10687128454446793,0.0,0.0,0.0,0.0
5.489743947982788,-0.4157928228378296,-0.14180529117584229,0.0,0.0,-0.0013336538104340434,-0.201273575425148,0.0,0.0,-0.28035422928467946,-0.26352350892619103,0.020030822604894638,0.11296526342630386,0.0,0.0,0.0,0.0
5.491858243942261,-0.4157928228378296,-0.14180529117584229,0.0,0.0,-0.0013336538104340434,-0.201273575425148,0.0,0.0,-0.28033505920616875,-0.264204222263491,0.027240684255957603,0.10635627806186676,0.0,0.0,0.0,0.0
5.493346929550171,-0.4157928228378296,-0.14180529117584229,0.0,0.0,-0.0013336538104340434,-0.201273575425148,0.0,0.0,-0.28033505920616875,-0.264204222263491,0.027240684255957603,0.10635627806186676,0.0,0.0,0.0,0.0
5.494780778884888,-0.4157928228378296,-0.14180529117584229,0.0,0.0,-0.0013336538104340434,-0.201273575425148,0.0,0.0,-0.2803398575774687,-0.2646883896310052,0.028470952063798904,0.1081014946103096,0.0,0.0,0.0,0.0
5.496213912963867,-0.4157928228378296,-0.14180529117584229,0.0,0.0,-0.0013336538104340434,-0.201273575425148,0.0,0.0,-0.2803398575774687,-0.2646883896310052,0.028470952063798904,0.1081014946103096,0.0,0.0,0.0,0.0
5.498105049133301,-0.4966321587562561,-0.3632572591304779,0.0,0.0,-0.0015979241579771042,-0.20156286656856537,0.0,0.0,-0.2803398575774687,-0.2649568409502231,0.028470952063798904,0.1080443263053894,0.0,0.0,0.0,0.0
5.499617099761963,-0.4966321587562561,-0.3632572591304779,0.0,0.0,-0.0015979241579771042,-0.20156286656856537,0.0,0.0,-0.2803398575774687,-0.2650095528144552,0.028470952063798904,0.10721463710069656,0.0,0.0,0.0,0.0
5.501047372817993,-0.4966321587562561,-0.3632572591304779,0.0,0.0,-0.0015979241579771042,-0.20156286656856537,0.0,0.0,-0.2803398575774687,-0.2650095528144552,0.028470952063798904,0.10721463710069656,0.0,0.0,0.0,0.0
5.502577066421509,-0.4966321587562561,-0.3632572591304779,0.0,0.0,-0.0015979241579771042,-0.20156286656856537,0.0,0.0,-0.2796975078038795,-0.26499997947854453,0.040029510855674744,0.09960425645112991,0.0,0.0,0.0,0.0
5.504633903503418,-0.4966321587562561,-0.3632572591304779,0.0,0.0,-0.0015979241579771042,-0.20156286656856537,0.0,0.0,-0.27922771214357595,-0.26499997947854453,0.046123601496219635,0.09960425645112991,0.0,0.0,0.0,0.0
5.50665020942688,-0.4966321587562561,-0.3632572591304779,0.0,0.0,-0.0015979241579771042,-0.20156286656856537,0.0,0.0,-0.27922771214357595,-0.26499997947854453,0.046123601496219635,0.09960425645112991,0.0,0.0,0.0,0.0
5.5092551708221436,-0.6145614981651306,-0.7000466585159302,0.0,0.0,-0.0019516367465257645,-0.20196475088596344,0.0,0.0,-0.2785278521344545,-0.26434803296235526,0.04964260384440422,0.09170780330896378,0.0,0.0,0.0,0.0
5.511699676513672,-0.6145614981651306,-0.7000466585159302,0.0,0.0,-0.0019516367465257645,-0.20196475088596344,0.0,0.0,-0.2781347601948831,-0.26396453776538387,0.05032919719815254,0.09010568261146545,0.0,0.0,0.0,0.0
5.5143351554870605,-0.6145614981651306,-0.7000466585159302,0.0,0.0,-0.0019516367465257645,-0.20196475088596344,0.0,0.0,-0.277722498176801,-0.2637344500098767,0.05945591256022453,0.0841839611530304,0.0,0.0,0.0,0.0
5.516618013381958,-0.6145614981651306,-0.7000466585159302,0.0,0.0,-0.0019516367465257645,-0.20196475088596344,0.0,0.0,-0.277401334993351,-0.2635522757473017,0.059255558997392654,0.08398371189832687,0.0,0.0,0.0,0.0
5.518238544464111,-0.683312714099884,-0.7092733979225159,0.0,0.0,-0.0022290083579719067,-0.2021818310022354,0.0,0.0,-0.277401334993351,-0.2636146077608231,0.05802534893155098,0.08595781773328781,0.0,0.0,0.0,0.0
5.5199174880981445,-0.683312714099884,-0.7092733979225159,0.0,0.0,-0.0022290083579719067,-0.2021818310022354,0.0,0.0,-0.277401334993351,-0.2636146077608231,0.05802534893155098,0.08595781773328781,0.0,0.0,0.0,0.0
5.521435022354126,-0.683312714099884,-0.7092733979225159,0.0,0.0,-0.0022290083579719067,-0.2021818310022354,0.0,0.0,-0.27734380135112957,-0.2636146077608231,0.05710981786251068,0.08595781773328781,0.0,0.0,0.0,0.0
5.523278713226318,-0.683312714099884,-0.7092733979225159,0.0,0.0,-0.0022290083579719067,-0.2021818310022354,0.0,0.0,-0.27802451468842954,-0.26398850621519454,0.05699808523058891,0.08518036454916,0.0,0.0,0.0,0.0
5.524896621704102,-0.683312714099884,-0.7092733979225159,0.0,0.0,-0.0022290083579719067,-0.2021818310022354,0.0,0.0,-0.27802451468842954,-0.26398850621519454,0.05699808523058891,0.08518036454916,0.0,0.0,0.0,0.0
5.526396751403809,-0.683312714099884,-0.7092733979225159,0.0,0.0,-0.0022290083579719067,-0.2021818310022354,0.0,0.0,-0.2786093308197974,-0.26443431001899814,0.051476337015628815,0.0887567326426506,0.0,0.0,0.0,0.0
5.5286009311676025,-0.6967772245407104,-0.5282766222953796,0.0,0.0,-0.002325204433873296,-0.20216234028339386,0.0,0.0,-0.2791606051654438,-0.2645014404038195,0.04638369381427765,0.08618183434009552,0.0,0.0,0.0,0.0
5.5301268100738525,-0.6967772245407104,-0.5282766222953796,0.0,0.0,-0.002325204433873296,-0.20216234028339386,0.0,0.0,-0.2791606051654438,-0.2645014404038195,0.04638369381427765,0.08618183434009552,0.0,0.0,0.0,0.0
5.53166937828064,-0.6967772245407104,-0.5282766222953796,0.0,0.0,-0.002325204433873296,-0.20216234028339386,0.0,0.0,-0.27967833772536876,-0.26470276133821596,0.04977719113230705,0.08336126804351807,0.0,0.0,0.0,0.0
5.533187389373779,-0.6967772245407104,-0.5282766222953796,0.0,0.0,-0.002325204433873296,-0.20216234028339386,0.0,0.0,-0.27967833772536876,-0.26470276133821596,0.04977719113230705,0.08336126804351807,0.0,0.0,0.0,0.0
5.534635782241821,-0.6967772245407104,-0.5282766222953796,0.0,0.0,-0.002325204433873296,-0.20216234028339386,0.0,0.0,-0.28006183292234016,-0.2650095528144552,0.04780319705605507,0.0863940641283989,0.0,0.0,0.0,0.0
5.536131381988525,-0.6967772245407104,-0.5282766222953796,0.0,0.0,-0.002325204433873296,-0.20216234028339386,0.0,0.0,-0.28006183292234016,-0.2650095528144552,0.04780319705605507,0.0863940641283989,0.0,0.0,0.0,0.0
5.538252592086792,-0.7136932015419006,-0.21420800685882568,0.0,0.0,-0.002394790994003415,-0.2019815444946289,0.0,0.0,-0.2805076367261437,-0.26506228808537663,0.045657429844141006,0.08467742055654526,0.0,0.0,0.0,0.0
5.540347337722778,-0.7136932015419006,-0.21420800685882568,0.0,0.0,-0.002394790994003415,-0.2019815444946289,0.0,0.0,-0.281149986499733,-0.26499997947854453,0.03999249264597893,0.08347579091787338,0.0,0.0,0.0,0.0
5.542053461074829,-0.7136932015419006,-0.21420800685882568,0.0,0.0,-0.002394790994003415,-0.2019815444946289,0.0,0.0,-0.2816724940242687,-0.26499997947854453,0.04321988672018051,0.07810188084840775,0.0,0.0,0.0,0.0
5.543550252914429,-0.7136932015419006,-0.21420800685882568,0.0,0.0,-0.002394790994003415,-0.2019815444946289,0.0,0.0,-0.2816724940242687,-0.26499997947854453,0.04321988672018051,0.07810188084840775,0.0,0.0,0.0,0.0
5.545536994934082,-0.7136932015419006,-0.21420800685882568,0.0,0.0,-0.002394790994003415,-0.2019815444946289,0.0,0.0,-0.28215186302048295,-0.26499997947854453,0.040530554950237274,0.07810188084840775,0.0,0.0,0.0,0.0
5.547170162200928,-0.7136932015419006,-0.21420800685882568,0.0,0.0,-0.002394790994003415,-0.2019815444946289,0.0,0.0,-0.28292365178572576,-0.26499997947854453,0.034493740648031235,0.07810188084840775,0.0,0.0,0.0,0.0
5.549444675445557,-0.706713855266571,-0.24539870023727417,0.0,0.0,-0.002390340669080615,-0.20201249420642853,0.0,0.0,-0.28384404962113285,-0.26499997947854453,0.026940641924738884,0.07810188084840775,0.0,0.0,0.0,0.0
5.5512330532073975,-0.706713855266571,-0.24539870023727417,0.0,0.0,-0.002390340669080615,-0.20201249420642853,0.0,0.0,-0.28384404962113285,-0.26499997947854453,0.026940641924738884,0.07810188084840775,0.0,0.0,0.0,0.0
5.553842782974243,-0.706713855266571,-0.24539870023727417,0.0,0.0,-0.002390340669080615,-0.20201249420642853,0.0,0.0,-0.2848507245131828,-0.26499997947854453,0.025767510756850243,0.0727246105670929,0.0,0.0,0.0,0.0
5.556159019470215,-0.706713855266571,-0.24539870023727417,0.0,0.0,-0.002390340669080615,-0.20201249420642853,0.0,0.0,-0.28584780266263277,-0.26499997947854453,0.019559169188141823,0.0727246105670929,0.0,0.0,0.0,0.0
5.55843710899353,-0.66758793592453,-0.3398215174674988,0.0,0.0,-0.0022895794827491045,-0.2021835446357727,0.0,0.0,-0.2871420989524113,-0.26499997947854453,0.010632695630192757,0.0727246105670929,0.0,0.0,0.0,0.0
5.5601606369018555,-0.66758793592453,-0.3398215174674988,0.0,0.0,-0.0022895794827491045,-0.2021835446357727,0.0,0.0,-0.28863294121197547,-0.26510542661369807,-0.00043940843897871673,0.07418370246887207,0.0,0.0,0.0,0.0
5.5617835521698,-0.66758793592453,-0.3398215174674988,0.0,0.0,-0.0022895794827491045,-0.2021835446357727,0.0,0.0,-0.28863294121197547,-0.26510542661369807,-0.00043940843897871673,0.07418370246887207,0.0,0.0,0.0,0.0
5.563716173171997,-0.66758793592453,-0.3398215174674988,0.0,0.0,-0.0022895794827491045,-0.2021835446357727,0.0,0.0,-0.29005667649340755,-0.26536907956161593,-0.0021701876539736986,0.06942068785429001,0.0,0.0,0.0,0.0
5.565677642822266,-0.66758793592453,-0.3398215174674988,0.0,0.0,-0.0022895794827491045,-0.2021835446357727,0.0,0.0,-0.2916146257311039,-0.26565670095934446,-0.014072099700570107,0.07376938313245773,0.0,0.0,0.0,0.0
5.567323684692383,-0.66758793592453,-0.3398215174674988,0.0,0.0,-0.0022895794827491045,-0.2021835446357727,0.0,0.0,-0.2916146257311039,-0.26565670095934446,-0.014072099700570107,0.07376938313245773,0.0,0.0,0.0,0.0
5.5697596073150635,-0.6030226349830627,-0.307606041431427,0.0,0.0,-0.002126715611666441,-0.20227427780628204,0.0,0.0,-0.29333075737487524,-0.26578613995099803,-0.024285951629281044,0.07371216267347336,0.0,0.0,0.0,0.0
5.571853399276733,-0.6030226349830627,-0.307606041431427,0.0,0.0,-0.002126715611666441,-0.20227427780628204,0.0,0.0,-0.2948072045205395,-0.26598748429208374,-0.032697245478630066,0.07491385191679001,0.0,0.0,0.0,0.0
5.573646306991577,-0.6030226349830627,-0.307606041431427,0.0,0.0,-0.002126715611666441,-0.20227427780628204,0.0,0.0,-0.2959960536751644,-0.2659203539072623,-0.033203624188899994,0.06746580451726913,0.0,0.0,0.0,0.0
5.575369119644165,-0.6030226349830627,-0.307606041431427,0.0,0.0,-0.002126715611666441,-0.20227427780628204,0.0,0.0,-0.2959960536751644,-0.2659203539072623,-0.033203624188899994,0.06746580451726913,0.0,0.0,0.0,0.0
5.5775978565216064,-0.6030226349830627,-0.307606041431427,0.0,0.0,-0.002126715611666441,-0.20227427780628204,0.0,0.0,-0.29696436500350365,-0.2659203539072623,-0.03574993461370468,0.06746580451726913,0.0,0.0,0.0,0.0
5.580167770385742,-0.49022307991981506,-0.4181203544139862,0.0,0.0,-0.0018068630015477538,-0.20245397090911865,0.0,0.0,-0.29785119764650003,-0.2655320837456802,-0.04049931839108467,0.0626593679189682,0.0,0.0,0.0,0.0
5.58236289024353,-0.49022307991981506,-0.4181203544139862,0.0,0.0,-0.0018068630015477538,-0.20245397090911865,0.0,0.0,-0.2983257916781036,-0.2649232757578124,-0.040842585265636444,0.05750950053334236,0.0,0.0,0.0,0.0
5.584102153778076,-0.49022307991981506,-0.4181203544139862,0.0,0.0,-0.0018068630015477538,-0.20245397090911865,0.0,0.0,-0.29876199873930714,-0.2643528313336553,-0.037194836884737015,0.04770999029278755,0.0,0.0,0.0,0.0
5.586033821105957,-0.49022307991981506,-0.4181203544139862,0.0,0.0,-0.0018068630015477538,-0.20245397090911865,0.0,0.0,-0.29897293982299283,-0.26389263241595173,-0.03679429367184639,0.045936182141304016,0.0,0.0,0.0,0.0
5.587836265563965,-0.49022307991981506,-0.4181203544139862,0.0,0.0,-0.0018068630015477538,-0.20245397090911865,0.0,0.0,-0.29897293982299283,-0.26389263241595173,-0.03679429367184639,0.045936182141304016,0.0,0.0,0.0,0.0
5.589946508407593,-0.33583730459213257,-0.6416176557540894,0.0,0.0,-0.0013192358892410994,-0.20276765525341034,0.0,0.0,-0.29915988905017854,-0.26357144582581243,-0.03573577105998993,0.04553569480776787,0.0,0.0,0.0,0.0
5.591702938079834,-0.33583730459213257,-0.6416176557540894,0.0,0.0,-0.0013192358892410994,-0.20276765525341034,0.0,0.0,-0.29935163664866427,-0.26328862279938386,-0.0328575074672699,0.038480088114738464,0.0,0.0,0.0,0.0
5.593339920043945,-0.33583730459213257,-0.6416176557540894,0.0,0.0,-0.0013192358892410994,-0.20276765525341034,0.0,0.0,-0.29935163664866427,-0.26328862279938386,-0.0328575074672699,0.038480088114738464,0.0,0.0,0.0,0.0
5.595304250717163,-0.33583730459213257,-0.6416176557540894,0.0,0.0,-0.0013192358892410994,-0.20276765525341034,0.0,0.0,-0.29954338424714994,-0.2632646543495732,-0.03405919298529625,0.04002504050731659,0.0,0.0,0.0,0.0
5.59711217880249,-0.33583730459213257,-0.6416176557540894,0.0,0.0,-0.0013192358892410994,-0.20276765525341034,0.0,0.0,-0.29967279983211426,-0.2633077928778946,-0.03520360216498375,0.04108361899852753,0.0,0.0,0.0,0.0
5.599550724029541,-0.17211666703224182,-0.9041171073913574,0.0,0.0,-0.0007743737078271806,-0.20313143730163574,0.0,0.0,-0.2996680248675035,-0.2633077928778946,-0.033086445182561874,0.04108361899852753,0.0,0.0,0.0,0.0
5.60172176361084,-0.17211666703224182,-0.9041171073913574,0.0,0.0,-0.0007743737078271806,-0.20313143730163574,0.0,0.0,-0.2996680248675035,-0.263696086446166,-0.027713367715477943,0.040517114102840424,0.0,0.0,0.0,0.0
5.603673696517944,-0.17211666703224182,-0.9041171073913574,0.0,0.0,-0.0007743737078271806,-0.20313143730163574,0.0,0.0,-0.2996680248675035,-0.263696086446166,-0.027713367715477943,0.040517114102840424,0.0,0.0,0.0,0.0
5.605763912200928,-0.17211666703224182,-0.9041171073913574,0.0,0.0,-0.0007743737078271806,-0.20313143730163574,0.0,0.0,-0.2996680248675035,-0.2644103415691874,-0.027713367715477943,0.047583870589733124,0.0,0.0,0.0,0.0
5.607234477996826,-0.17211666703224182,-0.9041171073913574,0.0,0.0,-0.0007743737078271806,-0.20313143730163574,0.0,0.0,-0.2996680248675035,-0.26499997947854453,-0.027713367715477943,0.05095982179045677,0.0,0.0,0.0,0.0
5.6087141036987305,-0.05300328880548477,-0.7629173398017883,0.0,0.0,-0.0003343473363202065,-0.2031993269920349,0.0,0.0,-0.2996680248675035,-0.26499997947854453,-0.027713367715477943,0.05095982179045677,0.0,0.0,0.0,0.0
5.610098838806152,-0.05300328880548477,-0.7629173398017883,0.0,0.0,-0.0003343473363202065,-0.2031993269920349,0.0,0.0,-0.2993228698275535,-0.26567109607324446,-0.023164255544543266,0.05613824352622032,0.0,0.0,0.0,0.0
5.611460208892822,-0.05300328880548477,-0.7629173398017883,0.0,0.0,-0.0003343473363202065,-0.2031993269920349,0.0,0.0,-0.2993228698275535,-0.26567109607324446,-0.023164255544543266,0.05613824352622032,0.0,0.0,0.0,0.0
5.612791061401367,-0.05300328880548477,-0.7629173398017883,0.0,0.0,-0.0003343473363202065,-0.2031993269920349,0.0,0.0,-0.29886746928115,-0.2662655089472123,-0.01430338341742754,0.05285706743597984,0.0,0.0,0.0,0.0
5.6141698360443115,-0.05300328880548477,-0.7629173398017883,0.0,0.0,-0.0003343473363202065,-0.2031993269920349,0.0,0.0,-0.29886746928115,-0.2662655089472123,-0.01430338341742754,0.05285706743597984,0.0,0.0,0.0,0.0
5.615548849105835,-0.05300328880548477,-0.7629173398017883,0.0,0.0,-0.0003343473363202065,-0.2031993269920349,0.0,0.0,-0.298368930206425,-0.26676404802193726,-0.010641244240105152,0.05600419268012047,0.0,0.0,0.0,0.0
5.616915464401245,-0.05300328880548477,-0.7629173398017883,0.0,0.0,-0.0003343473363202065,-0.2031993269920349,0.0,0.0,-0.298368930206425,-0.26676404802193726,-0.010641244240105152,0.05600419268012047,0.0,0.0,0.0,0.0
5.618733644485474,-0.029835086315870285,-0.6657600402832031,0.0,0.0,-0.00014437639038078487,-0.20318251848220825,0.0,0.0,-0.29775054888264646,-0.26688868864229087,-0.0059777493588626385,0.05342921242117882,0.0,0.0,0.0,0.0
5.620521783828735,-0.029835086315870285,-0.6657600402832031,0.0,0.0,-0.00014437639038078487,-0.20318251848220825,0.0,0.0,-0.2971561126019894,-0.2675502084943908,-0.002430108841508627,0.057377398014068604,0.0,0.0,0.0,0.0
5.622265338897705,-0.029835086315870285,-0.6657600402832031,0.0,0.0,-0.00014437639038078487,-0.20318251848220825,0.0,0.0,-0.29662880670615366,-0.26777552128528725,0.005194545723497868,0.05559009686112404,0.0,0.0,0.0,0.0
5.623920917510986,-0.029835086315870285,-0.6657600402832031,0.0,0.0,-0.00014437639038078487,-0.20318251848220825,0.0,0.0,-0.29662880670615366,-0.26777552128528725,0.005194545723497868,0.05559009686112404,0.0,0.0,0.0,0.0
5.625656366348267,-0.029835086315870285,-0.6657600402832031,0.0,0.0,-0.00014437639038078487,-0.20318251848220825,0.0,0.0,-0.29630764352270367,-0.26813984640374794,0.005080104805529118,0.05624813213944435,0.0,0.0,0.0,0.0
5.627315282821655,-0.029835086315870285,-0.6657600402832031,0.0,0.0,-0.00014437639038078487,-0.20318251848220825,0.0,0.0,-0.29630764352270367,-0.26813984640374794,0.005080104805529118,0.05624813213944435,0.0,0.0,0.0,0.0
5.629058361053467,-0.06353604048490524,-0.6130905151367188,0.0,0.0,-0.00017555162776261568,-0.2032134085893631,0.0,0.0,-0.2960152237536751,-0.2682309218316908,0.007254510186612606,0.05604786053299904,0.0,0.0,0.0,0.0
5.630953788757324,-0.06353604048490524,-0.6130905151367188,0.0,0.0,-0.00017555162776261568,-0.2032134085893631,0.0,0.0,-0.2958091044479787,-0.2690602208324658,0.008913847617805004,0.06448793411254883,0.0,0.0,0.0,0.0
5.632417440414429,-0.06353604048490524,-0.6130905151367188,0.0,0.0,-0.00017555162776261568,-0.2032134085893631,0.0,0.0,-0.2958091044479787,-0.2690602208324658,0.008913847617805004,0.06448793411254883,0.0,0.0,0.0,0.0
5.6338465213775635,-0.06353604048490524,-0.6130905151367188,0.0,0.0,-0.00017555162776261568,-0.2032134085893631,0.0,0.0,-0.2957611675483573,-0.26935264060149433,0.012496106326580048,0.059046097099781036,0.0,0.0,0.0,0.0
5.635251998901367,-0.06353604048490524,-0.6130905151367188,0.0,0.0,-0.00017555162776261568,-0.2032134085893631,0.0,0.0,-0.2957611675483573,-0.26935264060149433,0.012496106326580048,0.059046097099781036,0.0,0.0,0.0,0.0
5.636697769165039,-0.06353604048490524,-0.6130905151367188,0.0,0.0,-0.00017555162776261568,-0.2032134085893631,0.0,0.0,-0.29575157080575726,-0.2694293443222264,0.01172362919896841,0.057844385504722595,0.0,0.0,0.0,0.0
5.638473033905029,-0.19116581976413727,-0.6029530167579651,0.0,0.0,-0.0005182456807233393,-0.2033112347126007,0.0,0.0,-0.29575157080575726,-0.26994705347546216,0.01172362919896841,0.06390977650880814,0.0,0.0,0.0,0.0
5.639904975891113,-0.19116581976413727,-0.6029530167579651,0.0,0.0,-0.0005182456807233393,-0.2033112347126007,0.0,0.0,-0.29575157080575726,-0.26994705347546216,0.01172362919896841,0.06390977650880814,0.0,0.0,0.0,0.0
5.641838312149048,-0.19116581976413727,-0.6029530167579651,0.0,0.0,-0.0005182456807233393,-0.2033112347126007,0.0,0.0,-0.29575157080575726,-0.27015799455914785,0.01172362919896841,0.06302280724048615,0.0,0.0,0.0,0.0
5.64327335357666,-0.19116581976413727,-0.6029530167579651,0.0,0.0,-0.0005182456807233393,-0.2033112347126007,0.0,0.0,-0.2961302676314287,-0.2704024540218657,0.012902292422950268,0.059097420424222946,0.0,0.0,0.0,0.0
5.644703388214111,-0.19116581976413727,-0.6029530167579651,0.0,0.0,-0.0005182456807233393,-0.2033112347126007,0.0,0.0,-0.2961302676314287,-0.2704024540218657,0.012902292422950268,0.059097420424222946,0.0,0.0,0.0,0.0
5.646108150482178,-0.19116581976413727,-0.6029530167579651,0.0,0.0,-0.0005182456807233393,-0.2033112347126007,0.0,0.0,-0.29650418949248936,-0.2705942016203514,0.009297430515289307,0.059412214905023575,0.0,0.0,0.0,0.0
5.647529363632202,-0.19116581976413727,-0.6029530167579651,0.0,0.0,-0.0005182456807233393,-0.2033112347126007,0.0,0.0,-0.29650418949248936,-0.2705942016203514,0.009297430515289307,0.059412214905023575,0.0,0.0,0.0,0.0
5.648991346359253,-0.3010321855545044,-0.45150622725486755,0.0,0.0,-0.000899161328561604,-0.2032693773508072,0.0,0.0,-0.29689725802537154,-0.2705222962709193,0.006951336283236742,0.057323552668094635,0.0,0.0,0.0,0.0
5.650926113128662,-0.3010321855545044,-0.45150622725486755,0.0,0.0,-0.000899161328561604,-0.2032693773508072,0.0,0.0,-0.2972663815151322,-0.2705222962709193,0.004748431965708733,0.057323552668094635,0.0,0.0,0.0,0.0
5.653046131134033,-0.3010321855545044,-0.45150622725486755,0.0,0.0,-0.000899161328561604,-0.2032693773508072,0.0,0.0,-0.2972663815151322,-0.2705222962709193,0.004748431965708733,0.057323552668094635,0.0,0.0,0.0,0.0
5.656059741973877,-0.3010321855545044,-0.45150622725486755,0.0,0.0,-0.000899161328561604,-0.2032693773508072,0.0,0.0,-0.29780326074687863,-0.2705222962709193,0.007062815595418215,0.05191918835043907,0.0,0.0,0.0,0.0
5.658173561096191,-0.3542414903640747,-0.4162602424621582,0.0,0.0,-0.0011478058295324445,-0.2033076137304306,0.0,0.0,-0.29780326074687863,-0.2705222962709193,0.007062815595418215,0.05191918835043907,0.0,0.0,0.0,0.0
5.661361217498779,-0.3542414903640747,-0.4162602424621582,0.0,0.0,-0.0011478058295324445,-0.2033076137304306,0.0,0.0,-0.29850794253398927,-0.2699135116897407,0.0034866200294345617,0.04716997221112251,0.0,0.0,0.0,0.0
5.6635901927948,-0.3542414903640747,-0.4162602424621582,0.0,0.0,-0.0011478058295324445,-0.2033076137304306,0.0,0.0,-0.2987524254033964,-0.2697361357984657,0.007343693170696497,0.03884819522500038,0.0,0.0,0.0,0.0
5.665611028671265,-0.3542414903640747,-0.4162602424621582,0.0,0.0,-0.0011478058295324445,-0.2033076137304306,0.0,0.0,-0.2987524254033964,-0.2697361357984657,0.007343693170696497,0.03884819522500038,0.0,0.0,0.0,0.0
5.667654991149902,-0.3542414903640747,-0.4162602424621582,0.0,0.0,-0.0011478058295324445,-0.2033076137304306,0.0,0.0,-0.2988914377309607,-0.26968819889884427,0.007429552264511585,0.04076516255736351,0.0,0.0,0.0,0.0
5.669461011886597,-0.3564765751361847,-0.41288861632347107,0.0,0.0,-0.0012174969306215644,-0.20338615775108337,0.0,0.0,-0.2992797312992321,-0.26962109192071215,0.0033383164554834366,0.040393147617578506,0.0,0.0,0.0,0.0
5.67099404335022,-0.3564765751361847,-0.41288861632347107,0.0,0.0,-0.0012174969306215644,-0.20338615775108337,0.0,0.0,-0.29967279983211426,-0.2695252181214693,0.001221047481521964,0.03979244455695152,0.0,0.0,0.0,0.0
5.672429323196411,-0.3564765751361847,-0.41288861632347107,0.0,0.0,-0.0012174969306215644,-0.20338615775108337,0.0,0.0,-0.29967279983211426,-0.2695252181214693,0.001221047481521964,0.03979244455695152,0.0,0.0,0.0,0.0
5.673830032348633,-0.3564765751361847,-0.41288861632347107,0.0,0.0,-0.0012174969306215644,-0.20338615775108337,0.0,0.0,-0.2996775982034142,-0.26942454595092646,0.007592580281198025,0.03385079279541969,0.0,0.0,0.0,0.0
5.675232648849487,-0.3564765751361847,-0.41288861632347107,0.0,0.0,-0.0012174969306215644,-0.20338615775108337,0.0,0.0,-0.2996775982034142,-0.26942454595092646,0.007592580281198025,0.03385079279541969,0.0,0.0,0.0,0.0
5.676647663116455,-0.3564765751361847,-0.41288861632347107,0.0,0.0,-0.0012174969306215644,-0.20338615775108337,0.0,0.0,-0.29995084789393206,-0.2694437160294372,0.006534085143357515,0.03479481860995293,0.0,0.0,0.0,0.0
5.678363084793091,-0.3125380277633667,-0.3634692430496216,0.0,0.0,-0.0011053076013922691,-0.20346175134181976,0.0,0.0,-0.29995084789393206,-0.2694437160294372,0.006534085143357515,0.03479481860995293,0.0,0.0,0.0,0.0
5.68056058883667,-0.3125380277633667,-0.3634692430496216,0.0,0.0,-0.0011053076013922691,-0.20346175134181976,0.0,0.0,-0.30027680944868207,-0.2694437160294372,0.003701615845784545,0.03479481860995293,0.0,0.0,0.0,0.0
5.681973934173584,-0.3125380277633667,-0.3634692430496216,0.0,0.0,-0.0011053076013922691,-0.20346175134181976,0.0,0.0,-0.30042062014754634,-0.2694437160294372,0.009040553122758865,0.02942746691405773,0.0,0.0,0.0,0.0
5.684027671813965,-0.3125380277633667,-0.3634692430496216,0.0,0.0,-0.0011053076013922691,-0.20346175134181976,0.0,0.0,-0.30062196448863204,-0.2694437160294372,0.007896143943071365,0.02942746691405773,0.0,0.0,0.0,0.0
5.685407638549805,-0.3125380277633667,-0.3634692430496216,0.0,0.0,-0.0011053076013922691,-0.20346175134181976,0.0,0.0,-0.30062196448863204,-0.2694437160294372,0.007896143943071365,0.02942746691405773,0.0,0.0,0.0,0.0
5.686782360076904,-0.3125380277633667,-0.3634692430496216,0.0,0.0,-0.0011053076013922691,-0.20346175134181976,0.0,0.0,-0.30065073130974274,-0.2694437160294372,0.00852556899189949,0.02942746691405773,0.0,0.0,0.0,0.0
5.688412427902222,-0.22821523249149323,-0.282000333070755,0.0,0.0,-0.0008835737244226038,-0.20349673926830292,0.0,0.0,-0.30065073130974274,-0.2694437160294372,0.00852556899189949,0.02942746691405773,0.0,0.0,0.0,0.0
5.6898064613342285,-0.22821523249149323,-0.282000333070755,0.0,0.0,-0.0008835737244226038,-0.20349673926830292,0.0,0.0,-0.30058839929622133,-0.2694437160294372,0.00969856046140194,0.02942746691405773,0.0,0.0,0.0,0.0
5.691134452819824,-0.22821523249149323,-0.282000333070755,0.0,0.0,-0.0008835737244226038,-0.20349673926830292,0.0,0.0,-0.30058839929622133,-0.2694437160294372,0.00969856046140194,0.02942746691405773,0.0,0.0,0.0,0.0
5.69260573387146,-0.22821523249149323,-0.282000333070755,0.0,0.0,-0.0008835737244226038,-0.20349673926830292,0.0,0.0,-0.30058839929622133,-0.2694437160294372,0.015080161392688751,0.024047261103987694,0.0,0.0,0.0,0.0
5.6940553188323975,-0.22821523249149323,-0.282000333070755,0.0,0.0,-0.0008835737244226038,-0.20349673926830292,0.0,0.0,-0.30058839929622133,-0.2694437160294372,0.015080161392688751,0.024047261103987694,0.0,0.0,0.0,0.0
5.6955084800720215,-0.22821523249149323,-0.282000333070755,0.0,0.0,-0.0008835737244226038,-0.20349673926830292,0.0,0.0,-0.30058839929622133,-0.2694437160294372,0.015080161392688751,0.024047261103987694,0.0,0.0,0.0,0.0
5.696998357772827,-0.22821523249149323,-0.282000333070755,0.0,0.0,-0.0008835737244226038,-0.20349673926830292,0.0,0.0,-0.30058839929622133,-0.26988954323993,0.015080161392688751,0.029197216033935547,0.0,0.0,0.0,0.0
5.6983935832977295,-0.20449689030647278,-0.23509196937084198,0.0,0.0,-0.000757846690248698,-0.203531414270401,0.0,0.0,-0.30058839929622133,-0.26988954323993,0.015080161392688751,0.029197216033935547,0.0,0.0,0.0,0.0
5.699773550033569,-0.20449689030647278,-0.23509196937084198,0.0,0.0,-0.000757846690248698,-0.203531414270401,0.0,0.0,-0.30058839929622133,-0.2700333539387943,0.015080161392688751,0.027881087735295296,0.0,0.0,0.0,0.0
5.701164722442627,-0.20449689030647278,-0.23509196937084198,0.0,0.0,-0.000757846690248698,-0.203531414270401,0.0,0.0,-0.30058839929622133,-0.2700333539387943,0.015080161392688751,0.027881087735295296,0.0,0.0,0.0,0.0
5.702510356903076,-0.20449689030647278,-0.23509196937084198,0.0,0.0,-0.000757846690248698,-0.203531414270401,0.0,0.0,-0.30058839929622133,-0.2702442716157907,0.020404767245054245,0.025044037029147148,0.0,0.0,0.0,0.0
5.703922748565674,-0.20449689030647278,-0.23509196937084198,0.0,0.0,-0.000757846690248698,-0.203531414270401,0.0,0.0,-0.30058839929622133,-0.2702442716157907,0.020404767245054245,0.025044037029147148,0.0,0.0,0.0,0.0
5.705281496047974,-0.20449689030647278,-0.23509196937084198,0.0,0.0,-0.000757846690248698,-0.203531414270401,0.0,0.0,-0.30058839929622133,-0.2705846282844407,0.020404767245054245,0.028019558638334274,0.0,0.0,0.0,0.0
5.706655740737915,-0.20449689030647278,-0.23509196937084198,0.0,0.0,-0.000757846690248698,-0.203531414270401,0.0,0.0,-0.30058839929622133,-0.2705846282844407,0.020404767245054245,0.028019558638334274,0.0,0.0,0.0,0.0
5.708390235900879,-0.18396009504795074,-0.19278040528297424,0.0,0.0,-0.0006638331688009202,-0.20358538627624512,0.0,0.0,-0.30058839929622133,-0.2706853004549835,0.020404767245054245,0.027676235884428024,0.0,0.0,0.0,0.0
5.709785223007202,-0.18396009504795074,-0.19278040528297424,0.0,0.0,-0.0006638331688009202,-0.20358538627624512,0.0,0.0,-0.30058839929622133,-0.2711215075161871,0.020404767245054245,0.032053571194410324,0.0,0.0,0.0,0.0
5.711163759231567,-0.18396009504795074,-0.19278040528297424,0.0,0.0,-0.0006638331688009202,-0.20358538627624512,0.0,0.0,-0.30058839929622133,-0.2711215075161871,0.020404767245054245,0.032053571194410324,0.0,0.0,0.0,0.0
5.712548017501831,-0.18396009504795074,-0.19278040528297424,0.0,0.0,-0.0006638331688009202,-0.20358538627624512,0.0,0.0,-0.30058839929622133,-0.27131805348597277,0.02575521543622017,0.026960086077451706,0.0,0.0,0.0,0.0
5.7139410972595215,-0.18396009504795074,-0.19278040528297424,0.0,0.0,-0.0006638331688009202,-0.20358538627624512,0.0,0.0,-0.30058839929622133,-0.27131805348597277,0.02575521543622017,0.026960086077451706,0.0,0.0,0.0,0.0
5.715357303619385,-0.18396009504795074,-0.19278040528297424,0.0,0.0,-0.0006638331688009202,-0.20358538627624512,0.0,0.0,-0.30058839929622133,-0.27161527162630134,0.02575521543622017,0.028819749131798744,0.0,0.0,0.0,0.0
5.716770172119141,-0.18396009504795074,-0.19278040528297424,0.0,0.0,-0.0006638331688009202,-0.20358538627624512,0.0,0.0,-0.30058839929622133,-0.27161527162630134,0.02575521543622017,0.028819749131798744,0.0,0.0,0.0,0.0
5.718972206115723,-0.19245542585849762,-0.07990604639053345,0.0,0.0,-0.0006672732415609062,-0.2035834938287735,0.0,0.0,-0.30058839929622133,-0.2720275336443835,0.02575521543622017,0.03199545666575432,0.0,0.0,0.0,0.0
5.720388174057007,-0.19245542585849762,-0.07990604639053345,0.0,0.0,-0.0006672732415609062,-0.2035834938287735,0.0,0.0,-0.30058839929622133,-0.27237746364894416,0.02575521543622017,0.03419836238026619,0.0,0.0,0.0,0.0
5.721787452697754,-0.19245542585849762,-0.07990604639053345,0.0,0.0,-0.0006672732415609062,-0.2035834938287735,0.0,0.0,-0.30058839929622133,-0.27237746364894416,0.02575521543622017,0.03419836238026619,0.0,0.0,0.0,0.0
5.723720073699951,-0.19245542585849762,-0.07990604639053345,0.0,0.0,-0.0006672732415609062,-0.2035834938287735,0.0,0.0,-0.30058839929622133,-0.2725692112474299,0.03114813193678856,0.029120799154043198,0.0,0.0,0.0,0.0
5.725164413452148,-0.19245542585849762,-0.07990604639053345,0.0,0.0,-0.0006672732415609062,-0.2035834938287735,0.0,0.0,-0.30058839929622133,-0.2728280658240477,0.03114813193678856,0.029235269874334335,0.0,0.0,0.0,0.0
5.726991653442383,-0.19245542585849762,-0.07990604639053345,0.0,0.0,-0.0006672732415609062,-0.2035834938287735,0.0,0.0,-0.30058839929622133,-0.27301024008662267,0.03114813193678856,0.03092324547469616,0.0,0.0,0.0,0.0
5.728643178939819,-0.23804572224617004,-0.06746887415647507,0.0,0.0,-0.0007836692384444177,-0.20364660024642944,0.0,0.0,-0.30058839929622133,-0.27301024008662267,0.03114813193678856,0.03092324547469616,0.0,0.0,0.0,0.0
5.730241775512695,-0.23804572224617004,-0.06746887415647507,0.0,0.0,-0.0007836692384444177,-0.20364660024642944,0.0,0.0,-0.30058839929622133,-0.2730533786149441,0.03114813193678856,0.03032246045768261,0.0,0.0,0.0,0.0
5.731826543807983,-0.23804572224617004,-0.06746887415647507,0.0,0.0,-0.0007836692384444177,-0.20364660024642944,0.0,0.0,-0.3006938698380642,-0.27345124551912625,0.03502802923321724,0.02976279892027378,0.0,0.0,0.0,0.0
5.733539342880249,-0.23804572224617004,-0.06746887415647507,0.0,0.0,-0.0007836692384444177,-0.20364660024642944,0.0,0.0,-0.3006938698380642,-0.27345124551912625,0.03502802923321724,0.02976279892027378,0.0,0.0,0.0,0.0
5.735166072845459,-0.23804572224617004,-0.06746887415647507,0.0,0.0,-0.0007836692384444177,-0.20364660024642944,0.0,0.0,-0.30079931697321777,-0.27395458296515124,0.03439854830503464,0.033711038529872894,0.0,0.0,0.0,0.0
5.736877202987671,-0.23804572224617004,-0.06746887415647507,0.0,0.0,-0.0007836692384444177,-0.20364660024642944,0.0,0.0,-0.30099586294300346,-0.27425659947677977,0.03385498374700546,0.03468381240963936,0.0,0.0,0.0,0.0
5.738485813140869,-0.2680286467075348,-0.026349376887083054,0.0,0.0,-0.0008888428565114737,-0.20370355248451233,0.0,0.0,-0.30099586294300346,-0.27425659947677977,0.03385498374700546,0.03468381240963936,0.0,0.0,0.0,0.0
5.740127325057983,-0.2680286467075348,-0.026349376887083054,0.0,0.0,-0.0008888428565114737,-0.20370355248451233,0.0,0.0,-0.3012595158909213,-0.2748366172368476,0.030822329223155975,0.04026283696293831,0.0,0.0,0.0,0.0
5.741826772689819,-0.2680286467075348,-0.026349376887083054,0.0,0.0,-0.0008888428565114737,-0.20370355248451233,0.0,0.0,-0.3012595158909213,-0.2748366172368476,0.030822329223155975,0.04026283696293831,0.0,0.0,0.0,0.0
5.743707180023193,-0.2680286467075348,-0.026349376887083054,0.0,0.0,-0.0008888428565114737,-0.20370355248451233,0.0,0.0,-0.3014224966682963,-0.27547899041712615,0.035245317965745926,0.03789830207824707,0.0,0.0,0.0,0.0
5.745413064956665,-0.2680286467075348,-0.026349376887083054,0.0,0.0,-0.0008888428565114737,-0.20370355248451233,0.0,0.0,-0.3017580549656463,-0.2754885637530369,0.032498762011528015,0.03497994691133499,0.0,0.0,0.0,0.0
5.7470409870147705,-0.2680286467075348,-0.026349376887083054,0.0,0.0,-0.0008888428565114737,-0.20370355248451233,0.0,0.0,-0.3020600714772748,-0.2760877749983047,0.02989526093006134,0.04073060303926468,0.0,0.0,0.0,0.0
5.748535394668579,-0.2962377667427063,0.01864773780107498,0.0,0.0,-0.0010127320419996977,-0.2037705034017563,0.0,0.0,-0.3020600714772748,-0.2760877749983047,0.02989526093006134,0.04073060303926468,0.0,0.0,0.0,0.0
5.750202894210815,-0.2962377667427063,0.01864773780107498,0.0,0.0,-0.0010127320419996977,-0.2037705034017563,0.0,0.0,-0.3022278506259498,-0.27669178461487254,0.03038157895207405,0.04596630483865738,0.0,0.0,0.0,0.0
5.752155303955078,-0.2962377667427063,0.01864773780107498,0.0,0.0,-0.0010127320419996977,-0.2037705034017563,0.0,0.0,-0.3025010769097784,-0.2771423867899761,0.03463902696967125,0.042823925614356995,0.0,0.0,0.0,0.0
5.754351377487183,-0.2962377667427063,0.01864773780107498,0.0,0.0,-0.0010127320419996977,-0.2037705034017563,0.0,0.0,-0.30296127582748195,-0.27795731408354035,0.02974662184715271,0.049347031861543655,0.0,0.0,0.0,0.0
5.756016254425049,-0.2962377667427063,0.01864773780107498,0.0,0.0,-0.0010127320419996977,-0.2037705034017563,0.0,0.0,-0.30296127582748195,-0.27795731408354035,0.02974662184715271,0.049347031861543655,0.0,0.0,0.0,0.0
5.757687330245972,-0.2962377667427063,0.01864773780107498,0.0,0.0,-0.0010127320419996977,-0.2037705034017563,0.0,0.0,-0.3034694116448069,-0.2785181851717867,0.0264278631657362,0.05140693858265877,0.0,0.0,0.0,0.0
5.759293556213379,-0.33408188819885254,0.007985750213265419,0.0,0.0,-0.0011064148275181651,-0.20384448766708374,0.0,0.0,-0.30380017157085687,-0.27928037719442955,0.02608451060950756,0.05641373246908188,0.0,0.0,0.0,0.0
5.76080584526062,-0.33408188819885254,0.007985750213265419,0.0,0.0,-0.0011064148275181651,-0.20384448766708374,0.0,0.0,-0.30380017157085687,-0.27928037719442955,0.02608451060950756,0.05641373246908188,0.0,0.0,0.0,0.0
5.762232065200806,-0.33408188819885254,0.007985750213265419,0.0,0.0,-0.0011064148275181651,-0.20384448766708374,0.0,0.0,-0.30431310575948184,-0.2802774553438795,0.02629668638110161,0.058204274624586105,0.0,0.0,0.0,0.0
5.763979911804199,-0.33408188819885254,0.007985750213265419,0.0,0.0,-0.0011064148275181651,-0.20384448766708374,0.0,0.0,-0.30494585879047115,-0.28107801093023305,0.02020273357629776,0.06166619434952736,0.0,0.0,0.0,0.0
5.7653703689575195,-0.33408188819885254,0.007985750213265419,0.0,0.0,-0.0011064148275181651,-0.20384448766708374,0.0,0.0,-0.30494585879047115,-0.28107801093023305,0.02020273357629776,0.06166619434952736,0.0,0.0,0.0,0.0
5.766753673553467,-0.33408188819885254,0.007985750213265419,0.0,0.0,-0.0011064148275181651,-0.20384448766708374,0.0,0.0,-0.3053677175511532,-0.282242868228358,0.018858080729842186,0.0725952759385109,0.0,0.0,0.0,0.0
5.7687461376190186,-0.33092200756073,-0.020380234345793724,0.0,0.0,-0.0011658202856779099,-0.20398300886154175,0.0,0.0,-0.30612031283119606,-0.2832447681557972,0.01390848308801651,0.0789467990398407,0.0,0.0,0.0,0.0
5.770232439041138,-0.33092200756073,-0.020380234345793724,0.0,0.0,-0.0011658202856779099,-0.20398300886154175,0.0,0.0,-0.30612031283119606,-0.2832447681557972,0.01390848308801651,0.0789467990398407,0.0,0.0,0.0,0.0
5.771641254425049,-0.33092200756073,-0.020380234345793724,0.0,0.0,-0.0011658202856779099,-0.20398300886154175,0.0,0.0,-0.3067626860114746,-0.2844479656109436,0.010074739344418049,0.08432552218437195,0.0,0.0,0.0,0.0
5.773086786270142,-0.33092200756073,-0.020380234345793724,0.0,0.0,-0.0011658202856779099,-0.20398300886154175,0.0,0.0,-0.3067626860114746,-0.2844479656109436,0.010074739344418049,0.08432552218437195,0.0,0.0,0.0,0.0
5.774858236312866,-0.33092200756073,-0.020380234345793724,0.0,0.0,-0.0011658202856779099,-0.20398300886154175,0.0,0.0,-0.3075296764054174,-0.28563201639426855,0.01299614179879427,0.08569574356079102,0.0,0.0,0.0,0.0
5.776456356048584,-0.33092200756073,-0.020380234345793724,0.0,0.0,-0.0011658202856779099,-0.20398300886154175,0.0,0.0,-0.3075296764054174,-0.28563201639426855,0.01299614179879427,0.08569574356079102,0.0,0.0,0.0,0.0
5.778349161148071,-0.3884601593017578,-0.17341990768909454,0.0,0.0,-0.0012961914762854576,-0.2041867971420288,0.0,0.0,-0.3083781454847031,-0.2865092522946649,0.005786278750747442,0.09030207991600037,0.0,0.0,0.0,0.0
5.779875755310059,-0.3884601593017578,-0.17341990768909454,0.0,0.0,-0.0012961914762854576,-0.2041867971420288,0.0,0.0,-0.3083781454847031,-0.2865092522946649,0.005786278750747442,0.09030207991600037,0.0,0.0,0.0,0.0
5.781381607055664,-0.3884601593017578,-0.17341990768909454,0.0,0.0,-0.0012961914762854576,-0.2041867971420288,0.0,0.0,-0.3089102497518388,-0.28718996563196486,0.002753650303930044,0.09407859295606613,0.0,0.0,0.0,0.0
5.782928466796875,-0.3884601593017578,-0.17341990768909454,0.0,0.0,-0.0012961914762854576,-0.2041867971420288,0.0,0.0,-0.30952863107561734,-0.287937785947397,0.005113854538649321,0.09203501045703888,0.0,0.0,0.0,0.0
5.784424304962158,-0.3884601593017578,-0.17341990768909454,0.0,0.0,-0.0012961914762854576,-0.2041867971420288,0.0,0.0,-0.30952863107561734,-0.287937785947397,0.005113854538649321,0.09203501045703888,0.0,0.0,0.0,0.0
5.786007642745972,-0.3884601593017578,-0.17341990768909454,0.0,0.0,-0.0012961914762854576,-0.2041867971420288,0.0,0.0,-0.3098498176657566,-0.28836441967268983,0.004684729035943747,0.09277887642383575,0.0,0.0,0.0,0.0
5.787501096725464,-0.3884601593017578,-0.17341990768909454,0.0,0.0,-0.0012961914762854576,-0.2041867971420288,0.0,0.0,-0.3098498176657566,-0.28836441967268983,0.004684729035943747,0.09277887642383575,0.0,0.0,0.0,0.0
5.789057016372681,-0.4153647720813751,-0.2834061086177826,0.0,0.0,-0.001396462437696755,-0.2043907642364502,0.0,0.0,-0.310238111234028,-0.2883308544802791,0.0023672725073993206,0.09071891009807587,0.0,0.0,0.0,0.0
5.7906670570373535,-0.4153647720813751,-0.2834061086177826,0.0,0.0,-0.001396462437696755,-0.2043907642364502,0.0,0.0,-0.3105401043389673,-0.28841235657231123,0.001480411272495985,0.089889295399189,0.0,0.0,0.0,0.0
5.792202711105347,-0.4153647720813751,-0.2834061086177826,0.0,0.0,-0.001396462437696755,-0.2043907642364502,0.0,0.0,-0.3105401043389673,-0.28841235657231123,0.001480411272495985,0.089889295399189,0.0,0.0,0.0,0.0
5.794081449508667,-0.4153647720813751,-0.2834061086177826,0.0,0.0,-0.001396462437696755,-0.2043907642364502,0.0,0.0,-0.31081812899409583,-0.2885178271141541,0.005448963027447462,0.08517461270093918,0.0,0.0,0.0,0.0
5.795583963394165,-0.4153647720813751,-0.2834061086177826,0.0,0.0,-0.001396462437696755,-0.2043907642364502,0.0,0.0,-0.31081812899409583,-0.2885178271141541,0.005448963027447462,0.08517461270093918,0.0,0.0,0.0,0.0
5.7970380783081055,-0.4153647720813751,-0.2834061086177826,0.0,0.0,-0.001396462437696755,-0.2043907642364502,0.0,0.0,-0.3111201455057244,-0.28862327424930767,0.0032459194771945477,0.08574681729078293,0.0,0.0,0.0,0.0
5.7985217571258545,-0.46612611413002014,-0.6621885299682617,0.0,0.0,-0.0015751698520034552,-0.20475859940052032,0.0,0.0,-0.3111201455057244,-0.28862327424930767,0.0032459194771945477,0.08574681729078293,0.0,0.0,0.0,0.0
5.800022125244141,-0.46612611413002014,-0.6621885299682617,0.0,0.0,-0.0015751698520034552,-0.20475859940052032,0.0,0.0,-0.31194464613519934,-0.28862327424930767,-0.003992385230958462,0.08500298112630844,0.0,0.0,0.0,0.0
5.80201530456543,-0.46612611413002014,-0.6621885299682617,0.0,0.0,-0.0015751698520034552,-0.20475859940052032,0.0,0.0,-0.3125486557517672,-0.28862327424930767,-0.0034859224688261747,0.07963339239358902,0.0,0.0,0.0,0.0
5.803512096405029,-0.46612611413002014,-0.6621885299682617,0.0,0.0,-0.0015751698520034552,-0.20475859940052032,0.0,0.0,-0.3125486557517672,-0.28862327424930767,-0.0034859224688261747,0.07963339239358902,0.0,0.0,0.0,0.0
5.804980516433716,-0.46612611413002014,-0.6621885299682617,0.0,0.0,-0.0015751698520034552,-0.20475859940052032,0.0,0.0,-0.31354095893660644,-0.28862327424930767,-0.009522654116153717,0.07963339239358902,0.0,0.0,0.0,0.0
5.806469678878784,-0.46612611413002014,-0.6621885299682617,0.0,0.0,-0.0015751698520034552,-0.20475859940052032,0.0,0.0,-0.31354095893660644,-0.28862327424930767,-0.009522654116153717,0.07963339239358902,0.0,0.0,0.0,0.0
5.808268308639526,-0.47989365458488464,-0.7751615643501282,0.0,0.0,-0.0016520860372111201,-0.20510689914226532,0.0,0.0,-0.31428398088073856,-0.28862327424930767,-0.01550210826098919,0.07963339239358902,0.0,0.0,0.0,0.0
5.809757471084595,-0.47989365458488464,-0.7751615643501282,0.0,0.0,-0.0016520860372111201,-0.20510689914226532,0.0,0.0,-0.31428398088073856,-0.28862327424930767,-0.01550210826098919,0.07963339239358902,0.0,0.0,0.0,0.0
5.811227560043335,-0.47989365458488464,-0.7751615643501282,0.0,0.0,-0.0016520860372111201,-0.20510689914226532,0.0,0.0,-0.31539610290794207,-0.28862327424930767,-0.022425785660743713,0.07963339239358902,0.0,0.0,0.0,0.0
5.812762498855591,-0.47989365458488464,-0.7751615643501282,0.0,0.0,-0.0016520860372111201,-0.20510689914226532,0.0,0.0,-0.316239797022617,-0.28862327424930767,-0.022399798035621643,0.07428601384162903,0.0,0.0,0.0,0.0
5.8143298625946045,-0.47989365458488464,-0.7751615643501282,0.0,0.0,-0.0016520860372111201,-0.20510689914226532,0.0,0.0,-0.316239797022617,-0.28862327424930767,-0.022399798035621643,0.07428601384162903,0.0,0.0,0.0,0.0
5.8157830238342285,-0.47989365458488464,-0.7751615643501282,0.0,0.0,-0.0016520860372111201,-0.20510689914226532,0.0,0.0,-0.3171985350150455,-0.28862327424930767,-0.02703462913632393,0.07428601384162903,0.0,0.0,0.0,0.0
5.817851781845093,-0.47989365458488464,-0.7751615643501282,0.0,0.0,-0.0016520860372111201,-0.20510689914226532,0.0,0.0,-0.31811413447915265,-0.28862327424930767,-0.03358642756938934,0.07428601384162903,0.0,0.0,0.0,0.0
5.8200201988220215,-0.4470846652984619,-0.710996687412262,0.0,0.0,-0.0015801239060238004,-0.20521177351474762,0.0,0.0,-0.3189386585153169,-0.28862327424930767,-0.037420228123664856,0.07428601384162903,0.0,0.0,0.0,0.0
5.821897029876709,-0.4470846652984619,-0.710996687412262,0.0,0.0,-0.0015801239060238004,-0.20521177351474762,0.0,0.0,-0.3189386585153169,-0.28862327424930767,-0.037420228123664856,0.07428601384162903,0.0,0.0,0.0,0.0
5.8236799240112305,-0.4470846652984619,-0.710996687412262,0.0,0.0,-0.0015801239060238004,-0.20521177351474762,0.0,0.0,-0.3197967243372026,-0.28827814261604695,-0.03640998154878616,0.0643213614821434,0.0,0.0,0.0,0.0
5.825891017913818,-0.4470846652984619,-0.710996687412262,0.0,0.0,-0.0015801239060238004,-0.20521177351474762,0.0,0.0,-0.3205541179885454,-0.2881583003669934,-0.04093048349022865,0.06406398117542267,0.0,0.0,0.0,0.0
5.828505754470825,-0.3759918808937073,-0.7421590089797974,0.0,0.0,-0.0014140884159132838,-0.2053154557943344,0.0,0.0,-0.3209663800066275,-0.287923390833497,-0.0418458990752697,0.06323417276144028,0.0,0.0,0.0,0.0
5.830150127410889,-0.3759918808937073,-0.7421590089797974,0.0,0.0,-0.0014140884159132838,-0.2053154557943344,0.0,0.0,-0.3209663800066275,-0.287923390833497,-0.0418458990752697,0.06323417276144028,0.0,0.0,0.0,0.0
5.831716299057007,-0.3759918808937073,-0.7421590089797974,0.0,0.0,-0.0014140884159132838,-0.2053154557943344,0.0,0.0,-0.3214745158239525,-0.2875207255580149,-0.044020362198352814,0.058570731431245804,0.0,0.0,0.0,0.0
5.833766460418701,-0.3759918808937073,-0.7421590089797974,0.0,0.0,-0.0014140884159132838,-0.2053154557943344,0.0,0.0,-0.32177171055759174,-0.28749675710820416,-0.040112074464559555,0.056062277406454086,0.0,0.0,0.0,0.0
5.835260629653931,-0.3759918808937073,-0.7421590089797974,0.0,0.0,-0.0014140884159132838,-0.2053154557943344,0.0,0.0,-0.32177171055759174,-0.28749675710820416,-0.040112074464559555,0.056062277406454086,0.0,0.0,0.0,0.0
5.836797475814819,-0.3759918808937073,-0.7421590089797974,0.0,0.0,-0.0014140884159132838,-0.2053154557943344,0.0,0.0,-0.3220641303266203,-0.28739608493766133,-0.04102757200598717,0.0554615780711174,0.0,0.0,0.0,0.0
5.838392972946167,-0.2568184733390808,-0.8647751808166504,0.0,0.0,-0.0010361949680373073,-0.20552372932434082,0.0,0.0,-0.3220641303266203,-0.28739608493766133,-0.04102757200598717,0.0554615780711174,0.0,0.0,0.0,0.0
5.840473651885986,-0.2568184733390808,-0.8647751808166504,0.0,0.0,-0.0010361949680373073,-0.20552372932434082,0.0,0.0,-0.3222271111039953,-0.2872954361738077,-0.04074152559041977,0.054860733449459076,0.0,0.0,0.0,0.0
5.841917037963867,-0.2568184733390808,-0.8647751808166504,0.0,0.0,-0.0010361949680373073,-0.20552372932434082,0.0,0.0,-0.32240928536657026,-0.2871995623745649,-0.03656971454620361,0.048973701894283295,0.0,0.0,0.0,0.0
5.8432862758636475,-0.2568184733390808,-0.8647751808166504,0.0,0.0,-0.0010361949680373073,-0.20552372932434082,0.0,0.0,-0.32240928536657026,-0.2871995623745649,-0.03656971454620361,0.048973701894283295,0.0,0.0,0.0,0.0
5.8453896045684814,-0.2568184733390808,-0.8647751808166504,0.0,0.0,-0.0010361949680373073,-0.20552372932434082,0.0,0.0,-0.3223709218028596,-0.2872379025315863,-0.03599756583571434,0.050003644078969955,0.0,0.0,0.0,0.0
5.846982479095459,-0.2568184733390808,-0.8647751808166504,0.0,0.0,-0.0010361949680373073,-0.20552372932434082,0.0,0.0,-0.3223709218028596,-0.2872379025315863,-0.03468138352036476,0.050003644078969955,0.0,0.0,0.0,0.0
5.8495588302612305,-0.1384734958410263,-0.9016731381416321,0.0,0.0,-0.0006357749225571752,-0.20570465922355652,0.0,0.0,-0.3223709218028596,-0.2872379025315863,-0.03468138352036476,0.050003644078969955,0.0,0.0,0.0,0.0
5.851552724838257,-0.1384734958410263,-0.9016731381416321,0.0,0.0,-0.0006357749225571752,-0.20570465922355652,0.0,0.0,-0.3223709218028596,-0.2875686624576363,-0.02934238873422146,0.049128685146570206,0.0,0.0,0.0,0.0
5.853165864944458,-0.1384734958410263,-0.9016731381416321,0.0,0.0,-0.0006357749225571752,-0.20570465922355652,0.0,0.0,-0.3223709218028596,-0.2875686624576363,-0.02934238873422146,0.049128685146570206,0.0,0.0,0.0,0.0
5.854618072509766,-0.1384734958410263,-0.9016731381416321,0.0,0.0,-0.0006357749225571752,-0.20570465922355652,0.0,0.0,-0.3223709218028596,-0.2879857228470184,-0.02934238873422146,0.05244744196534157,0.0,0.0,0.0,0.0
5.8561482429504395,-0.1384734958410263,-0.9016731381416321,0.0,0.0,-0.0006357749225571752,-0.20570465922355652,0.0,0.0,-0.3223709218028596,-0.2879857228470184,-0.02934238873422146,0.05244744196534157,0.0,0.0,0.0,0.0
5.858449935913086,-0.07898851484060287,-0.8610827326774597,0.0,0.0,-0.0003523662453517318,-0.20577195286750793,0.0,0.0,-0.32192511799905604,-0.2883212811443684,-0.024192577227950096,0.05490795150399208,0.0,0.0,0.0,0.0
5.859954357147217,-0.07898851484060287,-0.8610827326774597,0.0,0.0,-0.0003523662453517318,-0.20577195286750793,0.0,0.0,-0.32155599450929534,-0.2886280726206077,-0.020873818546533585,0.055365659296512604,0.0,0.0,0.0,0.0
5.861471891403198,-0.07898851484060287,-0.8610827326774597,0.0,0.0,-0.0003523662453517318,-0.20577195286750793,0.0,0.0,-0.32155599450929534,-0.2886280726206077,-0.020873818546533585,0.055365659296512604,0.0,0.0,0.0,0.0
5.863532304763794,-0.07898851484060287,-0.8610827326774597,0.0,0.0,-0.0003523662453517318,-0.20577195286750793,0.0,0.0,-0.3214121838104311,-0.28879105339798267,-0.016616815701127052,0.05013582482933998,0.0,0.0,0.0,0.0
5.865098237991333,-0.07898851484060287,-0.8610827326774597,0.0,0.0,-0.0003523662453517318,-0.20577195286750793,0.0,0.0,-0.32128276822546675,-0.2890595047172005,-0.015357994474470615,0.05133737251162529,0.0,0.0,0.0,0.0
5.866651773452759,-0.07898851484060287,-0.8610827326774597,0.0,0.0,-0.0003523662453517318,-0.20577195286750793,0.0,0.0,-0.32128276822546675,-0.2890595047172005,-0.015357994474470615,0.05133737251162529,0.0,0.0,0.0,0.0
5.868316173553467,-0.06904800236225128,-0.7700130939483643,0.0,0.0,-0.0002641319006215781,-0.20579108595848083,0.0,0.0,-0.32101911527754895,-0.28951010689230405,-0.014213585294783115,0.056143999099731445,0.0,0.0,0.0,0.0
5.8698890209198,-0.06904800236225128,-0.7700130939483643,0.0,0.0,-0.0002641319006215781,-0.20579108595848083,0.0,0.0,-0.32101911527754895,-0.28951010689230405,-0.014213585294783115,0.056143999099731445,0.0,0.0,0.0,0.0
5.871628522872925,-0.06904800236225128,-0.7700130939483643,0.0,0.0,-0.0002641319006215781,-0.20579108595848083,0.0,0.0,-0.3209232414783061,-0.2897785582115219,-0.014499631710350513,0.057002220302820206,0.0,0.0,0.0,0.0
5.87358283996582,-0.06904800236225128,-0.7700130939483643,0.0,0.0,-0.0002641319006215781,-0.20579108595848083,0.0,0.0,-0.3209088463644061,-0.28994633736019687,-0.009912857785820961,0.051784686744213104,0.0,0.0,0.0,0.0
5.875540256500244,-0.06904800236225128,-0.7700130939483643,0.0,0.0,-0.0002641319006215781,-0.20579108595848083,0.0,0.0,-0.3209088463644061,-0.2901572550371933,-0.009912857785820961,0.053043510764837265,0.0,0.0,0.0,0.0
5.877303838729858,-0.06904800236225128,-0.7700130939483643,0.0,0.0,-0.0002641319006215781,-0.20579108595848083,0.0,0.0,-0.3209088463644061,-0.2901572550371933,-0.009912857785820961,0.053043510764837265,0.0,0.0,0.0,0.0
5.878876686096191,-0.09715680032968521,-0.7025163769721985,0.0,0.0,-0.0002982093719765544,-0.20580950379371643,0.0,0.0,-0.3209088463644061,-0.2902962673647576,-0.009912857785820961,0.05255713313817978,0.0,0.0,0.0,0.0
5.880421161651611,-0.09715680032968521,-0.7025163769721985,0.0,0.0,-0.0002982093719765544,-0.20580950379371643,0.0,0.0,-0.3209088463644061,-0.2902962673647576,-0.009912857785820961,0.05255713313817978,0.0,0.0,0.0,0.0
5.882364749908447,-0.09715680032968521,-0.7025163769721985,0.0,0.0,-0.0002982093719765544,-0.20580950379371643,0.0,0.0,-0.3209088463644061,-0.2905072084484433,-0.009912857785820961,0.05513214319944382,0.0,0.0,0.0,0.0
5.8838605880737305,-0.09715680032968521,-0.7025163769721985,0.0,0.0,-0.0002982093719765544,-0.20580950379371643,0.0,0.0,-0.3209088463644061,-0.2906749875971183,-0.004534050822257996,0.05075622349977493,0.0,0.0,0.0,0.0
5.88532280921936,-0.09715680032968521,-0.7025163769721985,0.0,0.0,-0.0002982093719765544,-0.20580950379371643,0.0,0.0,-0.3209088463644061,-0.2906749875971183,-0.004534050822257996,0.05075622349977493,0.0,0.0,0.0,0.0
5.887446165084839,-0.09715680032968521,-0.7025163769721985,0.0,0.0,-0.0002982093719765544,-0.20580950379371643,0.0,0.0,-0.3209088463644061,-0.29078043473227183,-0.004534050822257996,0.050584591925144196,0.0,0.0,0.0,0.0
5.889754772186279,-0.16436976194381714,-0.5972995162010193,0.0,0.0,-0.0005226873327046633,-0.20582380890846252,0.0,0.0,-0.3209088463644061,-0.29077086139636116,-0.004534050822257996,0.049669064581394196,0.0,0.0,0.0,0.0
5.891376256942749,-0.16436976194381714,-0.5972995162010193,0.0,0.0,-0.0005226873327046633,-0.20582380890846252,0.0,0.0,-0.3209088463644061,-0.29077086139636116,-0.004534050822257996,0.049669064581394196,0.0,0.0,0.0,0.0
5.892856597900391,-0.16436976194381714,-0.5972995162010193,0.0,0.0,-0.0005226873327046633,-0.20582380890846252,0.0,0.0,-0.3209088463644061,-0.29077086139636116,-0.004534050822257996,0.049669064581394196,0.0,0.0,0.0,0.0
5.8947718143463135,-0.16436976194381714,-0.5972995162010193,0.0,0.0,-0.0005226873327046633,-0.20582380890846252,0.0,0.0,-0.32138821536062034,-0.29077086139636116,-0.004559588152915239,0.04434362053871155,0.0,0.0,0.0,0.0
5.896198749542236,-0.16436976194381714,-0.5972995162010193,0.0,0.0,-0.0005226873327046633,-0.20582380890846252,0.0,0.0,-0.3216614650511382,-0.29077086139636116,-0.0061045121401548386,0.04434362053871155,0.0,0.0,0.0,0.0
5.8976452350616455,-0.16436976194381714,-0.5972995162010193,0.0,0.0,-0.0005226873327046633,-0.20582380890846252,0.0,0.0,-0.3216614650511382,-0.29077086139636116,-0.0061045121401548386,0.04434362053871155,0.0,0.0,0.0,0.0
5.899785995483398,-0.20525848865509033,-0.5517382025718689,0.0,0.0,-0.0006934829289093614,-0.2058597058057785,0.0,0.0,-0.32175733885038105,-0.29077086139636116,-0.006390670780092478,0.04434362053871155,0.0,0.0,0.0,0.0
5.901650428771973,-0.20525848865509033,-0.5517382025718689,0.0,0.0,-0.0006934829289093614,-0.2058597058057785,0.0,0.0,-0.32202579016959887,-0.29077086139636116,-0.007477803621441126,0.04434362053871155,0.0,0.0,0.0,0.0
5.903504848480225,-0.20525848865509033,-0.5517382025718689,0.0,0.0,-0.0006934829289093614,-0.2058597058057785,0.0,0.0,-0.3222079410254846,-0.29077086139636116,-0.003283219877630472,0.03900602459907532,0.0,0.0,0.0,0.0
5.904961585998535,-0.20525848865509033,-0.5517382025718689,0.0,0.0,-0.0006934829289093614,-0.2058597058057785,0.0,0.0,-0.3222079410254846,-0.29077086139636116,-0.003283219877630472,0.03900602459907532,0.0,0.0,0.0,0.0
5.906412363052368,-0.20525848865509033,-0.5517382025718689,0.0,0.0,-0.0006934829289093614,-0.2058597058057785,0.0,0.0,-0.32248119071600245,-0.29077086139636116,-0.004370492417365313,0.03900602459907532,0.0,0.0,0.0,0.0
5.90868616104126,-0.2263331413269043,-0.4941914975643158,0.0,0.0,-0.0007686301250942051,-0.20590011775493622,0.0,0.0,-0.32268731002169887,-0.29077086139636116,-0.007460425607860088,0.03900602459907532,0.0,0.0,0.0,0.0
5.910130739212036,-0.2263331413269043,-0.4941914975643158,0.0,0.0,-0.0007686301250942051,-0.20590011775493622,0.0,0.0,-0.32268731002169887,-0.29077086139636116,-0.007460425607860088,0.03900602459907532,0.0,0.0,0.0,0.0
5.911573886871338,-0.2263331413269043,-0.4941914975643158,0.0,0.0,-0.0007686301250942051,-0.20590011775493622,0.0,0.0,-0.3226729383144881,-0.29077086139636116,-0.005686506628990173,0.03900602459907532,0.0,0.0,0.0,0.0
5.913037300109863,-0.2263331413269043,-0.4941914975643158,0.0,0.0,-0.0007686301250942051,-0.20590011775493622,0.0,0.0,-0.3226729383144881,-0.29077086139636116,-0.005686506628990173,0.03900602459907532,0.0,0.0,0.0,0.0
5.914517641067505,-0.2263331413269043,-0.4941914975643158,0.0,0.0,-0.0007686301250942051,-0.20590011775493622,0.0,0.0,-0.32285029079907385,-0.29077086139636116,-0.0009197184117510915,0.03366507589817047,0.0,0.0,0.0,0.0
5.916038513183594,-0.2263331413269043,-0.4941914975643158,0.0,0.0,-0.0007686301250942051,-0.20590011775493622,0.0,0.0,-0.32285029079907385,-0.29077086139636116,-0.0009197184117510915,0.03366507589817047,0.0,0.0,0.0,0.0
5.918174743652344,-0.19473782181739807,-0.43714362382888794,0.0,0.0,-0.0007292753434740007,-0.20593242347240448,0.0,0.0,-0.3229509629696167,-0.29077086139636116,-0.0015491994563490152,0.03366507589817047,0.0,0.0,0.0,0.0
5.919663906097412,-0.19473782181739807,-0.43714362382888794,0.0,0.0,-0.0007292753434740007,-0.20593242347240448,0.0,0.0,-0.3229797297907274,-0.29077086139636116,-0.002178540453314781,0.03366507589817047,0.0,0.0,0.0,0.0
5.921143531799316,-0.19473782181739807,-0.43714362382888794,0.0,0.0,-0.0007292753434740007,-0.20593242347240448,0.0,0.0,-0.3229797297907274,-0.29077086139636116,-0.002178540453314781,0.03366507589817047,0.0,0.0,0.0,0.0
5.92304801940918,-0.19473782181739807,-0.43714362382888794,0.0,0.0,-0.0007292753434740007,-0.20593242347240448,0.0,0.0,-0.3229845281620274,-0.29077086139636116,0.004453305155038834,0.028293395414948463,0.0,0.0,0.0,0.0
5.924608469009399,-0.19473782181739807,-0.43714362382888794,0.0,0.0,-0.0007292753434740007,-0.20593242347240448,0.0,0.0,-0.3229845281620274,-0.29077086139636116,0.004453305155038834,0.028293395414948463,0.0,0.0,0.0,0.0
5.926100730895996,-0.19473782181739807,-0.43714362382888794,0.0,0.0,-0.0007292753434740007,-0.20593242347240448,0.0,0.0,-0.3229845281620274,-0.29077086139636116,0.004453305155038834,0.028293395414948463,0.0,0.0,0.0,0.0
5.927582502365112,-0.19473782181739807,-0.43714362382888794,0.0,0.0,-0.0007292753434740007,-0.20593242347240448,0.0,0.0,-0.3229845281620274,-0.29077086139636116,0.004453305155038834,0.028293395414948463,0.0,0.0,0.0,0.0
5.9295220375061035,-0.1746135652065277,-0.37805014848709106,0.0,0.0,-0.0006449698703363538,-0.20597846806049347,0.0,0.0,-0.3229845281620274,-0.29077086139636116,0.004453305155038834,0.028293395414948463,0.0,0.0,0.0,0.0
5.930931329727173,-0.1746135652065277,-0.37805014848709106,0.0,0.0,-0.0006449698703363538,-0.20597846806049347,0.0,0.0,-0.3229845281620274,-0.29077086139636116,0.004453305155038834,0.028293395414948463,0.0,0.0,0.0,0.0
5.932466268539429,-0.1746135652065277,-0.37805014848709106,0.0,0.0,-0.0006449698703363538,-0.20597846806049347,0.0,0.0,-0.3229845281620274,-0.2908907036454147,0.009800679981708527,0.024490049108862877,0.0,0.0,0.0,0.0
5.933934211730957,-0.1746135652065277,-0.37805014848709106,0.0,0.0,-0.0006449698703363538,-0.20597846806049347,0.0,0.0,-0.3229845281620274,-0.2908907036454147,0.009800679981708527,0.024490049108862877,0.0,0.0,0.0,0.0
5.935803413391113,-0.1746135652065277,-0.37805014848709106,0.0,0.0,-0.0006449698703363538,-0.20597846806049347,0.0,0.0,-0.3229845281620274,-0.29099135240926827,0.009800679981708527,0.025090893730521202,0.0,0.0,0.0,0.0
5.937546253204346,-0.1746135652065277,-0.37805014848709106,0.0,0.0,-0.0006449698703363538,-0.20597846806049347,0.0,0.0,-0.3229845281620274,-0.29132213574200755,0.009800679981708527,0.02872433513402939,0.0,0.0,0.0,0.0
5.939777374267578,-0.15981566905975342,-0.3091597557067871,0.0,0.0,-0.0005789697752334177,-0.20601454377174377,0.0,0.0,-0.3229845281620274,-0.2913940410914397,0.009800679981708527,0.0288674458861351,0.0,0.0,0.0,0.0
5.9414756298065186,-0.15981566905975342,-0.3091597557067871,0.0,0.0,-0.0005789697752334177,-0.20601454377174377,0.0,0.0,-0.3229845281620274,-0.2913940410914397,0.009800679981708527,0.0288674458861351,0.0,0.0,0.0,0.0
5.943007707595825,-0.15981566905975342,-0.3091597557067871,0.0,0.0,-0.0005789697752334177,-0.20601454377174377,0.0,0.0,-0.3229845281620274,-0.2913844443488397,0.015142467804253101,0.021264050155878067,0.0,0.0,0.0,0.0
5.944931507110596,-0.15981566905975342,-0.3091597557067871,0.0,0.0,-0.0005789697752334177,-0.20601454377174377,0.0,0.0,-0.3229845281620274,-0.2913844443488397,0.015142467804253101,0.021264050155878067,0.0,0.0,0.0,0.0
5.946602821350098,-0.15981566905975342,-0.3091597557067871,0.0,0.0,-0.0005789697752334177,-0.20601454377174377,0.0,0.0,-0.3229845281620274,-0.2913844443488397,0.015142467804253101,0.021264050155878067,0.0,0.0,0.0,0.0
5.949245452880859,-0.15953177213668823,-0.2129809558391571,0.0,0.0,-0.0005651391693390906,-0.20602206885814667,0.0,0.0,-0.3229845281620274,-0.2913844443488397,0.015142467804253101,0.021264050155878067,0.0,0.0,0.0,0.0
5.9512619972229,-0.15953177213668823,-0.2129809558391571,0.0,0.0,-0.0005651391693390906,-0.20602206885814667,0.0,0.0,-0.3229845281620274,-0.2917583428032111,0.015142467804253101,0.02286619506776333,0.0,0.0,0.0,0.0
5.952767372131348,-0.15953177213668823,-0.2129809558391571,0.0,0.0,-0.0005651391693390906,-0.20602206885814667,0.0,0.0,-0.3229845281620274,-0.2920028256726182,0.020464416593313217,0.02258123829960823,0.0,0.0,0.0,0.0
5.954273700714111,-0.15953177213668823,-0.2129809558391571,0.0,0.0,-0.0005651391693390906,-0.20602206885814667,0.0,0.0,-0.3229845281620274,-0.2920028256726182,0.020464416593313217,0.02258123829960823,0.0,0.0,0.0,0.0
5.956176996231079,-0.15953177213668823,-0.2129809558391571,0.0,0.0,-0.0005651391693390906,-0.20602206885814667,0.0,0.0,-0.3229845281620274,-0.29206515768613966,0.020464416593313217,0.02080732211470604,0.0,0.0,0.0,0.0
5.958451271057129,-0.1697375774383545,-0.13639304041862488,0.0,0.0,-0.0005879165837541223,-0.206034317612648,0.0,0.0,-0.3229845281620274,-0.29199802730131824,0.020464416593313217,0.019605692476034164,0.0,0.0,0.0,0.0
5.960014820098877,-0.1697375774383545,-0.13639304041862488,0.0,0.0,-0.0005879165837541223,-0.206034317612648,0.0,0.0,-0.3229845281620274,-0.29199802730131824,0.020464416593313217,0.019605692476034164,0.0,0.0,0.0,0.0
5.96198844909668,-0.1697375774383545,-0.13639304041862488,0.0,0.0,-0.0005879165837541223,-0.206034317612648,0.0,0.0,-0.3229845281620274,-0.29199802730131824,0.020464416593313217,0.019605692476034164,0.0,0.0,0.0,0.0
5.963496923446655,-0.1697375774383545,-0.13639304041862488,0.0,0.0,-0.0005879165837541223,-0.206034317612648,0.0,0.0,-0.3231427105681024,-0.29199802730131824,0.024069251492619514,0.014226884581148624,0.0,0.0,0.0,0.0
5.964998722076416,-0.1697375774383545,-0.13639304041862488,0.0,0.0,-0.0005879165837541223,-0.206034317612648,0.0,0.0,-0.3231427105681024,-0.29199802730131824,0.024069251492619514,0.014226884581148624,0.0,0.0,0.0,0.0
5.966497421264648,-0.1697375774383545,-0.13639304041862488,0.0,0.0,-0.0005879165837541223,-0.206034317612648,0.0,0.0,-0.3232433827386452,-0.29199802730131824,0.023497046902775764,0.014226884581148624,0.0,0.0,0.0,0.0
5.968577146530151,-0.17684800922870636,-0.05425938218832016,0.0,0.0,-0.0006284603732638061,-0.206056147813797,0.0,0.0,-0.3233392565378881,-0.29199802730131824,0.02289620414376259,0.014226884581148624,0.0,0.0,0.0,0.0
5.970336675643921,-0.17684800922870636,-0.05425938218832016,0.0,0.0,-0.0006284603732638061,-0.206056147813797,0.0,0.0,-0.3233392565378881,-0.29199802730131824,0.02289620414376259,0.014226884581148624,0.0,0.0,0.0,0.0
5.972592115402222,-0.17684800922870636,-0.05425938218832016,0.0,0.0,-0.0006284603732638061,-0.206056147813797,0.0,0.0,-0.32340636351602026,-0.2920939011005611,0.02252432517707348,0.015628840774297714,0.0,0.0,0.0,0.0
5.974421739578247,-0.17684800922870636,-0.05425938218832016,0.0,0.0,-0.0006284603732638061,-0.206056147813797,0.0,0.0,-0.3235022373152631,-0.29219457327110393,0.027259541675448418,0.01086498610675335,0.0,0.0,0.0,0.0
5.9762208461761475,-0.17684800922870636,-0.05425938218832016,0.0,0.0,-0.0006284603732638061,-0.206056147813797,0.0,0.0,-0.3235981111145059,-0.2922856486990468,0.026715977117419243,0.0114371906965971,0.0,0.0,0.0,0.0
5.979644536972046,-0.20892906188964844,-0.018246639519929886,0.0,0.0,-0.0006922948523424566,-0.20609048008918762,0.0,0.0,-0.32380902879150236,-0.2923048421842468,0.02459876425564289,0.011980758048593998,0.0,0.0,0.0,0.0
5.981532573699951,-0.20892906188964844,-0.018246639519929886,0.0,0.0,-0.0006922948523424566,-0.20609048008918762,0.0,0.0,-0.3239240960759452,-0.2924007159834896,0.02477053739130497,0.012152447365224361,0.0,0.0,0.0,0.0
5.9841814041137695,-0.20892906188964844,-0.018246639519929886,0.0,0.0,-0.0006922948523424566,-0.20609048008918762,0.0,0.0,-0.3239049025907452,-0.2925061631186432,0.031033579260110855,0.007404377683997154,0.0,0.0,0.0,0.0
5.986706733703613,-0.20892906188964844,-0.018246639519929886,0.0,0.0,-0.0006922948523424566,-0.20609048008918762,0.0,0.0,-0.3239049025907452,-0.2926068352891861,0.031033579260110855,0.007976582273840904,0.0,0.0,0.0,0.0
5.989058017730713,-0.1855234056711197,0.08870991319417953,0.0,0.0,-0.0006755185895599425,-0.20609912276268005,0.0,0.0,-0.3239049025907452,-0.29261163366048604,0.031033579260110855,0.007204106543213129,0.0,0.0,0.0,0.0
5.990782737731934,-0.1855234056711197,0.08870991319417953,0.0,0.0,-0.0006755185895599425,-0.20609912276268005,0.0,0.0,-0.3239049025907452,-0.29261163366048604,0.031033579260110855,0.007204106543213129,0.0,0.0,0.0,0.0
5.992932319641113,-0.1855234056711197,0.08870991319417953,0.0,0.0,-0.0006755185895599425,-0.20609912276268005,0.0,0.0,-0.3240151715038881,-0.29261163366048604,0.034899089485406876,0.0018530992092564702,0.0,0.0,0.0,0.0
5.994892597198486,-0.1855234056711197,0.08870991319417953,0.0,0.0,-0.0006755185895599425,-0.20609912276268005,0.0,0.0,-0.3241110453031309,-0.29276501769526103,0.03435538336634636,0.003598295385017991,0.0,0.0,0.0,0.0
5.996702432632446,-0.1855234056711197,0.08870991319417953,0.0,0.0,-0.0006755185895599425,-0.20609912276268005,0.0,0.0,-0.3242117174736738,-0.29327315351258604,0.0337260402739048,0.009120125323534012,0.0,0.0,0.0,0.0
5.998468637466431,-0.18448270857334137,0.14733658730983734,0.0,0.0,-0.0006588126998394728,-0.2061302214860916,0.0,0.0,-0.3242117174736738,-0.29327315351258604,0.0337260402739048,0.009120125323534012,0.0,0.0,0.0,0.0
6.000757217407227,-0.18448270857334137,0.14733658730983734,0.0,0.0,-0.0006588126998394728,-0.2061302214860916,0.0,0.0,-0.32429319615901664,-0.2932587818053753,0.03455565497279167,0.006516594905406237,0.0,0.0,0.0,0.0
6.002998113632202,-0.18448270857334137,0.14733658730983734,0.0,0.0,-0.0006588126998394728,-0.2061302214860916,0.0,0.0,-0.32439386832955946,-0.29348886956088244,0.03798642382025719,0.0034283665008842945,0.0,0.0,0.0,0.0
6.004949569702148,-0.18448270857334137,0.14733658730983734,0.0,0.0,-0.0006588126998394728,-0.2061302214860916,0.0,0.0,-0.3244897421288023,-0.29357517002421457,0.03738557919859886,0.0031136819161474705,0.0,0.0,0.0,0.0
6.00701117515564,-0.18448270857334137,0.14733658730983734,0.0,0.0,-0.0006588126998394728,-0.2061302214860916,0.0,0.0,-0.3245856159280452,-0.2936662454521574,0.03684201464056969,0.003657248103991151,0.0,0.0,0.0,0.0
6.0087761878967285,-0.18576979637145996,0.21207942068576813,0.0,0.0,-0.0006496008136309683,-0.20617017149925232,0.0,0.0,-0.3245856159280452,-0.2936662454521574,0.03684201464056969,0.003657248103991151,0.0,0.0,0.0,0.0
6.011124610900879,-0.18576979637145996,0.21207942068576813,0.0,0.0,-0.0006496008136309683,-0.20617017149925232,0.0,0.0,-0.3246575212774773,-0.293776490958611,0.036412861198186874,0.004315366968512535,0.0,0.0,0.0,0.0
6.012777805328369,-0.18576979637145996,0.21207942068576813,0.0,0.0,-0.0006496008136309683,-0.20617017149925232,0.0,0.0,-0.32476299181932017,-0.2939778352996967,0.04110225662589073,0.0009418747504241765,0.0,0.0,0.0,0.0
6.014250755310059,-0.18576979637145996,0.21207942068576813,0.0,0.0,-0.0006496008136309683,-0.20617017149925232,0.0,0.0,-0.32476299181932017,-0.2939778352996967,0.04110225662589073,0.0009418747504241765,0.0,0.0,0.0,0.0
6.016524791717529,-0.18576979637145996,0.21207942068576813,0.0,0.0,-0.0006496008136309683,-0.20617017149925232,0.0,0.0,-0.3249547394178059,-0.2941695828981824,0.04053005203604698,0.002143560443073511,0.0,0.0,0.0,0.0
6.018892049789429,-0.18318946659564972,0.27586621046066284,0.0,0.0,-0.0006550904363393784,-0.206196129322052,0.0,0.0,-0.3251560603522023,-0.2943661288679681,0.03798368573188782,0.003316607791930437,0.0,0.0,0.0,0.0
6.020603179931641,-0.18318946659564972,0.27586621046066284,0.0,0.0,-0.0006550904363393784,-0.206196129322052,0.0,0.0,-0.3251320919023916,-0.2944715760031217,0.038412921130657196,0.003087697783485055,0.0,0.0,0.0,0.0
6.022582769393921,-0.18318946659564972,0.27586621046066284,0.0,0.0,-0.0006550904363393784,-0.206196129322052,0.0,0.0,-0.3251320919023916,-0.2944715760031217,0.038412921130657196,0.003087697783485055,0.0,0.0,0.0,0.0
6.025043249130249,-0.18318946659564972,0.27586621046066284,0.0,0.0,-0.0006550904363393784,-0.206196129322052,0.0,0.0,-0.3251320919023916,-0.29445240592461097,0.045122019946575165,-0.0032208862248808146,0.0,0.0,0.0,0.0
6.0277252197265625,-0.18318946659564972,0.27586621046066284,0.0,0.0,-0.0006550904363393784,-0.206196129322052,0.0,0.0,-0.3251320919023916,-0.29445240592461097,0.045122019946575165,-0.0032208862248808146,0.0,0.0,0.0,0.0
6.030473947525024,-0.19974379241466522,0.30996260046958923,0.0,0.0,-0.0007007061503827572,-0.20625220239162445,0.0,0.0,-0.32526632926534516,-0.2945291096453431,0.04349123686552048,-0.0032208862248808146,0.0,0.0,0.0,0.0
6.033891677856445,-0.19974379241466522,0.30996260046958923,0.0,0.0,-0.0007007061503827572,-0.20625220239162445,0.0,0.0,-0.3254724485710416,-0.2947256556151288,0.047594182193279266,-0.006092162802815437,0.0,0.0,0.0,0.0
6.0356903076171875,-0.19974379241466522,0.30996260046958923,0.0,0.0,-0.0007007061503827572,-0.20625220239162445,0.0,0.0,-0.3254724485710416,-0.2947256556151288,0.047594182193279266,-0.006092162802815437,0.0,0.0,0.0,0.0
6.0391035079956055,-0.2025558054447174,0.36010363698005676,0.0,0.0,-0.0007132638711482286,-0.20630010962486267,0.0,0.0,-0.32565459942692726,-0.29512352251931095,0.04647840932011604,-0.003717430168762803,0.0,0.0,0.0,0.0
6.0412445068359375,-0.2025558054447174,0.36010363698005676,0.0,0.0,-0.0007132638711482286,-0.20630010962486267,0.0,0.0,-0.3259805843883665,-0.29514749096912163,0.042988017201423645,-0.004890561103820801,0.0,0.0,0.0,0.0
6.043830156326294,-0.2025558054447174,0.36010363698005676,0.0,0.0,-0.0007132638711482286,-0.20630010962486267,0.0,0.0,-0.3260572881090987,-0.29551661445888233,0.04812662675976753,-0.005566729232668877,0.0,0.0,0.0,0.0
6.045520305633545,-0.2025558054447174,0.36010363698005676,0.0,0.0,-0.0007132638711482286,-0.20630010962486267,0.0,0.0,-0.3260572881090987,-0.29551661445888233,0.04812662675976753,-0.005566729232668877,0.0,0.0,0.0,0.0
6.046999931335449,-0.2025558054447174,0.36010363698005676,0.0,0.0,-0.0007132638711482286,-0.20630010962486267,0.0,0.0,-0.3263161426857165,-0.29569396694346806,0.04712526872754097,-0.003420962020754814,0.0,0.0,0.0,0.0
6.0488409996032715,-0.20154033601284027,0.4333145022392273,0.0,0.0,-0.000724299403373152,-0.20634721219539642,0.0,0.0,-0.3266325309045558,-0.29597201500528586,0.04435007646679878,-0.003764284774661064,0.0,0.0,0.0,0.0
6.050919532775879,-0.20154033601284027,0.4333145022392273,0.0,0.0,-0.000724299403373152,-0.20634721219539642,0.0,0.0,-0.32669004114008793,-0.2961014305902502,0.04569470137357712,-0.0023337730672210455,0.0,0.0,0.0,0.0
6.05258321762085,-0.20154033601284027,0.4333145022392273,0.0,0.0,-0.000724299403373152,-0.20634721219539642,0.0,0.0,-0.32669004114008793,-0.2961014305902502,0.04569470137357712,-0.0023337730672210455,0.0,0.0,0.0,0.0
6.054038763046265,-0.20154033601284027,0.4333145022392273,0.0,0.0,-0.000724299403373152,-0.20634721219539642,0.0,0.0,-0.32691535393098436,-0.2963027749313359,0.04882777854800224,-0.006526122335344553,0.0,0.0,0.0,0.0
6.055478096008301,-0.20154033601284027,0.4333145022392273,0.0,0.0,-0.000724299403373152,-0.20634721219539642,0.0,0.0,-0.32691535393098436,-0.2963027749313359,0.04882777854800224,-0.006526122335344553,0.0,0.0,0.0,0.0
6.0570173263549805,-0.20154033601284027,0.4333145022392273,0.0,0.0,-0.000724299403373152,-0.20634721219539642,0.0,0.0,-0.3270064293589272,-0.29647535245131085,0.04914245754480362,-0.005553402006626129,0.0,0.0,0.0,0.0
6.058895111083984,-0.19942115247249603,0.4810984432697296,0.0,0.0,-0.0007174817728810012,-0.20638152956962585,0.0,0.0,-0.3270735363370594,-0.29694992307622514,0.04871330037713051,-0.001004375284537673,0.0,0.0,0.0,0.0
6.061565160751343,-0.19942115247249603,0.4810984432697296,0.0,0.0,-0.0007174817728810012,-0.20638152956962585,0.0,0.0,-0.3271694101363022,-0.29714646904601083,0.04816973954439163,-0.000746855279430747,0.0,0.0,0.0,0.0
6.063788175582886,-0.19942115247249603,0.4810984432697296,0.0,0.0,-0.0007174817728810012,-0.20638152956962585,0.0,0.0,-0.3275289368834629,-0.2972231493600537,0.04962369054555893,-0.005804998800158501,0.0,0.0,0.0,0.0
6.066075563430786,-0.19942115247249603,0.4810984432697296,0.0,0.0,-0.0007174817728810012,-0.20638152956962585,0.0,0.0,-0.32760564060419506,-0.29747243060076084,0.0508539080619812,-0.004775002598762512,0.0,0.0,0.0,0.0
6.067784070968628,-0.19942115247249603,0.4810984432697296,0.0,0.0,-0.0007174817728810012,-0.20638152956962585,0.0,0.0,-0.32760564060419506,-0.29747243060076084,0.0508539080619812,-0.004775002598762512,0.0,0.0,0.0,0.0
6.070482969284058,-0.20442041754722595,0.4811580181121826,0.0,0.0,-0.0007390627870336175,-0.20645831525325775,0.0,0.0,-0.32783095339509144,-0.29755870765740366,0.048650920391082764,-0.005146963521838188,0.0,0.0,0.0,0.0
6.073200225830078,-0.20442041754722595,0.4811580181121826,0.0,0.0,-0.0007390627870336175,-0.20645831525325775,0.0,0.0,-0.3279268271943343,-0.2980380766536179,0.04890846833586693,0.00020317762391641736,0.0,0.0,0.0,0.0
6.075735092163086,-0.20442041754722595,0.4811580181121826,0.0,0.0,-0.0007390627870336175,-0.20645831525325775,0.0,0.0,-0.32819048014225216,-0.29844076533578934,0.051835622638463974,-0.0028397326823323965,0.0,0.0,0.0,0.0
6.07817268371582,-0.20304329693317413,0.4959524869918823,0.0,0.0,-0.000731955748051405,-0.2065502405166626,0.0,0.0,-0.32837263099813785,-0.29880506704756077,0.05080562084913254,-0.0005509143229573965,0.0,0.0,0.0,0.0
6.080455780029297,-0.20304329693317413,0.4959524869918823,0.0,0.0,-0.000731955748051405,-0.2065502405166626,0.0,0.0,-0.32878969138751996,-0.2989249092966143,0.046828798949718475,-0.001437887316569686,0.0,0.0,0.0,0.0
6.082898378372192,-0.20304329693317413,0.4959524869918823,0.0,0.0,-0.000731955748051405,-0.2065502405166626,0.0,0.0,-0.32927863371964494,-0.2997494333327786,0.050342436879873276,-0.000374530820408836,0.0,0.0,0.0,0.0
6.085183620452881,-0.20304329693317413,0.4959524869918823,0.0,0.0,-0.000731955748051405,-0.2065502405166626,0.0,0.0,-0.3296621289166164,-0.3003678146565571,0.0468519888818264,0.003173109609633684,0.0,0.0,0.0,0.0
6.0872087478637695,-0.20304329693317413,0.4959524869918823,0.0,0.0,-0.000731955748051405,-0.2065502405166626,0.0,0.0,-0.3296621289166164,-0.3003678146565571,0.0468519888818264,0.003173109609633684,0.0,0.0,0.0,0.0
6.090901613235474,-0.22784391045570374,0.43848565220832825,0.0,0.0,-0.0007930584833957255,-0.20661136507987976,0.0,0.0,-0.33089411659956275,-0.3018490601735213,0.03789687901735306,0.014760281890630722,0.0,0.0,0.0,0.0
6.092620611190796,-0.22784391045570374,0.43848565220832825,0.0,0.0,-0.0007930584833957255,-0.20661136507987976,0.0,0.0,-0.33089411659956275,-0.3018490601735213,0.03789687901735306,0.014760281890630722,0.0,0.0,0.0,0.0
6.094511270523071,-0.22784391045570374,0.43848565220832825,0.0,0.0,-0.0007930584833957255,-0.20661136507987976,0.0,0.0,-0.33148373110223056,-0.3027598612663284,0.038701318204402924,0.015473805367946625,0.0,0.0,0.0,0.0
6.096529245376587,-0.22784391045570374,0.43848565220832825,0.0,0.0,-0.0007930584833957255,-0.20661136507987976,0.0,0.0,-0.3323322235882055,-0.3039151452285427,0.03346561640501022,0.025086842477321625,0.0,0.0,0.0,0.0
6.098818778991699,-0.2358894646167755,0.43659794330596924,0.0,0.0,-0.0008073097560554743,-0.20670346915721893,0.0,0.0,-0.33313275576786977,-0.3053580505884854,0.0280296728014946,0.03449960798025131,0.0,0.0,0.0,0.0
6.100489854812622,-0.2358894646167755,0.43659794330596924,0.0,0.0,-0.0008073097560554743,-0.20670346915721893,0.0,0.0,-0.33313275576786977,-0.3053580505884854,0.0280296728014946,0.03449960798025131,0.0,0.0,0.0,0.0
6.102408409118652,-0.2358894646167755,0.43659794330596924,0.0,0.0,-0.0008073097560554743,-0.20670346915721893,0.0,0.0,-0.33425449794436257,-0.30669548540658537,0.019675398245453835,0.041251566261053085,0.0,0.0,0.0,0.0
6.103940725326538,-0.2358894646167755,0.43659794330596924,0.0,0.0,-0.0008073097560554743,-0.20670346915721893,0.0,0.0,-0.33548166384931966,-0.30844518224276746,0.01737825572490692,0.050443775951862335,0.0,0.0,0.0,0.0
6.105483531951904,-0.2358894646167755,0.43659794330596924,0.0,0.0,-0.0008073097560554743,-0.20670346915721893,0.0,0.0,-0.33548166384931966,-0.30844518224276746,0.01737825572490692,0.050443775951862335,0.0,0.0,0.0,0.0
6.107574701309204,-0.2358894646167755,0.43659794330596924,0.0,0.0,-0.0008073097560554743,-0.20670346915721893,0.0,0.0,-0.33676158843188747,-0.31032431807060307,0.007564973086118698,0.062002360820770264,0.0,0.0,0.0,0.0
6.109455585479736,-0.23968012630939484,0.4545665681362152,0.0,0.0,-0.0008451679022982717,-0.2068745642900467,0.0,0.0,-0.3383003675910731,-0.31195897102903153,-0.001933622406795621,0.07356081902980804,0.0,0.0,0.0,0.0
6.111053705215454,-0.23968012630939484,0.4545665681362152,0.0,0.0,-0.0008451679022982717,-0.2068745642900467,0.0,0.0,-0.3383003675910731,-0.31195897102903153,-0.001933622406795621,0.07356081902980804,0.0,0.0,0.0,0.0
6.112640380859375,-0.23968012630939484,0.4545665681362152,0.0,0.0,-0.0008451679022982717,-0.2068745642900467,0.0,0.0,-0.34013634148389804,-0.31418323849012786,-0.008439460769295692,0.0778629407286644,0.0,0.0,0.0,0.0
6.114171743392944,-0.23968012630939484,0.4545665681362152,0.0,0.0,-0.0008451679022982717,-0.2068745642900467,0.0,0.0,-0.34013634148389804,-0.31418323849012786,-0.008439460769295692,0.0778629407286644,0.0,0.0,0.0,0.0
6.116212368011475,-0.23968012630939484,0.4545665681362152,0.0,0.0,-0.0008451679022982717,-0.2068745642900467,0.0,0.0,-0.34139229761665507,-0.31559257865765994,-0.01599258929491043,0.08904951065778732,0.0,0.0,0.0,0.0
6.117853164672852,-0.23968012630939484,0.4545665681362152,0.0,0.0,-0.0008451679022982717,-0.2068745642900467,0.0,0.0,-0.34280643615548717,-0.31666636052784203,-0.023145202547311783,0.09113813936710358,0.0,0.0,0.0,0.0
6.120123863220215,-0.2605687975883484,0.20884115993976593,0.0,0.0,-0.0009297827491536736,-0.20716582238674164,0.0,0.0,-0.34398089019621214,-0.31717449634516703,-0.029525283724069595,0.09199639409780502,0.0,0.0,0.0,0.0
6.121626138687134,-0.2605687975883484,0.20884115993976593,0.0,0.0,-0.0009297827491536736,-0.20716582238674164,0.0,0.0,-0.34398089019621214,-0.31717449634516703,-0.029525283724069595,0.09199639409780502,0.0,0.0,0.0,0.0
6.123130798339844,-0.2605687975883484,0.20884115993976593,0.0,0.0,-0.0009297827491536736,-0.20716582238674164,0.0,0.0,-0.34478622074717635,-0.3175244263497277,-0.028975483030080795,0.08449368923902512,0.0,0.0,0.0,0.0
6.124648094177246,-0.2605687975883484,0.20884115993976593,0.0,0.0,-0.0009297827491536736,-0.20716582238674164,0.0,0.0,-0.34478622074717635,-0.3175244263497277,-0.028975483030080795,0.08449368923902512,0.0,0.0,0.0,0.0
6.1265881061553955,-0.2605687975883484,0.20884115993976593,0.0,0.0,-0.0009297827491536736,-0.20716582238674164,0.0,0.0,-0.34532792175691207,-0.31750045789991704,-0.027716608718037605,0.0818328857421875,0.0,0.0,0.0,0.0
6.128080129623413,-0.3280940353870392,-0.2937223017215729,0.0,0.0,-0.0011074199574068189,-0.20770664513111115,0.0,0.0,-0.3454141988135549,-0.31746211774289557,-0.025570927187800407,0.08080294728279114,0.0,0.0,0.0,0.0
6.129556894302368,-0.3280940353870392,-0.2937223017215729,0.0,0.0,-0.0011074199574068189,-0.20770664513111115,0.0,0.0,-0.3454141988135549,-0.31746211774289557,-0.025570927187800407,0.08080294728279114,0.0,0.0,0.0,0.0
6.131000995635986,-0.3280940353870392,-0.2937223017215729,0.0,0.0,-0.0011074199574068189,-0.20770664513111115,0.0,0.0,-0.3457689271894156,-0.3169875471179813,-0.027230260893702507,0.07642552256584167,0.0,0.0,0.0,0.0
6.132499694824219,-0.3280940353870392,-0.2937223017215729,0.0,0.0,-0.0011074199574068189,-0.20770664513111115,0.0,0.0,-0.3457689271894156,-0.3169875471179813,-0.027230260893702507,0.07642552256584167,0.0,0.0,0.0,0.0
6.133958578109741,-0.3280940353870392,-0.2937223017215729,0.0,0.0,-0.0011074199574068189,-0.20770664513111115,0.0,0.0,-0.34620995602860843,-0.31636916579420277,-0.025364533066749573,0.06509274244308472,0.0,0.0,0.0,0.0
6.135398864746094,-0.3280940353870392,-0.2937223017215729,0.0,0.0,-0.0011074199574068189,-0.20770664513111115,0.0,0.0,-0.34620995602860843,-0.31636916579420277,-0.025364533066749573,0.06509274244308472,0.0,0.0,0.0,0.0
6.137369155883789,-0.3280940353870392,-0.2937223017215729,0.0,0.0,-0.0011074199574068189,-0.20770664513111115,0.0,0.0,-0.3466078229327906,-0.3159041685051992,-0.02928413636982441,0.06314724683761597,0.0,0.0,0.0,0.0
6.139436721801758,-0.3378213346004486,-0.7687934041023254,0.0,0.0,-0.001223397790454328,-0.20828768610954285,0.0,0.0,-0.34675163363165484,-0.3154535663300957,-0.026938069611787796,0.05888427048921585,0.0,0.0,0.0,0.0
6.141314506530762,-0.3378213346004486,-0.7687934041023254,0.0,0.0,-0.001223397790454328,-0.20828768610954285,0.0,0.0,-0.3471782673569477,-0.31521388183198856,-0.025833362713456154,0.05434340238571167,0.0,0.0,0.0,0.0
6.142871856689453,-0.3378213346004486,-0.7687934041023254,0.0,0.0,-0.001223397790454328,-0.20828768610954285,0.0,0.0,-0.3471782673569477,-0.31521388183198856,-0.025833362713456154,0.05434340238571167,0.0,0.0,0.0,0.0
6.144389629364014,-0.3378213346004486,-0.7687934041023254,0.0,0.0,-0.001223397790454328,-0.20828768610954285,0.0,0.0,-0.3477822769735155,-0.31502213423350284,-0.03026789240539074,0.05400010570883751,0.0,0.0,0.0,0.0
6.1458899974823,-0.3378213346004486,-0.7687934041023254,0.0,0.0,-0.001223397790454328,-0.20828768610954285,0.0,0.0,-0.3477822769735155,-0.31502213423350284,-0.03026789240539074,0.05400010570883751,0.0,0.0,0.0,0.0
6.147453784942627,-0.3378213346004486,-0.7687934041023254,0.0,0.0,-0.001223397790454328,-0.20828768610954285,0.0,0.0,-0.3481514004632762,-0.3148303866350171,-0.03152677044272423,0.0527985617518425,0.0,0.0,0.0,0.0
6.150044918060303,-0.2712530791759491,-1.0115952491760254,0.0,0.0,-0.001089417259208858,-0.20873591303825378,0.0,0.0,-0.34850133046783693,-0.3148495567135278,-0.03404441475868225,0.053227655589580536,0.0,0.0,0.0,0.0
6.151663064956665,-0.2712530791759491,-1.0115952491760254,0.0,0.0,-0.001089417259208858,-0.20873591303825378,0.0,0.0,-0.34850133046783693,-0.3148495567135278,-0.03404441475868225,0.053227655589580536,0.0,0.0,0.0,0.0
6.153150796890259,-0.2712530791759491,-1.0115952491760254,0.0,0.0,-0.001089417259208858,-0.20873591303825378,0.0,0.0,-0.34881771868667616,-0.3148495567135278,-0.029286203905940056,0.04924340546131134,0.0,0.0,0.0,0.0
6.154664754867554,-0.2712530791759491,-1.0115952491760254,0.0,0.0,-0.001089417259208858,-0.20873591303825378,0.0,0.0,-0.34881771868667616,-0.3148495567135278,-0.029286203905940056,0.04924340546131134,0.0,0.0,0.0,0.0
6.1561079025268555,-0.2712530791759491,-1.0115952491760254,0.0,0.0,-0.001089417259208858,-0.20873591303825378,0.0,0.0,-0.34890879411461906,-0.3148495567135278,-0.02911457233130932,0.04924340546131134,0.0,0.0,0.0,0.0
6.157538414001465,-0.2712530791759491,-1.0115952491760254,0.0,0.0,-0.001089417259208858,-0.20873591303825378,0.0,0.0,-0.34890879411461906,-0.3148495567135278,-0.02911457233130932,0.04924340546131134,0.0,0.0,0.0,0.0
6.159576177597046,-0.23977451026439667,-0.9243085384368896,0.0,0.0,-0.0009309223969466984,-0.20876164734363556,0.0,0.0,-0.3491101384557047,-0.3148495567135278,-0.03031611628830433,0.04924340546131134,0.0,0.0,0.0,0.0
6.161139965057373,-0.23977451026439667,-0.9243085384368896,0.0,0.0,-0.0009309223969466984,-0.20876164734363556,0.0,0.0,-0.3490622015560833,-0.3148495567135278,-0.02842792496085167,0.04924340546131134,0.0,0.0,0.0,0.0
6.162574052810669,-0.23977451026439667,-0.9243085384368896,0.0,0.0,-0.0009309223969466984,-0.20876164734363556,0.0,0.0,-0.3490622015560833,-0.3148495567135278,-0.02842792496085167,0.04924340546131134,0.0,0.0,0.0,0.0
6.163991689682007,-0.23977451026439667,-0.9243085384368896,0.0,0.0,-0.0009309223969466984,-0.20876164734363556,0.0,0.0,-0.3490622015560833,-0.3148495567135278,-0.02309759333729744,0.04391432926058769,0.0,0.0,0.0,0.0
6.165407180786133,-0.23977451026439667,-0.9243085384368896,0.0,0.0,-0.0009309223969466984,-0.20876164734363556,0.0,0.0,-0.3490622015560833,-0.3148495567135278,-0.02309759333729744,0.04391432926058769,0.0,0.0,0.0,0.0
6.167457103729248,-0.23977451026439667,-0.9243085384368896,0.0,0.0,-0.0009309223969466984,-0.20876164734363556,0.0,0.0,-0.3490622015560833,-0.3148495567135278,-0.02309759333729744,0.04391432926058769,0.0,0.0,0.0,0.0
6.168907403945923,-0.13863155245780945,-0.7153815627098083,0.0,0.0,-0.000598630344029516,-0.2087424397468567,0.0,0.0,-0.34861637434559045,-0.31500773911960284,-0.01794777810573578,0.04391432926058769,0.0,0.0,0.0,0.0
6.170358896255493,-0.13863155245780945,-0.7153815627098083,0.0,0.0,-0.000598630344029516,-0.2087424397468567,0.0,0.0,-0.34861637434559045,-0.31500773911960284,-0.01794777810573578,0.04391432926058769,0.0,0.0,0.0,0.0
6.172462701797485,-0.13863155245780945,-0.7153815627098083,0.0,0.0,-0.000598630344029516,-0.2087424397468567,0.0,0.0,-0.34836231814027263,-0.31542959788028496,-0.01111513003706932,0.04537590965628624,0.0,0.0,0.0,0.0
6.175035715103149,-0.13863155245780945,-0.7153815627098083,0.0,0.0,-0.000598630344029516,-0.2087424397468567,0.0,0.0,-0.3482856144195405,-0.3157699545489349,-0.010943524539470673,0.04611986130475998,0.0,0.0,0.0,0.0
6.1765100955963135,-0.13863155245780945,-0.7153815627098083,0.0,0.0,-0.000598630344029516,-0.2087424397468567,0.0,0.0,-0.34802675984292264,-0.31603838246146354,-0.00999930314719677,0.04820835217833519,0.0,0.0,0.0,0.0
6.17851448059082,-0.09688165038824081,-0.7008499503135681,0.0,0.0,-0.00038963783299550414,-0.2088143527507782,0.0,0.0,-0.3478685774368476,-0.31641710269382417,-0.010314127430319786,0.04981055110692978,0.0,0.0,0.0,0.0
6.179975986480713,-0.09688165038824081,-0.7008499503135681,0.0,0.0,-0.00038963783299550414,-0.2088143527507782,0.0,0.0,-0.3478685774368476,-0.31641710269382417,-0.010314127430319786,0.04981055110692978,0.0,0.0,0.0,0.0
6.181405782699585,-0.09688165038824081,-0.7008499503135681,0.0,0.0,-0.00038963783299550414,-0.2088143527507782,0.0,0.0,-0.3474611137900655,-0.316848534790417,-0.005021123215556145,0.055418070405721664,0.0,0.0,0.0,0.0
6.182861566543579,-0.09688165038824081,-0.7008499503135681,0.0,0.0,-0.00038963783299550414,-0.2088143527507782,0.0,0.0,-0.3474611137900655,-0.316848534790417,-0.005021123215556145,0.055418070405721664,0.0,0.0,0.0,0.0
6.184592008590698,-0.09688165038824081,-0.7008499503135681,0.0,0.0,-0.00038963783299550414,-0.2088143527507782,0.0,0.0,-0.34736523999082264,-0.3171313578168456,-0.00020882088574580848,0.049347031861543655,0.0,0.0,0.0,0.0
6.187084674835205,-0.09688165038824081,-0.7008499503135681,0.0,0.0,-0.00038963783299550414,-0.2088143527507782,0.0,0.0,-0.3472933346413905,-0.3171888680523777,-0.0018683263333514333,0.04803090542554855,0.0,0.0,0.0,0.0
6.188963413238525,-0.10072635114192963,-0.598030149936676,0.0,0.0,-0.0003641218936536461,-0.20882807672023773,0.0,0.0,-0.3472933346413905,-0.3171888680523777,-0.0018683263333514333,0.04803090542554855,0.0,0.0,0.0,0.0
6.191949129104614,-0.10072635114192963,-0.598030149936676,0.0,0.0,-0.0003641218936536461,-0.20882807672023773,0.0,0.0,-0.3472933346413905,-0.3176250985202706,0.003439374268054962,0.046157773584127426,0.0,0.0,0.0,0.0
6.193751811981201,-0.10072635114192963,-0.598030149936676,0.0,0.0,-0.0003641218936536461,-0.20882807672023773,0.0,0.0,-0.3472933346413905,-0.3176250985202706,0.003439374268054962,0.046157773584127426,0.0,0.0,0.0,0.0
6.19556450843811,-0.10072635114192963,-0.598030149936676,0.0,0.0,-0.0003641218936536461,-0.20882807672023773,0.0,0.0,-0.3472933346413905,-0.317836016197267,0.003439374268054962,0.04741673544049263,0.0,0.0,0.0,0.0
6.197630882263184,-0.10072635114192963,-0.598030149936676,0.0,0.0,-0.0003641218936536461,-0.20882807672023773,0.0,0.0,-0.3472933346413905,-0.31776890921913487,0.003439374268054962,0.045356713235378265,0.0,0.0,0.0,0.0
6.199878931045532,-0.1697596162557602,-0.5089541673660278,0.0,0.0,-0.000541389686986804,-0.20883576571941376,0.0,0.0,-0.3472933346413905,-0.31777370759043483,0.003439374268054962,0.045356713235378265,0.0,0.0,0.0,0.0
6.201640367507935,-0.1697596162557602,-0.5089541673660278,0.0,0.0,-0.000541389686986804,-0.20883576571941376,0.0,0.0,-0.3472933346413905,-0.31777370759043483,0.003439374268054962,0.045356713235378265,0.0,0.0,0.0,0.0
6.204046249389648,-0.1697596162557602,-0.5089541673660278,0.0,0.0,-0.000541389686986804,-0.20883576571941376,0.0,0.0,-0.3472933346413905,-0.3179414867391098,0.008775433525443077,0.04185246676206589,0.0,0.0,0.0,0.0
6.20581316947937,-0.1697596162557602,-0.5089541673660278,0.0,0.0,-0.000541389686986804,-0.20883576571941376,0.0,0.0,-0.3478158421659262,-0.3180373605383527,0.0032537428196519613,0.04242467135190964,0.0,0.0,0.0,0.0
6.208260774612427,-0.23691704869270325,-0.4414840638637543,0.0,0.0,-0.0007796783465892076,-0.20885969698429108,0.0,0.0,-0.3481034635636548,-0.3181476060448063,0.0015371291665360332,0.04311128705739975,0.0,0.0,0.0,0.0
6.210236549377441,-0.23691704869270325,-0.4414840638637543,0.0,0.0,-0.0007796783465892076,-0.20885969698429108,0.0,0.0,-0.34827604108362975,-0.3180757006953741,0.0012509708758443594,0.04185238108038902,0.0,0.0,0.0,0.0
6.212663173675537,-0.23691704869270325,-0.4414840638637543,0.0,0.0,-0.0007796783465892076,-0.20885969698429108,0.0,0.0,-0.3484773620180262,-0.3180757006953741,0.005456870421767235,0.03650277107954025,0.0,0.0,0.0,0.0
6.214511156082153,-0.23691704869270325,-0.4414840638637543,0.0,0.0,-0.0007796783465892076,-0.20885969698429108,0.0,0.0,-0.3484773620180262,-0.3180757006953741,0.005456870421767235,0.03650277107954025,0.0,0.0,0.0,0.0
6.2162699699401855,-0.23691704869270325,-0.4414840638637543,0.0,0.0,-0.0007796783465892076,-0.20885969698429108,0.0,0.0,-0.3488225170579762,-0.3180757006953741,0.00250998861156404,0.03650277107954025,0.0,0.0,0.0,0.0
6.218307018280029,-0.2389671951532364,-0.38036617636680603,0.0,0.0,-0.0008388314745388925,-0.2088831216096878,0.0,0.0,-0.3488225170579762,-0.3180757006953741,0.00250998861156404,0.03650277107954025,0.0,0.0,0.0,0.0
6.220255136489868,-0.2389671951532364,-0.38036617636680603,0.0,0.0,-0.0008388314745388925,-0.2088831216096878,0.0,0.0,-0.348755410079844,-0.3180757006953741,0.004140855744481087,0.03650277107954025,0.0,0.0,0.0,0.0
6.222123146057129,-0.2389671951532364,-0.38036617636680603,0.0,0.0,-0.0008388314745388925,-0.2088831216096878,0.0,0.0,-0.348755410079844,-0.3180757006953741,0.01070159487426281,0.031199399381875992,0.0,0.0,0.0,0.0
6.224366903305054,-0.2389671951532364,-0.38036617636680603,0.0,0.0,-0.0008388314745388925,-0.2088831216096878,0.0,0.0,-0.348755410079844,-0.3180757006953741,0.01070159487426281,0.031199399381875992,0.0,0.0,0.0,0.0
6.225913047790527,-0.2389671951532364,-0.38036617636680603,0.0,0.0,-0.0008388314745388925,-0.2088831216096878,0.0,0.0,-0.348755410079844,-0.3180757006953741,0.01070159487426281,0.031199399381875992,0.0,0.0,0.0,0.0
6.227414846420288,-0.2389671951532364,-0.38036617636680603,0.0,0.0,-0.0008388314745388925,-0.2088831216096878,0.0,0.0,-0.348755410079844,-0.3180757006953741,0.01070159487426281,0.031199399381875992,0.0,0.0,0.0,0.0
6.228894948959351,-0.2435820996761322,-0.294241338968277,0.0,0.0,-0.0008719736943021417,-0.20890071988105774,0.0,0.0,-0.348755410079844,-0.3180757006953741,0.01070159487426281,0.031199399381875992,0.0,0.0,0.0,0.0
6.231017351150513,-0.2435820996761322,-0.294241338968277,0.0,0.0,-0.0008719736943021417,-0.20890071988105774,0.0,0.0,-0.34891839085721904,-0.3180757006953741,0.008927760645747185,0.031199399381875992,0.0,0.0,0.0,0.0
6.232464551925659,-0.2435820996761322,-0.294241338968277,0.0,0.0,-0.0008719736943021417,-0.20890071988105774,0.0,0.0,-0.3490142646564619,-0.3180757006953741,0.013680299744009972,0.025873398408293724,0.0,0.0,0.0,0.0
6.233927249908447,-0.2435820996761322,-0.294241338968277,0.0,0.0,-0.0008719736943021417,-0.20890071988105774,0.0,0.0,-0.3490142646564619,-0.3180757006953741,0.013680299744009972,0.025873398408293724,0.0,0.0,0.0,0.0
6.235342502593994,-0.2435820996761322,-0.294241338968277,0.0,0.0,-0.0008719736943021417,-0.20890071988105774,0.0,0.0,-0.3491101384557047,-0.3180757006953741,0.013079597614705563,0.025873398408293724,0.0,0.0,0.0,0.0
6.237163066864014,-0.2435820996761322,-0.294241338968277,0.0,0.0,-0.0008719736943021417,-0.20890071988105774,0.0,0.0,-0.3490622015560833,-0.3180757006953741,0.01419531274586916,0.025873398408293724,0.0,0.0,0.0,0.0
6.238828897476196,-0.20179639756679535,-0.27637383341789246,0.0,0.0,-0.0007625705911777914,-0.20897497236728668,0.0,0.0,-0.3490622015560833,-0.3180757006953741,0.01419531274586916,0.025873398408293724,0.0,0.0,0.0,0.0
6.240596771240234,-0.20179639756679535,-0.27637383341789246,0.0,0.0,-0.0007625705911777914,-0.20897497236728668,0.0,0.0,-0.3490622015560833,-0.3180757006953741,0.01419531274586916,0.025873398408293724,0.0,0.0,0.0,0.0
6.242288112640381,-0.20179639756679535,-0.27637383341789246,0.0,0.0,-0.0007625705911777914,-0.20897497236728668,0.0,0.0,-0.3490622015560833,-0.3180757006953741,0.01419531274586916,0.025873398408293724,0.0,0.0,0.0,0.0
6.244014501571655,-0.20179639756679535,-0.27637383341789246,0.0,0.0,-0.0007625705911777914,-0.20897497236728668,0.0,0.0,-0.3490622015560833,-0.3180757006953741,0.01951991580426693,0.02055005356669426,0.0,0.0,0.0,0.0
6.245776176452637,-0.20179639756679535,-0.27637383341789246,0.0,0.0,-0.0007625705911777914,-0.20897497236728668,0.0,0.0,-0.3490622015560833,-0.3180757006953741,0.01951991580426693,0.02055005356669426,0.0,0.0,0.0,0.0
6.2475926876068115,-0.20179639756679535,-0.27637383341789246,0.0,0.0,-0.0007625705911777914,-0.20897497236728668,0.0,0.0,-0.3490622015560833,-0.3180757006953741,0.01951991580426693,0.02055005356669426,0.0,0.0,0.0,0.0
6.252106189727783,-0.2011318951845169,-0.18225142359733582,0.0,0.0,-0.0007335782283917069,-0.208990678191185,0.0,0.0,-0.3490622015560833,-0.31821951139423843,0.01951991580426693,0.02223811112344265,0.0,0.0,0.0,0.0
6.253986835479736,-0.2011318951845169,-0.18225142359733582,0.0,0.0,-0.0007335782283917069,-0.208990678191185,0.0,0.0,-0.3490622015560833,-0.3185454963556777,0.024875951930880547,0.020487718284130096,0.0,0.0,0.0,0.0
6.255712509155273,-0.2011318951845169,-0.18225142359733582,0.0,0.0,-0.0007335782283917069,-0.208990678191185,0.0,0.0,-0.3490622015560833,-0.3185454963556777,0.024875951930880547,0.020487718284130096,0.0,0.0,0.0,0.0
6.258145332336426,-0.18961311876773834,-0.10818968713283539,0.0,0.0,-0.0007065709796734154,-0.20900526642799377,0.0,0.0,-0.3490622015560833,-0.3187564140326741,0.024875951930880547,0.020802374929189682,0.0,0.0,0.0,0.0
6.260453701019287,-0.18961311876773834,-0.10818968713283539,0.0,0.0,-0.0007065709796734154,-0.20900526642799377,0.0,0.0,-0.3490622015560833,-0.3189098214741384,0.024875951930880547,0.02177509479224682,0.0,0.0,0.0,0.0
6.262867212295532,-0.18961311876773834,-0.10818968713283539,0.0,0.0,-0.0007065709796734154,-0.20900526642799377,0.0,0.0,-0.3490622015560833,-0.3191830477579669,0.030200693756341934,0.018965985625982285,0.0,0.0,0.0,0.0
6.264831066131592,-0.18961311876773834,-0.10818968713283539,0.0,0.0,-0.0007065709796734154,-0.20900526642799377,0.0,0.0,-0.3490622015560833,-0.3193076883783205,0.030200693756341934,0.01928064227104187,0.0,0.0,0.0,0.0
6.266520738601685,-0.18961311876773834,-0.10818968713283539,0.0,0.0,-0.0007065709796734154,-0.20900526642799377,0.0,0.0,-0.3490622015560833,-0.3193076883783205,0.030200693756341934,0.01928064227104187,0.0,0.0,0.0,0.0
6.268028736114502,-0.19174373149871826,-0.008550930768251419,0.0,0.0,-0.0007015968440100551,-0.20900794863700867,0.0,0.0,-0.3490622015560833,-0.3193028900070205,0.030200693756341934,0.017192121595144272,0.0,0.0,0.0,0.0
6.269639253616333,-0.19174373149871826,-0.008550930768251419,0.0,0.0,-0.0007015968440100551,-0.20900794863700867,0.0,0.0,-0.3490622015560833,-0.3193028900070205,0.030200693756341934,0.017192121595144272,0.0,0.0,0.0,0.0
6.2713463306427,-0.19174373149871826,-0.008550930768251419,0.0,0.0,-0.0007015968440100551,-0.20900794863700867,0.0,0.0,-0.3490622015560833,-0.3193028900070205,0.030200693756341934,0.017192121595144272,0.0,0.0,0.0,0.0
6.27297568321228,-0.19174373149871826,-0.008550930768251419,0.0,0.0,-0.0007015968440100551,-0.20900794863700867,0.0,0.0,-0.3490622015560833,-0.3193028900070205,0.03554248437285423,0.011851872317492962,0.0,0.0,0.0,0.0
6.274616241455078,-0.19174373149871826,-0.008550930768251419,0.0,0.0,-0.0007015968440100551,-0.20900794863700867,0.0,0.0,-0.3490622015560833,-0.3193028900070205,0.03554248437285423,0.011851872317492962,0.0,0.0,0.0,0.0
6.276361465454102,-0.19174373149871826,-0.008550930768251419,0.0,0.0,-0.0007015968440100551,-0.20900794863700867,0.0,0.0,-0.3490622015560833,-0.3193028900070205,0.03554248437285423,0.011851872317492962,0.0,0.0,0.0,0.0
6.278398513793945,-0.2168722003698349,0.039945658296346664,0.0,0.0,-0.0007507752743549645,-0.20903410017490387,0.0,0.0,-0.3490622015560833,-0.3193028900070205,0.03554248437285423,0.011851872317492962,0.0,0.0,0.0,0.0
6.280097007751465,-0.2168722003698349,0.039945658296346664,0.0,0.0,-0.0007507752743549645,-0.20903410017490387,0.0,0.0,-0.3490622015560833,-0.3193028900070205,0.03554248437285423,0.011851872317492962,0.0,0.0,0.0,0.0
6.281811237335205,-0.2168722003698349,0.039945658296346664,0.0,0.0,-0.0007507752743549645,-0.20903410017490387,0.0,0.0,-0.3490622015560833,-0.3193028900070205,0.03554248437285423,0.011851872317492962,0.0,0.0,0.0,0.0
6.283996820449829,-0.2168722003698349,0.039945658296346664,0.0,0.0,-0.0007507752743549645,-0.20903410017490387,0.0,0.0,-0.3490622015560833,-0.3193028900070205,0.040850043296813965,0.006543472874909639,0.0,0.0,0.0,0.0
6.285650968551636,-0.2168722003698349,0.039945658296346664,0.0,0.0,-0.0007507752743549645,-0.20903410017490387,0.0,0.0,-0.34918684217643686,-0.31947546752699546,0.03927653655409813,0.008374582976102829,0.0,0.0,0.0,0.0
6.287299156188965,-0.2168722003698349,0.039945658296346664,0.0,0.0,-0.0007507752743549645,-0.20903410017490387,0.0,0.0,-0.34918684217643686,-0.31947546752699546,0.03927653655409813,0.008374582976102829,0.0,0.0,0.0,0.0
6.290753126144409,-0.23477330803871155,0.10118956118822098,0.0,0.0,-0.0008175477851182222,-0.20906956493854523,0.0,0.0,-0.3493929614821333,-0.31968158683269193,0.0380462147295475,0.009576128795742989,0.0,0.0,0.0,0.0
6.292404651641846,-0.23477330803871155,0.10118956118822098,0.0,0.0,-0.0008175477851182222,-0.20906956493854523,0.0,0.0,-0.3493929614821333,-0.31968158683269193,0.0380462147295475,0.009576128795742989,0.0,0.0,0.0,0.0
6.294448137283325,-0.23477330803871155,0.10118956118822098,0.0,0.0,-0.0008175477851182222,-0.20906956493854523,0.0,0.0,-0.34936899303232255,-0.3196096814832598,0.044338032603263855,0.003056181827560067,0.0,0.0,0.0,0.0
6.296172380447388,-0.23477330803871155,0.10118956118822098,0.0,0.0,-0.0008175477851182222,-0.20906956493854523,0.0,0.0,-0.34936899303232255,-0.3196096814832598,0.044338032603263855,0.003056181827560067,0.0,0.0,0.0,0.0
6.298128604888916,-0.2258414924144745,0.21233800053596497,0.0,0.0,-0.0008301356574520469,-0.20907624065876007,0.0,0.0,-0.34936899303232255,-0.3196959819465919,0.044338032603263855,0.003056181827560067,0.0,0.0,0.0,0.0
6.299774646759033,-0.2258414924144745,0.21233800053596497,0.0,0.0,-0.0008301356574520469,-0.20907624065876007,0.0,0.0,-0.34936899303232255,-0.3196959819465919,0.044338032603263855,0.003056181827560067,0.0,0.0,0.0,0.0
6.301802396774292,-0.2258414924144745,0.21233800053596497,0.0,0.0,-0.0008301356574520469,-0.20907624065876007,0.0,0.0,-0.3495032069885869,-0.3197870573745348,0.04270724952220917,0.004944568499922752,0.0,0.0,0.0,0.0
6.304046154022217,-0.2258414924144745,0.21233800053596497,0.0,0.0,-0.0008301356574520469,-0.20907624065876007,0.0,0.0,-0.3496134759017297,-0.31989730288098833,0.0473797433078289,0.0002705399820115417,0.0,0.0,0.0,0.0
6.3056793212890625,-0.2258414924144745,0.21233800053596497,0.0,0.0,-0.0008301356574520469,-0.20907624065876007,0.0,0.0,-0.3496134759017297,-0.31989730288098833,0.0473797433078289,0.0002705399820115417,0.0,0.0,0.0,0.0
6.307868003845215,-0.2258414924144745,0.21233800053596497,0.0,0.0,-0.0008301356574520469,-0.20907624065876007,0.0,0.0,-0.34972372140818325,-0.3199164963661883,0.04669312387704849,0.0009286591084674001,0.0,0.0,0.0,0.0
6.309471607208252,-0.22546127438545227,0.3070850968360901,0.0,0.0,-0.0008301356574520469,-0.20907624065876007,0.0,0.0,-0.34967578450856185,-0.32008905047947406,0.04780898243188858,0.0013863109052181244,0.0,0.0,0.0,0.0
6.3111395835876465,-0.22546127438545227,0.3070850968360901,0.0,0.0,-0.0008301356574520469,-0.20907624065876007,0.0,0.0,-0.34967578450856185,-0.32008905047947406,0.04780898243188858,0.0013863109052181244,0.0,0.0,0.0,0.0
6.3127710819244385,-0.22546127438545227,0.3070850968360901,0.0,0.0,-0.0008301356574520469,-0.20907624065876007,0.0,0.0,-0.3498100218715154,-0.3203575017986919,0.051528509706258774,-0.0019884388893842697,0.0,0.0,0.0,0.0
6.314598321914673,-0.22546127438545227,0.3070850968360901,0.0,0.0,-0.0008301356574520469,-0.20907624065876007,0.0,0.0,-0.349910670635369,-0.3205588461397776,0.05092766508460045,0.0010728560155257583,0.0,0.0,0.0,0.0
6.316228151321411,-0.22546127438545227,0.3070850968360901,0.0,0.0,-0.0008301356574520469,-0.20907624065876007,0.0,0.0,-0.349910670635369,-0.3205588461397776,0.05092766508460045,0.0010728560155257583,0.0,0.0,0.0,0.0
6.318582534790039,-0.2251802384853363,0.369329035282135,0.0,0.0,-0.000830272096209228,-0.20911060273647308,0.0,0.0,-0.3500017694700011,-0.32053007931866684,0.050384096801280975,-0.0008154752431437373,0.0,0.0,0.0,0.0
6.320091485977173,-0.2251802384853363,0.369329035282135,0.0,0.0,-0.000830272096209228,-0.20911060273647308,0.0,0.0,-0.34998257598480115,-0.32053007931866684,0.05132826045155525,-0.0021028798073530197,0.0,0.0,0.0,0.0
6.321558237075806,-0.2251802384853363,0.369329035282135,0.0,0.0,-0.000830272096209228,-0.20911060273647308,0.0,0.0,-0.34998257598480115,-0.32053007931866684,0.05132826045155525,-0.0021028798073530197,0.0,0.0,0.0,0.0
6.323018789291382,-0.2251802384853363,0.369329035282135,0.0,0.0,-0.000830272096209228,-0.20911060273647308,0.0,0.0,-0.34998257598480115,-0.32053007931866684,0.05670413747429848,-0.007479451596736908,0.0,0.0,0.0,0.0
6.324749708175659,-0.2251802384853363,0.369329035282135,0.0,0.0,-0.000830272096209228,-0.20911060273647308,0.0,0.0,-0.3501359834262654,-0.32065471993902045,0.05495879799127579,-0.00590594531968236,0.0,0.0,0.0,0.0
6.326156854629517,-0.2251802384853363,0.369329035282135,0.0,0.0,-0.000830272096209228,-0.20911060273647308,0.0,0.0,-0.3501359834262654,-0.32065471993902045,0.05495879799127579,-0.00590594531968236,0.0,0.0,0.0,0.0
6.3277270793914795,-0.2251802384853363,0.369329035282135,0.0,0.0,-0.000830272096209228,-0.20911060273647308,0.0,0.0,-0.3502366555968082,-0.3207553921095633,0.054358094930648804,-0.005362238734960556,0.0,0.0,0.0,0.0
6.329166412353516,-0.2261568158864975,0.42133623361587524,0.0,0.0,-0.0008348781266249716,-0.2091403752565384,0.0,0.0,-0.3502366555968082,-0.3207553921095633,0.054358094930648804,-0.005362238734960556,0.0,0.0,0.0,0.0
6.330681324005127,-0.2261568158864975,0.42133623361587524,0.0,0.0,-0.0008348781266249716,-0.2091403752565384,0.0,0.0,-0.35043320156659397,-0.32095671304395973,0.0537286177277565,-0.0046756211668252945,0.0,0.0,0.0,0.0
6.332470655441284,-0.2261568158864975,0.42133623361587524,0.0,0.0,-0.0008348781266249716,-0.2091403752565384,0.0,0.0,-0.35043320156659397,-0.32095671304395973,0.0537286177277565,-0.0046756211668252945,0.0,0.0,0.0,0.0
6.334119081497192,-0.2261568158864975,0.42133623361587524,0.0,0.0,-0.0008348781266249716,-0.2091403752565384,0.0,0.0,-0.35063452250099036,-0.32113888730653467,0.05642722547054291,-0.007460704538971186,0.0,0.0,0.0,0.0
6.335603952407837,-0.2261568158864975,0.42133623361587524,0.0,0.0,-0.0008348781266249716,-0.2091403752565384,0.0,0.0,-0.35059618234396894,-0.32120599428466684,0.05699937418103218,-0.00791843980550766,0.0,0.0,0.0,0.0
6.337115287780762,-0.2261568158864975,0.42133623361587524,0.0,0.0,-0.0008348781266249716,-0.2091403752565384,0.0,0.0,-0.35059618234396894,-0.32120599428466684,0.05699937418103218,-0.00791843980550766,0.0,0.0,0.0,0.0
6.3385703563690186,-0.2348596602678299,0.47857531905174255,0.0,0.0,-0.0008626040653325617,-0.20917704701423645,0.0,0.0,-0.35076396149264394,-0.32114366227114544,0.056512944400310516,-0.009091570973396301,0.0,0.0,0.0,0.0
6.340388774871826,-0.2348596602678299,0.47857531905174255,0.0,0.0,-0.0008626040653325617,-0.20917704701423645,0.0,0.0,-0.35086463366318676,-0.32125872955558826,0.055883605033159256,-0.007575201336294413,0.0,0.0,0.0,0.0
6.341888427734375,-0.2348596602678299,0.47857531905174255,0.0,0.0,-0.0008626040653325617,-0.20917704701423645,0.0,0.0,-0.35086463366318676,-0.32125872955558826,0.055883605033159256,-0.007575201336294413,0.0,0.0,0.0,0.0
6.3434460163116455,-0.2348596602678299,0.47857531905174255,0.0,0.0,-0.0008626040653325617,-0.20917704701423645,0.0,0.0,-0.3510947214186939,-0.32135937831944184,0.059070877730846405,-0.012391025200486183,0.0,0.0,0.0,0.0
6.344868183135986,-0.2348596602678299,0.47857531905174255,0.0,0.0,-0.0008626040653325617,-0.20917704701423645,0.0,0.0,-0.3510947214186939,-0.32135937831944184,0.059070877730846405,-0.012391025200486183,0.0,0.0,0.0,0.0
6.346272945404053,-0.2348596602678299,0.47857531905174255,0.0,0.0,-0.0008626040653325617,-0.20917704701423645,0.0,0.0,-0.3512145636677475,-0.321771640337524,0.05792646482586861,-0.008242512121796608,0.0,0.0,0.0,0.0
6.3476881980896,-0.2348596602678299,0.47857531905174255,0.0,0.0,-0.0008626040653325617,-0.20917704701423645,0.0,0.0,-0.3512145636677475,-0.321771640337524,0.05792646482586861,-0.008242512121796608,0.0,0.0,0.0,0.0
6.3496994972229,-0.23293761909008026,0.5737521052360535,0.0,0.0,-0.0008626838098280132,-0.20919638872146606,0.0,0.0,-0.3512097652964475,-0.32180040715863467,0.06004362553358078,-0.009730188176035881,0.0,0.0,0.0,0.0
6.351327657699585,-0.23293761909008026,0.5737521052360535,0.0,0.0,-0.0008626838098280132,-0.20919638872146606,0.0,0.0,-0.3512097652964475,-0.32175726863031323,0.06004362553358078,-0.010817404836416245,0.0,0.0,0.0,0.0
6.352769374847412,-0.23293761909008026,0.5737521052360535,0.0,0.0,-0.0008626838098280132,-0.20919638872146606,0.0,0.0,-0.3512097652964475,-0.32175726863031323,0.06004362553358078,-0.010817404836416245,0.0,0.0,0.0,0.0
6.354169845581055,-0.23293761909008026,0.5737521052360535,0.0,0.0,-0.0008626838098280132,-0.20919638872146606,0.0,0.0,-0.3512097652964475,-0.3218435456869561,0.06534545868635178,-0.016120774671435356,0.0,0.0,0.0,0.0
6.3555779457092285,-0.23293761909008026,0.5737521052360535,0.0,0.0,-0.0008626838098280132,-0.20919638872146606,0.0,0.0,-0.3512097652964475,-0.3218435456869561,0.06534545868635178,-0.016120774671435356,0.0,0.0,0.0,0.0
6.357003211975098,-0.23293761909008026,0.5737521052360535,0.0,0.0,-0.0008626838098280132,-0.20919638872146606,0.0,0.0,-0.351344002659401,-0.3219538146000989,0.06371467560529709,-0.014146752655506134,0.0,0.0,0.0,0.0
6.358420372009277,-0.23164787888526917,0.5710721611976624,0.0,0.0,-0.0008584847091697156,-0.2092670500278473,0.0,0.0,-0.351344002659401,-0.3219538146000989,0.06371467560529709,-0.014146752655506134,0.0,0.0,0.0,0.0
6.3602073192596436,-0.23164787888526917,0.5710721611976624,0.0,0.0,-0.0008584847091697156,-0.2092670500278473,0.0,0.0,-0.35145424816585463,-0.32232291468317037,0.06308519840240479,-0.010341480374336243,0.0,0.0,0.0,0.0
6.361619472503662,-0.23164787888526917,0.5710721611976624,0.0,0.0,-0.0008584847091697156,-0.2092670500278473,0.0,0.0,-0.35145424816585463,-0.32232291468317037,0.06308519840240479,-0.010341480374336243,0.0,0.0,0.0,0.0
6.363029718399048,-0.23164787888526917,0.5710721611976624,0.0,0.0,-0.0008584847091697156,-0.2092670500278473,0.0,0.0,-0.35182814662022605,-0.32282625212919536,0.06406138092279434,-0.013693124987185001,0.0,0.0,0.0,0.0
6.364722728729248,-0.23164787888526917,0.5710721611976624,0.0,0.0,-0.0008584847091697156,-0.2092670500278473,0.0,0.0,-0.352168503288876,-0.32306113825600247,0.062402043491601944,-0.011118203401565552,0.0,0.0,0.0,0.0
6.366176605224609,-0.23164787888526917,0.5710721611976624,0.0,0.0,-0.0008584847091697156,-0.2092670500278473,0.0,0.0,-0.352168503288876,-0.32306113825600247,0.062402043491601944,-0.011118203401565552,0.0,0.0,0.0,0.0
6.368020296096802,-0.22047989070415497,0.6385692954063416,0.0,0.0,-0.0008334905141964555,-0.20930533111095428,0.0,0.0,-0.35244655135069386,-0.3235692740733274,0.06082848086953163,-0.006283074151724577,0.0,0.0,0.0,0.0
6.369733095169067,-0.22047989070415497,0.6385692954063416,0.0,0.0,-0.0008334905141964555,-0.20930533111095428,0.0,0.0,-0.3527102042986117,-0.3240055045412203,0.059169139713048935,-0.005167247261852026,0.0,0.0,0.0,0.0
6.371172666549683,-0.22047989070415497,0.6385692954063416,0.0,0.0,-0.0008334905141964555,-0.20930533111095428,0.0,0.0,-0.3527102042986117,-0.3240055045412203,0.059169139713048935,-0.005167247261852026,0.0,0.0,0.0,0.0
6.372589111328125,-0.22047989070415497,0.6385692954063416,0.0,0.0,-0.0008334905141964555,-0.20930533111095428,0.0,0.0,-0.353012197403551,-0.32438420136689167,0.06268856674432755,-0.007825568318367004,0.0,0.0,0.0,0.0
6.374020338058472,-0.22047989070415497,0.6385692954063416,0.0,0.0,-0.0008334905141964555,-0.20930533111095428,0.0,0.0,-0.353012197403551,-0.32438420136689167,0.06268856674432755,-0.007825568318367004,0.0,0.0,0.0,0.0
6.37544322013855,-0.22047989070415497,0.6385692954063416,0.0,0.0,-0.0008334905141964555,-0.20930533111095428,0.0,0.0,-0.35331898887979024,-0.32489713555551664,0.06094330921769142,-0.0038200519047677517,0.0,0.0,0.0,0.0
6.376856327056885,-0.22047989070415497,0.6385692954063416,0.0,0.0,-0.0008334905141964555,-0.20930533111095428,0.0,0.0,-0.35331898887979024,-0.32489713555551664,0.06094330921769142,-0.0038200519047677517,0.0,0.0,0.0,0.0
6.378732442855835,-0.23211048543453217,0.7279142737388611,0.0,0.0,-0.0008723047212697566,-0.2093387395143509,0.0,0.0,-0.3535778434564081,-0.3252662356385881,0.0593126080930233,-0.0030476038809865713,0.0,0.0,0.0,0.0
6.380242824554443,-0.23211048543453217,0.7279142737388611,0.0,0.0,-0.0008723047212697566,-0.2093387395143509,0.0,0.0,-0.3538510931469259,-0.32560659230723804,0.05768177658319473,-0.0018173636635765433,0.0,0.0,0.0,0.0
6.381905555725098,-0.23211048543453217,0.7279142737388611,0.0,0.0,-0.0008723047212697566,-0.2093387395143509,0.0,0.0,-0.3538510931469259,-0.32560659230723804,0.05768177658319473,-0.0018173636635765433,0.0,0.0,0.0,0.0
6.383451461791992,-0.23211048543453217,0.7279142737388611,0.0,0.0,-0.0008723047212697566,-0.2093387395143509,0.0,0.0,-0.3541051493522438,-0.3260859613034523,0.061412833631038666,-0.002202484291046858,0.0,0.0,0.0,0.0
6.384951829910278,-0.23211048543453217,0.7279142737388611,0.0,0.0,-0.0008723047212697566,-0.2093387395143509,0.0,0.0,-0.35446467609940446,-0.32666600247020944,0.05875220149755478,0.0022321853321045637,0.0,0.0,0.0,0.0
6.386409759521484,-0.23211048543453217,0.7279142737388611,0.0,0.0,-0.0008723047212697566,-0.2093387395143509,0.0,0.0,-0.35446467609940446,-0.32666600247020944,0.05875220149755478,0.0022321853321045637,0.0,0.0,0.0,0.0
6.388079881668091,-0.24201487004756927,0.6570224761962891,0.0,0.0,-0.0008999297278933227,-0.2094605416059494,0.0,0.0,-0.3548290012178652,-0.3273514907721201,0.05634882673621178,0.007467745337635279,0.0,0.0,0.0,0.0
6.389599800109863,-0.24201487004756927,0.6570224761962891,0.0,0.0,-0.0008999297278933227,-0.2094605416059494,0.0,0.0,-0.3548290012178652,-0.3273514907721201,0.05634882673621178,0.007467745337635279,0.0,0.0,0.0,0.0
6.391053199768066,-0.24201487004756927,0.6570224761962891,0.0,0.0,-0.0008999297278933227,-0.2094605416059494,0.0,0.0,-0.3552124964148366,-0.32816164310107365,0.05368812754750252,0.011787918396294117,0.0,0.0,0.0,0.0
6.392493724822998,-0.24201487004756927,0.6570224761962891,0.0,0.0,-0.0008999297278933227,-0.2094605416059494,0.0,0.0,-0.3552124964148366,-0.32816164310107365,0.05368812754750252,0.011787918396294117,0.0,0.0,0.0,0.0
6.394035577774048,-0.24201487004756927,0.6570224761962891,0.0,0.0,-0.0008999297278933227,-0.2094605416059494,0.0,0.0,-0.3558117076601044,-0.3288039928746629,0.05511897802352905,0.010299712419509888,0.0,0.0,0.0,0.0
6.395893335342407,-0.24201487004756927,0.6570224761962891,0.0,0.0,-0.0008999297278933227,-0.2094605416059494,0.0,0.0,-0.3563581836344508,-0.32979149768820215,0.05171439051628113,0.016765736043453217,0.0,0.0,0.0,0.0
6.39883828163147,-0.2589147388935089,0.6302794814109802,0.0,0.0,-0.0009506696369498968,-0.20958177745342255,0.0,0.0,-0.35697658836491863,-0.3309467582437271,0.047193944454193115,0.024948177859187126,0.0,0.0,0.0,0.0
6.400781869888306,-0.2589147388935089,0.6302794814109802,0.0,0.0,-0.0009506696369498968,-0.20958177745342255,0.0,0.0,-0.35787779271512576,-0.3319198913500556,0.040842391550540924,0.03255847096443176,0.0,0.0,0.0,0.0
6.402499198913574,-0.2589147388935089,0.6302794814109802,0.0,0.0,-0.0009506696369498968,-0.20958177745342255,0.0,0.0,-0.35787779271512576,-0.3319198913500556,0.040842391550540924,0.03255847096443176,0.0,0.0,0.0,0.0
6.405158042907715,-0.2589147388935089,0.6302794814109802,0.0,0.0,-0.0009506696369498968,-0.20958177745342255,0.0,0.0,-0.3587885938079328,-0.33337237004590914,0.040579475462436676,0.03822894021868706,0.0,0.0,0.0,0.0
6.407455205917358,-0.2589147388935089,0.6302794814109802,0.0,0.0,-0.0009506696369498968,-0.20958177745342255,0.0,0.0,-0.35980964040719354,-0.33488238238398405,0.032597221434116364,0.04755584895610809,0.0,0.0,0.0,0.0
6.410162448883057,-0.2795525789260864,0.5688458681106567,0.0,0.0,-0.0010152371833100915,-0.2097381055355072,0.0,0.0,-0.3611375018893827,-0.3363013192941161,0.022726666182279587,0.057025860995054245,0.0,0.0,0.0,0.0
6.411992311477661,-0.2795525789260864,0.5688458681106567,0.0,0.0,-0.0010152371833100915,-0.2097381055355072,0.0,0.0,-0.3624030313580505,-0.3379982808593768,0.015173590742051601,0.06758294999599457,0.0,0.0,0.0,0.0
6.413783311843872,-0.2795525789260864,0.5688458681106567,0.0,0.0,-0.0010152371833100915,-0.2097381055355072,0.0,0.0,-0.3624030313580505,-0.3379982808593768,0.015173590742051601,0.06758294999599457,0.0,0.0,0.0,0.0
6.415603160858154,-0.2795525789260864,0.5688458681106567,0.0,0.0,-0.0010152371833100915,-0.2097381055355072,0.0,0.0,-0.3639657789670469,-0.33945078296191955,0.010882112197577953,0.06743839383125305,0.0,0.0,0.0,0.0
6.417374134063721,-0.2795525789260864,0.5688458681106567,0.0,0.0,-0.0010152371833100915,-0.2097381055355072,0.0,0.0,-0.36516420145758255,-0.34060126855283374,0.003243125043809414,0.07567822933197021,0.0,0.0,0.0,0.0
6.4197258949279785,-0.30939292907714844,0.4014052152633667,0.0,0.0,-0.0011226246133446693,-0.20998558402061462,0.0,0.0,-0.36646809448996104,-0.34164628360190513,-0.0037091609556227922,0.0780813992023468,0.0,0.0,0.0,0.0
6.421452522277832,-0.30939292907714844,0.4014052152633667,0.0,0.0,-0.0011226246133446693,-0.20998558402061462,0.0,0.0,-0.36646809448996104,-0.34164628360190513,-0.0037091609556227922,0.0780813992023468,0.0,0.0,0.0,0.0
6.423144817352295,-0.30939292907714844,0.4014052152633667,0.0,0.0,-0.0011226246133446693,-0.20998558402061462,0.0,0.0,-0.3676089833382753,-0.3425043494237908,-0.004472249653190374,0.0763862133026123,0.0,0.0,0.0,0.0
6.424701452255249,-0.30939292907714844,0.4014052152633667,0.0,0.0,-0.0011226246133446693,-0.20998558402061462,0.0,0.0,-0.3676089833382753,-0.3425043494237908,-0.004472249653190374,0.0763862133026123,0.0,0.0,0.0,0.0
6.42708683013916,-0.30939292907714844,0.4014052152633667,0.0,0.0,-0.0011226246133446693,-0.20998558402061462,0.0,0.0,-0.36850061435257164,-0.3427871724502194,-0.007304662372916937,0.0740973949432373,0.0,0.0,0.0,0.0
6.428711175918579,-0.30939292907714844,0.4014052152633667,0.0,0.0,-0.0011226246133446693,-0.20998558402061462,0.0,0.0,-0.36902792024840736,-0.34297414508409435,-0.0104232057929039,0.0749557614326477,0.0,0.0,0.0,0.0
6.430904150009155,-0.3486242890357971,0.07591859251260757,0.0,0.0,-0.0012345218565315008,-0.21027548611164093,0.0,0.0,-0.3696127363797752,-0.34292620818447295,-0.012254288420081139,0.07432633638381958,0.0,0.0,0.0,0.0
6.432400226593018,-0.3486242890357971,0.07591859251260757,0.0,0.0,-0.0012345218565315008,-0.21027548611164093,0.0,0.0,-0.3696127363797752,-0.34292620818447295,-0.012254288420081139,0.07432633638381958,0.0,0.0,0.0,0.0
6.433870553970337,-0.3486242890357971,0.07591859251260757,0.0,0.0,-0.0012345218565315008,-0.21027548611164093,0.0,0.0,-0.36961753475107517,-0.34292620818447295,-0.004102830775082111,0.06769057363271713,0.0,0.0,0.0,0.0
6.436121225357056,-0.3486242890357971,0.07591859251260757,0.0,0.0,-0.0012345218565315008,-0.21027548611164093,0.0,0.0,-0.369876389327693,-0.3424803809739801,-0.005190103780478239,0.06262654066085815,0.0,0.0,0.0,0.0
6.437632083892822,-0.3486242890357971,0.07591859251260757,0.0,0.0,-0.0012345218565315008,-0.21027548611164093,0.0,0.0,-0.369876389327693,-0.3424803809739801,-0.005190103780478239,0.06262654066085815,0.0,0.0,0.0,0.0
6.439180612564087,-0.3955427408218384,-0.4645654559135437,0.0,0.0,-0.0014017595676705241,-0.21086910367012024,0.0,0.0,-0.36996748816232516,-0.34187159639280157,-0.004903917666524649,0.05724784731864929,0.0,0.0,0.0,0.0
6.440702676773071,-0.3955427408218384,-0.4645654559135437,0.0,0.0,-0.0014017595676705241,-0.21086910367012024,0.0,0.0,-0.36996748816232516,-0.34187159639280157,-0.004903917666524649,0.05724784731864929,0.0,0.0,0.0,0.0
6.442922830581665,-0.3955427408218384,-0.4645654559135437,0.0,0.0,-0.0014017595676705241,-0.21086910367012024,0.0,0.0,-0.370044168476368,-0.34168942213022657,-0.005361707881093025,0.05913611873984337,0.0,0.0,0.0,0.0
6.444385528564453,-0.3955427408218384,-0.4645654559135437,0.0,0.0,-0.0014017595676705241,-0.21086910367012024,0.0,0.0,-0.37048519731556084,-0.34149767453174085,-0.005189431831240654,0.0522126667201519,0.0,0.0,0.0,0.0
6.445838928222656,-0.3955427408218384,-0.4645654559135437,0.0,0.0,-0.0014017595676705241,-0.21086910367012024,0.0,0.0,-0.37048519731556084,-0.34149767453174085,-0.005189431831240654,0.0522126667201519,0.0,0.0,0.0,0.0
6.4481964111328125,-0.3446806073188782,-0.7184191942214966,0.0,0.0,-0.0013313867384567857,-0.2114144265651703,0.0,0.0,-0.37084952243402153,-0.3415408130600623,-0.00736383767798543,0.052842091768980026,0.0,0.0,0.0,0.0
6.449806213378906,-0.3446806073188782,-0.7184191942214966,0.0,0.0,-0.0013313867384567857,-0.2114144265651703,0.0,0.0,-0.3711227487178501,-0.3415408130600623,-0.008079148828983307,0.05412949249148369,0.0,0.0,0.0,0.0
6.451580047607422,-0.3446806073188782,-0.7184191942214966,0.0,0.0,-0.0013313867384567857,-0.2114144265651703,0.0,0.0,-0.3714103701155787,-0.3415408130600623,-0.004525501746684313,0.04877206310629845,0.0,0.0,0.0,0.0
6.453098773956299,-0.3446806073188782,-0.7184191942214966,0.0,0.0,-0.0013313867384567857,-0.2114144265651703,0.0,0.0,-0.3714103701155787,-0.3415408130600623,-0.004525501746684313,0.04877206310629845,0.0,0.0,0.0,0.0
6.454529523849487,-0.3446806073188782,-0.7184191942214966,0.0,0.0,-0.0013313867384567857,-0.2114144265651703,0.0,0.0,-0.3716788214347965,-0.3415408130600623,-0.006127702537924051,0.04877206310629845,0.0,0.0,0.0,0.0
6.455924987792969,-0.3446806073188782,-0.7184191942214966,0.0,0.0,-0.0013313867384567857,-0.2114144265651703,0.0,0.0,-0.3716788214347965,-0.3415408130600623,-0.006127702537924051,0.04877206310629845,0.0,0.0,0.0,0.0
6.457202196121216,-0.3446806073188782,-0.7184191942214966,0.0,0.0,-0.0013313867384567857,-0.2114144265651703,0.0,0.0,-0.3717746952340394,-0.3415408130600623,-0.006270809564739466,0.04877206310629845,0.0,0.0,0.0,0.0
6.4584715366363525,-0.30408987402915955,-0.6380853056907654,0.0,0.0,-0.0011644390178844333,-0.21155177056789398,0.0,0.0,-0.3717746952340394,-0.3415408130600623,-0.006270809564739466,0.04877206310629845,0.0,0.0,0.0,0.0
6.460000038146973,-0.30408987402915955,-0.6380853056907654,0.0,0.0,-0.0011644390178844333,-0.21155177056789398,0.0,0.0,-0.3720191781034465,-0.3415408130600623,-0.007214890792965889,0.04877206310629845,0.0,0.0,0.0,0.0
6.461329698562622,-0.30408987402915955,-0.6380853056907654,0.0,0.0,-0.0011644390178844333,-0.21155177056789398,0.0,0.0,-0.3720191781034465,-0.3415408130600623,-0.007214890792965889,0.04877206310629845,0.0,0.0,0.0,0.0
6.46254563331604,-0.30408987402915955,-0.6380853056907654,0.0,0.0,-0.0011644390178844333,-0.21155177056789398,0.0,0.0,-0.37210545516008936,-0.3415408130600623,-0.0017155802343040705,0.043472182005643845,0.0,0.0,0.0,0.0
6.463765382766724,-0.30408987402915955,-0.6380853056907654,0.0,0.0,-0.0011644390178844333,-0.21155177056789398,0.0,0.0,-0.37210545516008936,-0.3415408130600623,-0.0017155802343040705,0.043472182005643845,0.0,0.0,0.0,0.0
6.465228080749512,-0.30408987402915955,-0.6380853056907654,0.0,0.0,-0.0011644390178844333,-0.21155177056789398,0.0,0.0,-0.3720719133743679,-0.3415408130600623,-0.0006856396794319153,0.043472182005643845,0.0,0.0,0.0,0.0
6.4664671421051025,-0.30408987402915955,-0.6380853056907654,0.0,0.0,-0.0011644390178844333,-0.21155177056789398,0.0,0.0,-0.3720719133743679,-0.3415408130600623,-0.0006856396794319153,0.043472182005643845,0.0,0.0,0.0,0.0
6.4684531688690186,-0.2569240629673004,-0.5735568404197693,0.0,0.0,-0.0009883492020890117,-0.211507186293602,0.0,0.0,-0.3720719133743679,-0.3415408130600623,-0.0006856396794319153,0.043472182005643845,0.0,0.0,0.0,0.0
6.470402717590332,-0.2569240629673004,-0.5735568404197693,0.0,0.0,-0.0009883492020890117,-0.211507186293602,0.0,0.0,-0.3720719133743679,-0.3415408130600623,-0.0006856396794319153,0.043472182005643845,0.0,0.0,0.0,0.0
6.472104549407959,-0.2569240629673004,-0.5735568404197693,0.0,0.0,-0.0009883492020890117,-0.211507186293602,0.0,0.0,-0.3720719133743679,-0.3415408130600623,-0.0006856396794319153,0.043472182005643845,0.0,0.0,0.0,0.0
6.473693609237671,-0.2569240629673004,-0.5735568404197693,0.0,0.0,-0.0009883492020890117,-0.211507186293602,0.0,0.0,-0.3720719133743679,-0.3418140627505801,0.004676124081015587,0.042316291481256485,0.0,0.0,0.0,0.0
6.475305080413818,-0.2569240629673004,-0.5735568404197693,0.0,0.0,-0.0009883492020890117,-0.211507186293602,0.0,0.0,-0.3720719133743679,-0.3420106087203658,0.004676124081015587,0.04386121779680252,0.0,0.0,0.0,0.0
6.477339029312134,-0.2569240629673004,-0.5735568404197693,0.0,0.0,-0.0009883492020890117,-0.211507186293602,0.0,0.0,-0.3720719133743679,-0.34206334399128724,0.004676124081015587,0.04203016310930252,0.0,0.0,0.0,0.0
6.479470729827881,-0.20338782668113708,-0.48843619227409363,0.0,0.0,-0.0008000159286893904,-0.21159139275550842,0.0,0.0,-0.3720719133743679,-0.34206334399128724,0.004676124081015587,0.04203016310930252,0.0,0.0,0.0,0.0
6.481173038482666,-0.20338782668113708,-0.48843619227409363,0.0,0.0,-0.0008000159286893904,-0.21159139275550842,0.0,0.0,-0.3720719133743679,-0.3421592177905301,0.004676124081015587,0.04263100400567055,0.0,0.0,0.0,0.0
6.482824802398682,-0.20338782668113708,-0.48843619227409363,0.0,0.0,-0.0008000159286893904,-0.21159139275550842,0.0,0.0,-0.3720719133743679,-0.34225029321847295,0.0099922064691782,0.037858348339796066,0.0,0.0,0.0,0.0
6.484582185745239,-0.20338782668113708,-0.48843619227409363,0.0,0.0,-0.0008000159286893904,-0.21159139275550842,0.0,0.0,-0.3720719133743679,-0.34234136864641584,0.0099922064691782,0.03840205445885658,0.0,0.0,0.0,0.0
6.486349582672119,-0.20338782668113708,-0.48843619227409363,0.0,0.0,-0.0008000159286893904,-0.21159139275550842,0.0,0.0,-0.3720719133743679,-0.34234136864641584,0.0099922064691782,0.03840205445885658,0.0,0.0,0.0,0.0
6.488013744354248,-0.20359963178634644,-0.3927508294582367,0.0,0.0,-0.0007585263811051846,-0.21161361038684845,0.0,0.0,-0.3720719133743679,-0.34239890228863723,0.0099922064691782,0.037400610744953156,0.0,0.0,0.0,0.0
6.489685773849487,-0.20359963178634644,-0.3927508294582367,0.0,0.0,-0.0007585263811051846,-0.21161361038684845,0.0,0.0,-0.3720719133743679,-0.3424851793452801,0.0099922064691782,0.03928885981440544,0.0,0.0,0.0,0.0
6.491480827331543,-0.20359963178634644,-0.3927508294582367,0.0,0.0,-0.0007585263811051846,-0.21161361038684845,0.0,0.0,-0.3720719133743679,-0.3424851793452801,0.0099922064691782,0.03928885981440544,0.0,0.0,0.0,0.0
6.493244171142578,-0.20359963178634644,-0.3927508294582367,0.0,0.0,-0.0007585263811051846,-0.21161361038684845,0.0,0.0,-0.3720719133743679,-0.342571456401923,0.01526568178087473,0.034503210335969925,0.0,0.0,0.0,0.0
6.495060205459595,-0.20359963178634644,-0.3927508294582367,0.0,0.0,-0.0007585263811051846,-0.21161361038684845,0.0,0.0,-0.3720719133743679,-0.3426721285724658,0.01526568178087473,0.035075414925813675,0.0,0.0,0.0,0.0
6.496746063232422,-0.20359963178634644,-0.3927508294582367,0.0,0.0,-0.0007585263811051846,-0.21161361038684845,0.0,0.0,-0.3720719133743679,-0.3426193933015444,0.01526568178087473,0.033959560096263885,0.0,0.0,0.0,0.0
6.498627424240112,-0.23066964745521545,-0.34828469157218933,0.0,0.0,-0.0008083228021860123,-0.21163977682590485,0.0,0.0,-0.3720719133743679,-0.3426193933015444,0.01526568178087473,0.033959560096263885,0.0,0.0,0.0,0.0
6.500295400619507,-0.23066964745521545,-0.34828469157218933,0.0,0.0,-0.0008083228021860123,-0.21163977682590485,0.0,0.0,-0.3720719133743679,-0.3426193933015444,0.01526568178087473,0.033959560096263885,0.0,0.0,0.0,0.0
6.501871824264526,-0.23066964745521545,-0.34828469157218933,0.0,0.0,-0.0008083228021860123,-0.21163977682590485,0.0,0.0,-0.3720719133743679,-0.3426193933015444,0.020661531016230583,0.028563713654875755,0.0,0.0,0.0,0.0
6.503585577011108,-0.23066964745521545,-0.34828469157218933,0.0,0.0,-0.0008083228021860123,-0.21163977682590485,0.0,0.0,-0.3720719133743679,-0.3426193933015444,0.020661531016230583,0.028563713654875755,0.0,0.0,0.0,0.0
6.505191802978516,-0.23066964745521545,-0.34828469157218933,0.0,0.0,-0.0008083228021860123,-0.21163977682590485,0.0,0.0,-0.3720719133743679,-0.3426193933015444,0.020661531016230583,0.028563713654875755,0.0,0.0,0.0,0.0
6.506726503372192,-0.23066964745521545,-0.34828469157218933,0.0,0.0,-0.0008083228021860123,-0.21163977682590485,0.0,0.0,-0.3720719133743679,-0.3426193933015444,0.020661531016230583,0.028563713654875755,0.0,0.0,0.0,0.0
6.508283376693726,-0.22964856028556824,-0.2522338926792145,0.0,0.0,-0.0008434152114205062,-0.21165819466114044,0.0,0.0,-0.3720719133743679,-0.3426193933015444,0.020661531016230583,0.028563713654875755,0.0,0.0,0.0,0.0
6.509886980056763,-0.22964856028556824,-0.2522338926792145,0.0,0.0,-0.0008434152114205062,-0.21165819466114044,0.0,0.0,-0.37219655399472146,-0.3426193933015444,0.019116662442684174,0.028563713654875755,0.0,0.0,0.0,0.0
6.511532783508301,-0.22964856028556824,-0.2522338926792145,0.0,0.0,-0.0008434152114205062,-0.21165819466114044,0.0,0.0,-0.3722924277939643,-0.3427871724502194,0.0237038005143404,0.025178344920277596,0.0,0.0,0.0,0.0
6.512896537780762,-0.22964856028556824,-0.2522338926792145,0.0,0.0,-0.0008434152114205062,-0.21165819466114044,0.0,0.0,-0.3722924277939643,-0.3427871724502194,0.0237038005143404,0.025178344920277596,0.0,0.0,0.0,0.0
6.514176368713379,-0.22964856028556824,-0.2522338926792145,0.0,0.0,-0.0008434152114205062,-0.21165819466114044,0.0,0.0,-0.3723978749291179,-0.3430652205120372,0.023102957755327225,0.025750551372766495,0.0,0.0,0.0,0.0
6.515697240829468,-0.22964856028556824,-0.2522338926792145,0.0,0.0,-0.0008434152114205062,-0.21165819466114044,0.0,0.0,-0.3723978749291179,-0.3430652205120372,0.023102957755327225,0.025750551372766495,0.0,0.0,0.0,0.0
6.517290830612183,-0.22964856028556824,-0.2522338926792145,0.0,0.0,-0.0008434152114205062,-0.21165819466114044,0.0,0.0,-0.3723787048506072,-0.34327133981773367,0.02404712326824665,0.028897618874907494,0.0,0.0,0.0,0.0
6.518722772598267,-0.23854924738407135,-0.17552529275417328,0.0,0.0,-0.0008785137324593961,-0.21167662739753723,0.0,0.0,-0.3723787048506072,-0.34327133981773367,0.02404712326824665,0.028897618874907494,0.0,0.0,0.0,0.0
6.520664691925049,-0.23854924738407135,-0.17552529275417328,0.0,0.0,-0.0008785137324593961,-0.21167662739753723,0.0,0.0,-0.3723787048506072,-0.3432329996607122,0.02404712326824665,0.02832547016441822,0.0,0.0,0.0,0.0
6.522189378738403,-0.23854924738407135,-0.17552529275417328,0.0,0.0,-0.0008785137324593961,-0.21167662739753723,0.0,0.0,-0.3723787048506072,-0.3432329996607122,0.029437245801091194,0.021617766469717026,0.0,0.0,0.0,0.0
6.52374267578125,-0.23854924738407135,-0.17552529275417328,0.0,0.0,-0.0008785137324593961,-0.21167662739753723,0.0,0.0,-0.3723787048506072,-0.3432329996607122,0.029437245801091194,0.021617766469717026,0.0,0.0,0.0,0.0
6.525341033935547,-0.23854924738407135,-0.17552529275417328,0.0,0.0,-0.0008785137324593961,-0.21167662739753723,0.0,0.0,-0.3723787048506072,-0.3433911820667872,0.029437245801091194,0.02339160069823265,0.0,0.0,0.0,0.0
6.526797533035278,-0.23854924738407135,-0.17552529275417328,0.0,0.0,-0.0008785137324593961,-0.21167662739753723,0.0,0.0,-0.3723787048506072,-0.3433911820667872,0.029437245801091194,0.02339160069823265,0.0,0.0,0.0,0.0
6.528282642364502,-0.23283891379833221,-0.06945259124040604,0.0,0.0,-0.0008728996617719531,-0.21167367696762085,0.0,0.0,-0.3723787048506072,-0.34348705586603007,0.029437245801091194,0.02396380715072155,0.0,0.0,0.0,0.0
6.530003070831299,-0.23283891379833221,-0.06945259124040604,0.0,0.0,-0.0008728996617719531,-0.21167367696762085,0.0,0.0,-0.3723787048506072,-0.3435877280365729,0.029437245801091194,0.024564649909734726,0.0,0.0,0.0,0.0
6.531501293182373,-0.23283891379833221,-0.06945259124040604,0.0,0.0,-0.0008728996617719531,-0.21167367696762085,0.0,0.0,-0.3723787048506072,-0.3435877280365729,0.029437245801091194,0.024564649909734726,0.0,0.0,0.0,0.0
6.533018112182617,-0.23283891379833221,-0.06945259124040604,0.0,0.0,-0.0008728996617719531,-0.21167367696762085,0.0,0.0,-0.3723787048506072,-0.3435397911369515,0.034747738391160965,0.018141232430934906,0.0,0.0,0.0,0.0
6.534507751464844,-0.23283891379833221,-0.06945259124040604,0.0,0.0,-0.0008728996617719531,-0.21167367696762085,0.0,0.0,-0.3723787048506072,-0.3435397911369515,0.034747738391160965,0.018141232430934906,0.0,0.0,0.0,0.0
6.535994291305542,-0.23283891379833221,-0.06945259124040604,0.0,0.0,-0.0008728996617719531,-0.21167367696762085,0.0,0.0,-0.3723787048506072,-0.3435397911369515,0.034747738391160965,0.018141232430934906,0.0,0.0,0.0,0.0
6.537495851516724,-0.23283891379833221,-0.06945259124040604,0.0,0.0,-0.0008728996617719531,-0.21167367696762085,0.0,0.0,-0.3723787048506072,-0.3435397911369515,0.034747738391160965,0.018141232430934906,0.0,0.0,0.0,0.0
6.539445400238037,-0.2309577912092209,-0.01219249702990055,0.0,0.0,-0.0008674375130794942,-0.21169549226760864,0.0,0.0,-0.3723787048506072,-0.34366923012860506,0.034747738391160965,0.01971473917365074,0.0,0.0,0.0,0.0
6.540988206863403,-0.2309577912092209,-0.01219249702990055,0.0,0.0,-0.0008674375130794942,-0.21169549226760864,0.0,0.0,-0.37245540857133935,-0.3437603055565479,0.034747738391160965,0.02028694376349449,0.0,0.0,0.0,0.0
6.542442083358765,-0.2309577912092209,-0.01219249702990055,0.0,0.0,-0.0008674375130794942,-0.21169549226760864,0.0,0.0,-0.37245540857133935,-0.3437603055565479,0.034747738391160965,0.02028694376349449,0.0,0.0,0.0,0.0
6.544251918792725,-0.2309577912092209,-0.01219249702990055,0.0,0.0,-0.0008674375130794942,-0.21169549226760864,0.0,0.0,-0.3725656540777929,-0.3438657526917015,0.038146935403347015,0.015570866875350475,0.0,0.0,0.0,0.0
6.545883893966675,-0.2309577912092209,-0.01219249702990055,0.0,0.0,-0.0008674375130794942,-0.21169549226760864,0.0,0.0,-0.37266632624833573,-0.34384658261319073,0.03754609450697899,0.014655339531600475,0.0,0.0,0.0,0.0
6.547420024871826,-0.2309577912092209,-0.01219249702990055,0.0,0.0,-0.0008674375130794942,-0.21169549226760864,0.0,0.0,-0.37266632624833573,-0.34384658261319073,0.03754609450697899,0.014655339531600475,0.0,0.0,0.0,0.0
6.549412488937378,-0.2408357411623001,0.07070431113243103,0.0,0.0,-0.0009055706905201077,-0.2117251753807068,0.0,0.0,-0.37268549632684644,-0.34384658261319073,0.03694524988532066,0.014655339531600475,0.0,0.0,0.0,0.0
6.550897121429443,-0.2408357411623001,0.07070431113243103,0.0,0.0,-0.0009055706905201077,-0.2117251753807068,0.0,0.0,-0.37268549632684644,-0.34384658261319073,0.03694524988532066,0.014655339531600475,0.0,0.0,0.0,0.0
6.552653074264526,-0.2408357411623001,0.07070431113243103,0.0,0.0,-0.0009055706905201077,-0.2117251753807068,0.0,0.0,-0.37268549632684644,-0.34384658261319073,0.04350627213716507,0.009381165727972984,0.0,0.0,0.0,0.0
6.5542519092559814,-0.2408357411623001,0.07070431113243103,0.0,0.0,-0.0009055706905201077,-0.2117251753807068,0.0,0.0,-0.3727669984188786,-0.3439472547837336,0.04350627213716507,0.010811761021614075,0.0,0.0,0.0,0.0
6.555739164352417,-0.2408357411623001,0.07070431113243103,0.0,0.0,-0.0009055706905201077,-0.2117251753807068,0.0,0.0,-0.3727669984188786,-0.3439472547837336,0.04350627213716507,0.010811761021614075,0.0,0.0,0.0,0.0
6.557135343551636,-0.2408357411623001,0.07070431113243103,0.0,0.0,-0.0009055706905201077,-0.2117251753807068,0.0,0.0,-0.37286767058942144,-0.34405272532557646,0.04158938676118851,0.011441102251410484,0.0,0.0,0.0,0.0
6.558530569076538,-0.24911946058273315,0.1490723192691803,0.0,0.0,-0.0009381556301377714,-0.21174225211143494,0.0,0.0,-0.37286767058942144,-0.34405272532557646,0.04158938676118851,0.011441102251410484,0.0,0.0,0.0,0.0
6.559945344924927,-0.24911946058273315,0.1490723192691803,0.0,0.0,-0.0009381556301377714,-0.21174225211143494,0.0,0.0,-0.372982714467175,-0.3444170270373479,0.040902767330408096,0.015189099125564098,0.0,0.0,0.0,0.0
6.561368942260742,-0.24911946058273315,0.1490723192691803,0.0,0.0,-0.0009381556301377714,-0.21174225211143494,0.0,0.0,-0.372982714467175,-0.3444170270373479,0.040902767330408096,0.015189099125564098,0.0,0.0,0.0,0.0
6.562799692153931,-0.24911946058273315,0.1490723192691803,0.0,0.0,-0.0009381556301377714,-0.21174225211143494,0.0,0.0,-0.37299228780308574,-0.3444841574221693,0.04698294401168823,0.008678287267684937,0.0,0.0,0.0,0.0
6.564286708831787,-0.24911946058273315,0.1490723192691803,0.0,0.0,-0.0009381556301377714,-0.21174225211143494,0.0,0.0,-0.37299228780308574,-0.3444841574221693,0.04698294401168823,0.008678287267684937,0.0,0.0,0.0,0.0
6.566431760787964,-0.24911946058273315,0.1490723192691803,0.0,0.0,-0.0009381556301377714,-0.21174225211143494,0.0,0.0,-0.37299228780308574,-0.3444601889723586,0.04698294401168823,0.00773426191881299,0.0,0.0,0.0,0.0
6.568401098251343,-0.2527495324611664,0.20229388773441315,0.0,0.0,-0.0009530261158943176,-0.2117709517478943,0.0,0.0,-0.3730689915238179,-0.3444601889723586,0.04698294401168823,0.00773426191881299,0.0,0.0,0.0,0.0
6.570573568344116,-0.2527495324611664,0.20229388773441315,0.0,0.0,-0.0009530261158943176,-0.2117709517478943,0.0,0.0,-0.37317446206566074,-0.3444601889723586,0.045094557106494904,0.00773426191881299,0.0,0.0,0.0,0.0
6.572056293487549,-0.2527495324611664,0.20229388773441315,0.0,0.0,-0.0009530261158943176,-0.2117709517478943,0.0,0.0,-0.37317446206566074,-0.3444601889723586,0.045094557106494904,0.00773426191881299,0.0,0.0,0.0,0.0
6.573868751525879,-0.2527495324611664,0.20229388773441315,0.0,0.0,-0.0009530261158943176,-0.2117709517478943,0.0,0.0,-0.37327513423620357,-0.34457523285011216,0.04985547810792923,0.003891661996021867,0.0,0.0,0.0,0.0
6.575384855270386,-0.2527495324611664,0.20229388773441315,0.0,0.0,-0.0009530261158943176,-0.2117709517478943,0.0,0.0,-0.37336141129284645,-0.344671106649355,0.04928327351808548,0.0044353678822517395,0.0,0.0,0.0,0.0
6.576909780502319,-0.2527495324611664,0.20229388773441315,0.0,0.0,-0.0009530261158943176,-0.2117709517478943,0.0,0.0,-0.37336141129284645,-0.344671106649355,0.04928327351808548,0.0044353678822517395,0.0,0.0,0.0,0.0
6.578388690948486,-0.2551764249801636,0.2924443483352661,0.0,0.0,-0.0009403731673955917,-0.2117869108915329,0.0,0.0,-0.3732991026860143,-0.34475738370599784,0.05051340162754059,0.0050075724720954895,0.0,0.0,0.0,0.0
6.579996824264526,-0.2551764249801636,0.2924443483352661,0.0,0.0,-0.0009403731673955917,-0.2117869108915329,0.0,0.0,-0.3732991026860143,-0.3450210366539157,0.05051340162754059,0.0073249731212854385,0.0,0.0,0.0,0.0
6.581573009490967,-0.2551764249801636,0.2924443483352661,0.0,0.0,-0.0009403731673955917,-0.2117869108915329,0.0,0.0,-0.3732991026860143,-0.3450210366539157,0.05051340162754059,0.0073249731212854385,0.0,0.0,0.0,0.0
6.5830464363098145,-0.2551764249801636,0.2924443483352661,0.0,0.0,-0.0009403731673955917,-0.2117869108915329,0.0,0.0,-0.3732991026860143,-0.3450210366539157,0.05051340162754059,0.0073249731212854385,0.0,0.0,0.0,0.0
6.584511756896973,-0.2551764249801636,0.2924443483352661,0.0,0.0,-0.0009403731673955917,-0.2117869108915329,0.0,0.0,-0.3734572850920893,-0.34512650719575855,0.05405592918395996,0.0018355811480432749,0.0,0.0,0.0,0.0
6.585974931716919,-0.2551764249801636,0.2924443483352661,0.0,0.0,-0.0009403731673955917,-0.2117869108915329,0.0,0.0,-0.37355795726263213,-0.3450737719248371,0.053455088287591934,0.0007483643130399287,0.0,0.0,0.0,0.0
6.58744215965271,-0.2551764249801636,0.2924443483352661,0.0,0.0,-0.0009403731673955917,-0.2117869108915329,0.0,0.0,-0.37355795726263213,-0.3450737719248371,0.053455088287591934,0.0007483643130399287,0.0,0.0,0.0,0.0
6.588898181915283,-0.26119011640548706,0.3424924612045288,0.0,0.0,-0.0009735928615555167,-0.2118295431137085,0.0,0.0,-0.373653831061875,-0.3450737719248371,0.05285438522696495,0.0007483643130399287,0.0,0.0,0.0,0.0
6.590715408325195,-0.26119011640548706,0.3424924612045288,0.0,0.0,-0.0009735928615555167,-0.2118295431137085,0.0,0.0,-0.373653831061875,-0.3450737719248371,0.05285438522696495,0.0007483643130399287,0.0,0.0,0.0,0.0
6.593273401260376,-0.26119011640548706,0.3424924612045288,0.0,0.0,-0.0009735928615555167,-0.2118295431137085,0.0,0.0,-0.37360589416225354,-0.3450737719248371,0.05929204449057579,-0.00457344576716423,0.0,0.0,0.0,0.0
6.595409393310547,-0.26119011640548706,0.3424924612045288,0.0,0.0,-0.0009735928615555167,-0.2118295431137085,0.0,0.0,-0.37360589416225354,-0.3450737719248371,0.05929204449057579,-0.00457344576716423,0.0,0.0,0.0,0.0
6.598436594009399,-0.25185495615005493,0.41066402196884155,0.0,0.0,-0.0009533845586702228,-0.2118505984544754,0.0,0.0,-0.3736825978829857,-0.34521278425240143,0.05929204449057579,-0.002914024516940117,0.0,0.0,0.0,0.0
6.601191520690918,-0.25185495615005493,0.41066402196884155,0.0,0.0,-0.0009533845586702228,-0.2118505984544754,0.0,0.0,-0.37378324664683926,-0.34531345642294425,0.05743243917822838,-0.002341819927096367,0.0,0.0,0.0,0.0
6.603607416152954,-0.25185495615005493,0.41066402196884155,0.0,0.0,-0.0009533845586702228,-0.2118505984544754,0.0,0.0,-0.3738887171886821,-0.34549083231421923,0.06213049590587616,-0.0070685152895748615,0.0,0.0,0.0,0.0
6.605976104736328,-0.25185495615005493,0.41066402196884155,0.0,0.0,-0.0009533845586702228,-0.2118505984544754,0.0,0.0,-0.3739078872671928,-0.34568257991270496,0.06152965500950813,-0.00466533936560154,0.0,0.0,0.0,0.0
6.608400821685791,-0.2615886628627777,0.4664928913116455,0.0,0.0,-0.000992671470157802,-0.21189157664775848,0.0,0.0,-0.37391268563849284,-0.3457448885195371,0.06278856098651886,-0.005065798759460449,0.0,0.0,0.0,0.0
6.61078405380249,-0.2615886628627777,0.4664928913116455,0.0,0.0,-0.000992671470157802,-0.21189157664775848,0.0,0.0,-0.3740037610664357,-0.34568735487731567,0.06141524016857147,-0.006238929927349091,0.0,0.0,0.0,0.0
6.612782001495361,-0.2615886628627777,0.4664928913116455,0.0,0.0,-0.000992671470157802,-0.21189157664775848,0.0,0.0,-0.3741092316082785,-0.34584556069007993,0.06607362627983093,-0.009752819314599037,0.0,0.0,0.0,0.0
6.61469841003418,-0.2615886628627777,0.4664928913116455,0.0,0.0,-0.000992671470157802,-0.21189157664775848,0.0,0.0,-0.3743872562634071,-0.3463153329436942,0.06550142168998718,-0.00400216318666935,0.0,0.0,0.0,0.0
6.616828441619873,-0.2615886628627777,0.4664928913116455,0.0,0.0,-0.000992671470157802,-0.21189157664775848,0.0,0.0,-0.3743872562634071,-0.3463153329436942,0.06550142168998718,-0.00400216318666935,0.0,0.0,0.0,0.0
6.619413137435913,-0.25561824440956116,0.5701922178268433,0.0,0.0,-0.0009713266044855118,-0.211897075176239,0.0,0.0,-0.37457420549059284,-0.34642080348553705,0.062468621879816055,-0.006777244154363871,0.0,0.0,0.0,0.0
6.621794939041138,-0.25561824440956116,0.5701922178268433,0.0,0.0,-0.0009713266044855118,-0.211897075176239,0.0,0.0,-0.3745262685909714,-0.34660295434142274,0.06309805065393448,-0.004402706399559975,0.0,0.0,0.0,0.0
6.624144792556763,-0.25561824440956116,0.5701922178268433,0.0,0.0,-0.0009713266044855118,-0.211897075176239,0.0,0.0,-0.37470364448224636,-0.3468186703897192,0.06786483526229858,-0.008482877165079117,0.0,0.0,0.0,0.0
6.6260986328125,-0.25561824440956116,0.5701922178268433,0.0,0.0,-0.0009713266044855118,-0.211897075176239,0.0,0.0,-0.3747995182814892,-0.34692414093156204,0.06726399064064026,-0.007338468451052904,0.0,0.0,0.0,0.0
6.62805962562561,-0.2654937207698822,0.5910207629203796,0.0,0.0,-0.0010041038040071726,-0.21194802224636078,0.0,0.0,-0.3751494482860499,-0.34714465535115846,0.06360191106796265,-0.006480161566287279,0.0,0.0,0.0,0.0
6.629882097244263,-0.2654937207698822,0.5910207629203796,0.0,0.0,-0.0010041038040071726,-0.21194802224636078,0.0,0.0,-0.3751494482860499,-0.34714465535115846,0.06360191106796265,-0.006480161566287279,0.0,0.0,0.0,0.0
6.631700754165649,-0.2654937207698822,0.5910207629203796,0.0,0.0,-0.0010041038040071726,-0.21194802224636078,0.0,0.0,-0.3752692905351035,-0.34743705171349776,0.06488940119743347,-0.00390529609285295,0.0,0.0,0.0,0.0
6.633565664291382,-0.2654937207698822,0.5910207629203796,0.0,0.0,-0.0010041038040071726,-0.21194802224636078,0.0,0.0,-0.3754610381335892,-0.347600055897562,0.06787662953138351,-0.009096851572394371,0.0,0.0,0.0,0.0
6.635410785675049,-0.2654937207698822,0.5910207629203796,0.0,0.0,-0.0010041038040071726,-0.21194802224636078,0.0,0.0,-0.3755089750332106,-0.34773426985382627,0.06833436340093613,-0.008352957665920258,0.0,0.0,0.0,0.0
6.63718056678772,-0.2654937207698822,0.5910207629203796,0.0,0.0,-0.0010041038040071726,-0.21194802224636078,0.0,0.0,-0.3755089750332106,-0.34773426985382627,0.06833436340093613,-0.008352957665920258,0.0,0.0,0.0,0.0
6.638917922973633,-0.2870890498161316,0.6206067800521851,0.0,0.0,-0.0010206252336502075,-0.21201038360595703,0.0,0.0,-0.3754466664263785,-0.34784931373157985,0.06956463307142258,-0.007094135973602533,0.0,0.0,0.0,0.0
6.640706300735474,-0.2870890498161316,0.6206067800521851,0.0,0.0,-0.0010206252336502075,-0.21201038360595703,0.0,0.0,-0.3754466664263785,-0.34783494202436915,0.06956463307142258,-0.009354343637824059,0.0,0.0,0.0,0.0
6.6425745487213135,-0.2870890498161316,0.6206067800521851,0.0,0.0,-0.0010206252336502075,-0.21201038360595703,0.0,0.0,-0.3754466664263785,-0.34783494202436915,0.07484383136034012,-0.014632847160100937,0.0,0.0,0.0,0.0
6.644304990768433,-0.2870890498161316,0.6206067800521851,0.0,0.0,-0.0010206252336502075,-0.21201038360595703,0.0,0.0,-0.3754466664263785,-0.34783494202436915,0.07484383136034012,-0.014632847160100937,0.0,0.0,0.0,0.0
6.646321773529053,-0.2870890498161316,0.6206067800521851,0.0,0.0,-0.0010206252336502075,-0.21201038360595703,0.0,0.0,-0.3754466664263785,-0.34783494202436915,0.07484383136034012,-0.014632847160100937,0.0,0.0,0.0,0.0
6.647801160812378,-0.2793058753013611,0.6660084128379822,0.0,0.0,-0.0010417321464046836,-0.2120675891637802,0.0,0.0,-0.37558088038264276,-0.3479403891595227,0.07321304827928543,-0.013202392496168613,0.0,0.0,0.0,0.0
6.649354934692383,-0.2793058753013611,0.6660084128379822,0.0,0.0,-0.0010417321464046836,-0.2120675891637802,0.0,0.0,-0.37558088038264276,-0.3479403891595227,0.07321304827928543,-0.013202392496168613,0.0,0.0,0.0,0.0
6.651026248931885,-0.2793058753013611,0.6660084128379822,0.0,0.0,-0.0010417321464046836,-0.2120675891637802,0.0,0.0,-0.37568155255318564,-0.34804106133006557,0.07264084368944168,-0.012572911567986012,0.0,0.0,0.0,0.0
6.652931451797485,-0.2793058753013611,0.6660084128379822,0.0,0.0,-0.0010417321464046836,-0.2120675891637802,0.0,0.0,-0.37578222472372846,-0.3481417335006084,0.07735021412372589,-0.01728242263197899,0.0,0.0,0.0,0.0
6.6546900272369385,-0.2793058753013611,0.6660084128379822,0.0,0.0,-0.0010417321464046836,-0.2120675891637802,0.0,0.0,-0.37578222472372846,-0.3481417335006084,0.07735021412372589,-0.01728242263197899,0.0,0.0,0.0,0.0
6.656714916229248,-0.2793058753013611,0.6660084128379822,0.0,0.0,-0.0010417321464046836,-0.2120675891637802,0.0,0.0,-0.3758493317018606,-0.3481417335006084,0.07697834074497223,-0.018140673637390137,0.0,0.0,0.0,0.0
6.658212661743164,-0.2736964821815491,0.6870854496955872,0.0,0.0,-0.0010436687152832747,-0.21214261651039124,0.0,0.0,-0.37595000387240346,-0.3483095126492834,0.07634885609149933,-0.016338201239705086,0.0,0.0,0.0,0.0
6.659732103347778,-0.2736964821815491,0.6870854496955872,0.0,0.0,-0.0010436687152832747,-0.21214261651039124,0.0,0.0,-0.37595000387240346,-0.3483095126492834,0.07634885609149933,-0.016338201239705086,0.0,0.0,0.0,0.0
6.66120457649231,-0.2736964821815491,0.6870854496955872,0.0,0.0,-0.0010436687152832747,-0.21214261651039124,0.0,0.0,-0.3760506760429463,-0.34882244683790836,0.07574816048145294,-0.010873647406697273,0.0,0.0,0.0,0.0
6.663078546524048,-0.2736964821815491,0.6870854496955872,0.0,0.0,-0.0010436687152832747,-0.21214261651039124,0.0,0.0,-0.37629993387696414,-0.34878888164549765,0.07880690693855286,-0.01876755617558956,0.0,0.0,0.0,0.0
6.664762020111084,-0.2736964821815491,0.6870854496955872,0.0,0.0,-0.0010436687152832747,-0.21214261651039124,0.0,0.0,-0.37629993387696414,-0.34878888164549765,0.07880690693855286,-0.01876755617558956,0.0,0.0,0.0,0.0
6.666943311691284,-0.2736964821815491,0.6870854496955872,0.0,0.0,-0.0010436687152832747,-0.21214261651039124,0.0,0.0,-0.3765971520172927,-0.3488799570734405,0.07623203843832016,-0.018252629786729813,0.0,0.0,0.0,0.0
6.668992042541504,-0.27977868914604187,0.7985348105430603,0.0,0.0,-0.0010701838182285428,-0.21215485036373138,0.0,0.0,-0.37687040170781055,-0.3495750421179512,0.0746012032032013,-0.010899826884269714,0.0,0.0,0.0,0.0
6.671397924423218,-0.27977868914604187,0.7985348105430603,0.0,0.0,-0.0010701838182285428,-0.21215485036373138,0.0,0.0,-0.3771819915553498,-0.34998250576473333,0.0727415382862091,-0.008696867153048515,0.0,0.0,0.0,0.0
6.673218727111816,-0.27977868914604187,0.7985348105430603,0.0,0.0,-0.0010701838182285428,-0.21215485036373138,0.0,0.0,-0.3771819915553498,-0.34998250576473333,0.0727415382862091,-0.008696867153048515,0.0,0.0,0.0,0.0
6.6747612953186035,-0.27977868914604187,0.7985348105430603,0.0,0.0,-0.0010701838182285428,-0.21215485036373138,0.0,0.0,-0.3776181986165534,-0.35080702980089756,0.07457848638296127,-0.008444543927907944,0.0,0.0,0.0,0.0
6.676533937454224,-0.27977868914604187,0.7985348105430603,0.0,0.0,-0.0010701838182285428,-0.21215485036373138,0.0,0.0,-0.37804485574853547,-0.3513822725963547,0.07251863926649094,-0.004496387671679258,0.0,0.0,0.0,0.0
6.679303884506226,-0.27883628010749817,0.8444469571113586,0.0,0.0,-0.001067279721610248,-0.21219094097614288,0.0,0.0,-0.37848586118103905,-0.35200065392013324,0.06842734664678574,-0.0009772456251084805,0.0,0.0,0.0,0.0
6.681274890899658,-0.27883628010749817,0.8444469571113586,0.0,0.0,-0.001067279721610248,-0.21219094097614288,0.0,0.0,-0.3790467322692854,-0.353103202611426,0.0653659924864769,0.0078061241656541824,0.0,0.0,0.0,0.0
6.682733774185181,-0.27883628010749817,0.8444469571113586,0.0,0.0,-0.001067279721610248,-0.21219094097614288,0.0,0.0,-0.3790467322692854,-0.353103202611426,0.0653659924864769,0.0078061241656541824,0.0,0.0,0.0,0.0
6.684163808822632,-0.27883628010749817,0.8444469571113586,0.0,0.0,-0.001067279721610248,-0.21219094097614288,0.0,0.0,-0.37979455258471756,-0.35425368820234027,0.06439659744501114,0.011493491008877754,0.0,0.0,0.0,0.0
6.6856935024261475,-0.27883628010749817,0.8444469571113586,0.0,0.0,-0.001067279721610248,-0.21219094097614288,0.0,0.0,-0.37979455258471756,-0.35425368820234027,0.06439659744501114,0.011493491008877754,0.0,0.0,0.0,0.0
6.68777060508728,-0.27883628010749817,0.8444469571113586,0.0,0.0,-0.001067279721610248,-0.21219094097614288,0.0,0.0,-0.38045127406551754,-0.3553035016227116,0.06027675420045853,0.01930397003889084,0.0,0.0,0.0,0.0
6.689544200897217,-0.2784270942211151,0.8706485033035278,0.0,0.0,-0.0010813227854669094,-0.21225625276565552,0.0,0.0,-0.38145794895756746,-0.35645398721362587,0.05438308045268059,0.024768609553575516,0.0,0.0,0.0,0.0
6.6911396980285645,-0.2784270942211151,0.8706485033035278,0.0,0.0,-0.0010813227854669094,-0.21225625276565552,0.0,0.0,-0.38145794895756746,-0.35645398721362587,0.05438308045268059,0.024768609553575516,0.0,0.0,0.0,0.0
6.693599224090576,-0.2784270942211151,0.8706485033035278,0.0,0.0,-0.0010813227854669094,-0.21225625276565552,0.0,0.0,-0.3825029874133281,-0.3579400311018901,0.05134781822562218,0.030665529891848564,0.0,0.0,0.0,0.0
6.695743560791016,-0.2784270942211151,0.8706485033035278,0.0,0.0,-0.0010813227854669094,-0.21225625276565552,0.0,0.0,-0.38327475277188167,-0.35915284870632574,0.04728519544005394,0.03572943061590195,0.0,0.0,0.0,0.0
6.698469400405884,-0.30726638436317444,0.7412225604057312,0.0,0.0,-0.001156631507910788,-0.21244309842586517,0.0,0.0,-0.3843677281272638,-0.36073954135844355,0.03910275548696518,0.0482034906744957,0.0,0.0,0.0,0.0
6.70143985748291,-0.30726638436317444,0.7412225604057312,0.0,0.0,-0.001156631507910788,-0.21244309842586517,0.0,0.0,-0.38689878706459935,-0.3634288061085434,0.027278516441583633,0.05893987417221069,0.0,0.0,0.0,0.0
6.703060865402222,-0.30726638436317444,0.7412225604057312,0.0,0.0,-0.001156631507910788,-0.21244309842586517,0.0,0.0,-0.38689878706459935,-0.3634288061085434,0.027278516441583633,0.05893987417221069,0.0,0.0,0.0,0.0
6.704564571380615,-0.30726638436317444,0.7412225604057312,0.0,0.0,-0.001156631507910788,-0.21244309842586517,0.0,0.0,-0.3882458186252993,-0.36471352906241117,0.019982904195785522,0.06583502143621445,0.0,0.0,0.0,0.0
6.706326961517334,-0.30726638436317444,0.7412225604057312,0.0,0.0,-0.001156631507910788,-0.21244309842586517,0.0,0.0,-0.3882458186252993,-0.36471352906241117,0.019982904195785522,0.06583502143621445,0.0,0.0,0.0,0.0
6.708316326141357,-0.3538188636302948,0.47335031628608704,0.0,0.0,-0.0012935337144881487,-0.21275798976421356,0.0,0.0,-0.38947300793694567,-0.36573457566167183,0.013459770008921623,0.07072737067937851,0.0,0.0,0.0,0.0
6.709866046905518,-0.3538188636302948,0.47335031628608704,0.0,0.0,-0.0012935337144881487,-0.21275798976421356,0.0,0.0,-0.3907385374056135,-0.3668562944314754,0.004733567126095295,0.07882395386695862,0.0,0.0,0.0,0.0
6.7114081382751465,-0.3538188636302948,0.47335031628608704,0.0,0.0,-0.0012935337144881487,-0.21275798976421356,0.0,0.0,-0.3907385374056135,-0.3668562944314754,0.004733567126095295,0.07882395386695862,0.0,0.0,0.0,0.0
6.713393688201904,-0.3538188636302948,0.47335031628608704,0.0,0.0,-0.0012935337144881487,-0.21275798976421356,0.0,0.0,-0.39180752090449555,-0.3674651024193432,0.005933045409619808,0.07110022008419037,0.0,0.0,0.0,0.0
6.7149176597595215,-0.3538188636302948,0.47335031628608704,0.0,0.0,-0.0012935337144881487,-0.21275798976421356,0.0,0.0,-0.3926368433119598,-0.3678342025024146,0.00023958161182235926,0.07081414759159088,0.0,0.0,0.0,0.0
6.716415643692017,-0.3538188636302948,0.47335031628608704,0.0,0.0,-0.0012935337144881487,-0.21275798976421356,0.0,0.0,-0.3926368433119598,-0.3678342025024146,0.00023958161182235926,0.07081414759159088,0.0,0.0,0.0,0.0
6.718931436538696,-0.3886076807975769,0.1055498719215393,0.0,0.0,-0.0014476353535428643,-0.21322743594646454,0.0,0.0,-0.3933175332425705,-0.36812662227144316,-0.0009048555511981249,0.07295991480350494,0.0,0.0,0.0,0.0
6.721681118011475,-0.3886076807975769,0.1055498719215393,0.0,0.0,-0.0014476353535428643,-0.21322743594646454,0.0,0.0,-0.39388800107341687,-0.3681314206427432,-0.002793074818328023,0.070070281624794,0.0,0.0,0.0,0.0
6.724174499511719,-0.3886076807975769,0.1055498719215393,0.0,0.0,-0.0014476353535428643,-0.21322743594646454,0.0,0.0,-0.394463243868874,-0.3680834837431217,-0.0010535505134612322,0.06364127993583679,0.0,0.0,0.0,0.0
6.726266384124756,-0.3886076807975769,0.1055498719215393,0.0,0.0,-0.0014476353535428643,-0.21322743594646454,0.0,0.0,-0.394779608681024,-0.3680834837431217,-0.002855994738638401,0.06364127993583679,0.0,0.0,0.0,0.0
6.728204250335693,-0.4042310416698456,-0.40542593598365784,0.0,0.0,-0.0015146591467782855,-0.21381832659244537,0.0,0.0,-0.39514873217078467,-0.3680834837431217,-0.002655499614775181,0.06364127993583679,0.0,0.0,0.0,0.0
6.730180978775024,-0.4042310416698456,-0.40542593598365784,0.0,0.0,-0.0015146591467782855,-0.21381832659244537,0.0,0.0,-0.39514873217078467,-0.3680834837431217,-0.002655499614775181,0.06364127993583679,0.0,0.0,0.0,0.0
6.732356786727905,-0.4042310416698456,-0.40542593598365784,0.0,0.0,-0.0015146591467782855,-0.21381832659244537,0.0,0.0,-0.3955370023323668,-0.36769519017485036,-0.004486666060984135,0.058920618146657944,0.0,0.0,0.0,0.0
6.733909845352173,-0.4042310416698456,-0.40542593598365784,0.0,0.0,-0.0015146591467782855,-0.21381832659244537,0.0,0.0,-0.3959253193073275,-0.3672781531921575,-0.0027264105156064034,0.05023534968495369,0.0,0.0,0.0,0.0
6.735464811325073,-0.4042310416698456,-0.40542593598365784,0.0,0.0,-0.0015146591467782855,-0.21381832659244537,0.0,0.0,-0.3962896210190989,-0.36686109280277535,-0.005015229340642691,0.04906238242983818,0.0,0.0,0.0,0.0
6.737016677856445,-0.4042310416698456,-0.40542593598365784,0.0,0.0,-0.0015146591467782855,-0.21381832659244537,0.0,0.0,-0.3962896210190989,-0.36686109280277535,-0.005015229340642691,0.04906238242983818,0.0,0.0,0.0,0.0
6.738506078720093,-0.36353611946105957,-0.577816903591156,0.0,0.0,-0.0014304148498922586,-0.21417346596717834,0.0,0.0,-0.3963998665255525,-0.36667414357558964,-0.003928207792341709,0.04694525524973869,0.0,0.0,0.0,0.0
6.7399961948394775,-0.36353611946105957,-0.577816903591156,0.0,0.0,-0.0014304148498922586,-0.21417346596717834,0.0,0.0,-0.3963998665255525,-0.36667414357558964,-0.003928207792341709,0.04694525524973869,0.0,0.0,0.0,0.0
6.741433143615723,-0.36353611946105957,-0.577816903591156,0.0,0.0,-0.0014304148498922586,-0.21417346596717834,0.0,0.0,-0.3966012108666382,-0.3665015660556147,-0.005158392246812582,0.04725993797183037,0.0,0.0,0.0,0.0
6.743498802185059,-0.36353611946105957,-0.577816903591156,0.0,0.0,-0.0014304148498922586,-0.21417346596717834,0.0,0.0,-0.39695114087119887,-0.3663769254352611,-0.002706349827349186,0.040716465562582016,0.0,0.0,0.0,0.0
6.74496865272522,-0.36353611946105957,-0.577816903591156,0.0,0.0,-0.0014304148498922586,-0.21417346596717834,0.0,0.0,-0.39695114087119887,-0.3663769254352611,-0.002706349827349186,0.040716465562582016,0.0,0.0,0.0,0.0
6.746384143829346,-0.36353611946105957,-0.577816903591156,0.0,0.0,-0.0014304148498922586,-0.21417346596717834,0.0,0.0,-0.39723876226892746,-0.3663913205491611,-0.004909114446491003,0.04291953891515732,0.0,0.0,0.0,0.0
6.7478251457214355,-0.36353611946105957,-0.577816903591156,0.0,0.0,-0.0014304148498922586,-0.21417346596717834,0.0,0.0,-0.39723876226892746,-0.3663913205491611,-0.004909114446491003,0.04291953891515732,0.0,0.0,0.0,0.0
6.749306678771973,-0.295227587223053,-0.574350893497467,0.0,0.0,-0.0012133140116930008,-0.21435865759849548,0.0,0.0,-0.3975887390868667,-0.3663913205491611,-0.006597229745239019,0.04291953891515732,0.0,0.0,0.0,0.0
6.751040458679199,-0.295227587223053,-0.574350893497467,0.0,0.0,-0.0012133140116930008,-0.21435865759849548,0.0,0.0,-0.3976031107940774,-0.3663913205491611,-0.005023778881877661,0.04291953891515732,0.0,0.0,0.0,0.0
6.752565860748291,-0.295227587223053,-0.574350893497467,0.0,0.0,-0.0012133140116930008,-0.21435865759849548,0.0,0.0,-0.3976031107940774,-0.3663913205491611,-0.005023778881877661,0.04291953891515732,0.0,0.0,0.0,0.0
6.754089593887329,-0.295227587223053,-0.574350893497467,0.0,0.0,-0.0012133140116930008,-0.21435865759849548,0.0,0.0,-0.39753598040925603,-0.3663913205491611,0.001500081387348473,0.037626784294843674,0.0,0.0,0.0,0.0
6.755706548690796,-0.295227587223053,-0.574350893497467,0.0,0.0,-0.0012133140116930008,-0.21435865759849548,0.0,0.0,-0.39753598040925603,-0.3663913205491611,0.001500081387348473,0.037626784294843674,0.0,0.0,0.0,0.0
6.757850646972656,-0.295227587223053,-0.574350893497467,0.0,0.0,-0.0012133140116930008,-0.21435865759849548,0.0,0.0,-0.39753598040925603,-0.3663673520993504,0.001500081387348473,0.037483733147382736,0.0,0.0,0.0,0.0
6.7603232860565186,-0.2237234264612198,-0.47053709626197815,0.0,0.0,-0.0009704659460112453,-0.21439675986766815,0.0,0.0,-0.39753598040925603,-0.3665255345054254,0.001500081387348473,0.037483733147382736,0.0,0.0,0.0,0.0
6.761835336685181,-0.2237234264612198,-0.47053709626197815,0.0,0.0,-0.0009704659460112453,-0.21439675986766815,0.0,0.0,-0.39753598040925603,-0.36691382807369677,0.006818958558142185,0.043148472905159,0.0,0.0,0.0,0.0
6.763376474380493,-0.2237234264612198,-0.47053709626197815,0.0,0.0,-0.0009704659460112453,-0.21439675986766815,0.0,0.0,-0.39753598040925603,-0.36691382807369677,0.006818958558142185,0.043148472905159,0.0,0.0,0.0,0.0
6.764995098114014,-0.2237234264612198,-0.47053709626197815,0.0,0.0,-0.0009704659460112453,-0.21439675986766815,0.0,0.0,-0.39753598040925603,-0.36704804202996105,0.006818958558142185,0.03782881796360016,0.0,0.0,0.0,0.0
6.766778230667114,-0.2237234264612198,-0.47053709626197815,0.0,0.0,-0.0009704659460112453,-0.21439675986766815,0.0,0.0,-0.39753598040925603,-0.36704804202996105,0.006818958558142185,0.03782881796360016,0.0,0.0,0.0,0.0
6.77280855178833,-0.17865747213363647,-0.3859805464744568,0.0,0.0,-0.0007639299146831036,-0.21440459787845612,0.0,0.0,-0.39753598040925603,-0.36734046179898966,0.012132246978580952,0.03345966339111328,0.0,0.0,0.0,0.0
6.774995803833008,-0.17865747213363647,-0.3859805464744568,0.0,0.0,-0.0007639299146831036,-0.21440459787845612,0.0,0.0,-0.39753598040925603,-0.36743633559823247,0.012132246978580952,0.034060508012771606,0.0,0.0,0.0,0.0
6.776927471160889,-0.17865747213363647,-0.3859805464744568,0.0,0.0,-0.0007639299146831036,-0.21440459787845612,0.0,0.0,-0.39753598040925603,-0.36743633559823247,0.012132246978580952,0.034060508012771606,0.0,0.0,0.0,0.0
6.779760122299194,-0.1835142821073532,-0.32105281949043274,0.0,0.0,-0.0007028519175946712,-0.21443846821784973,0.0,0.0,-0.39765582265830957,-0.3675418061400753,0.010587237775325775,0.03466121107339859,0.0,0.0,0.0,0.0
6.7829108238220215,-0.1835142821073532,-0.32105281949043274,0.0,0.0,-0.0007028519175946712,-0.21443846821784973,0.0,0.0,-0.39785239203478456,-0.3676232848254182,0.014693253673613071,0.02989651821553707,0.0,0.0,0.0,0.0
6.7853429317474365,-0.1835142821073532,-0.32105281949043274,0.0,0.0,-0.0007028519175946712,-0.21443846821784973,0.0,0.0,-0.3978427952921845,-0.36771436025336107,0.015608781948685646,0.03041144460439682,0.0,0.0,0.0,0.0
6.787500381469727,-0.1835142821073532,-0.32105281949043274,0.0,0.0,-0.0007028519175946712,-0.21443846821784973,0.0,0.0,-0.3978427952921845,-0.36780545908799317,0.015608781948685646,0.030955014750361443,0.0,0.0,0.0,0.0
6.789503574371338,-0.20916523039340973,-0.2753414511680603,0.0,0.0,-0.0007734366809017956,-0.2144750952720642,0.0,0.0,-0.3978427952921845,-0.36780545908799317,0.015608781948685646,0.030955014750361443,0.0,0.0,0.0,0.0
6.7919697761535645,-0.20916523039340973,-0.2753414511680603,0.0,0.0,-0.0007734366809017956,-0.2144750952720642,0.0,0.0,-0.3978427952921845,-0.3677766922668825,0.015608781948685646,0.029953710734844208,0.0,0.0,0.0,0.0
6.795063257217407,-0.20916523039340973,-0.2753414511680603,0.0,0.0,-0.0007734366809017956,-0.2144750952720642,0.0,0.0,-0.3978427952921845,-0.3677766922668825,0.020933523774147034,0.0246312003582716,0.0,0.0,0.0,0.0
6.797524690628052,-0.20916523039340973,-0.2753414511680603,0.0,0.0,-0.0007734366809017956,-0.2144750952720642,0.0,0.0,-0.3978427952921845,-0.3677766922668825,0.020933523774147034,0.0246312003582716,0.0,0.0,0.0,0.0
6.8002448081970215,-0.21609292924404144,-0.19441638886928558,0.0,0.0,-0.0008151433430612087,-0.21449676156044006,0.0,0.0,-0.3978427952921845,-0.3677766922668825,0.020933523774147034,0.0246312003582716,0.0,0.0,0.0,0.0
6.802161931991577,-0.21609292924404144,-0.19441638886928558,0.0,0.0,-0.0008151433430612087,-0.21449676156044006,0.0,0.0,-0.3978427952921845,-0.3677766922668825,0.020933523774147034,0.0246312003582716,0.0,0.0,0.0,0.0
6.805018901824951,-0.21609292924404144,-0.19441638886928558,0.0,0.0,-0.0008151433430612087,-0.21449676156044006,0.0,0.0,-0.3978427952921845,-0.36792050296574674,0.026244020089507103,0.02100583165884018,0.0,0.0,0.0,0.0
6.808840036392212,-0.20835615694522858,-0.13458311557769775,0.0,0.0,-0.0008013388724066317,-0.21452508866786957,0.0,0.0,-0.3978427952921845,-0.36814101738534316,0.026244020089507103,0.022293291985988617,0.0,0.0,0.0,0.0
6.810814619064331,-0.20835615694522858,-0.13458311557769775,0.0,0.0,-0.0008013388724066317,-0.21452508866786957,0.0,0.0,-0.3978427952921845,-0.36814101738534316,0.026244020089507103,0.022293291985988617,0.0,0.0,0.0,0.0
6.813853025436401,-0.20835615694522858,-0.13458311557769775,0.0,0.0,-0.0008013388724066317,-0.21452508866786957,0.0,0.0,-0.3978427952921845,-0.3682033259921753,0.03153160214424133,0.017377585172653198,0.0,0.0,0.0,0.0
6.815744400024414,-0.20835615694522858,-0.13458311557769775,0.0,0.0,-0.0008013388724066317,-0.21452508866786957,0.0,0.0,-0.3978427952921845,-0.3682033259921753,0.03153160214424133,0.017377585172653198,0.0,0.0,0.0,0.0
6.817583084106445,-0.20835615694522858,-0.13458311557769775,0.0,0.0,-0.0008013388724066317,-0.21452508866786957,0.0,0.0,-0.3978427952921845,-0.36830399816271814,0.03153160214424133,0.017978427931666374,0.0,0.0,0.0,0.0
6.819654703140259,-0.2125127911567688,-0.03211088478565216,0.0,0.0,-0.0008188617648556828,-0.21453306078910828,0.0,0.0,-0.3978427952921845,-0.36840944529787173,0.03153160214424133,0.018607769161462784,0.0,0.0,0.0,0.0
6.821679592132568,-0.2125127911567688,-0.03211088478565216,0.0,0.0,-0.0008188617648556828,-0.21453306078910828,0.0,0.0,-0.3978427952921845,-0.368390275219361,0.03685075789690018,0.012375322170555592,0.0,0.0,0.0,0.0
6.823302268981934,-0.2125127911567688,-0.03211088478565216,0.0,0.0,-0.0008188617648556828,-0.21453306078910828,0.0,0.0,-0.3978427952921845,-0.368390275219361,0.03685075789690018,0.012375322170555592,0.0,0.0,0.0,0.0
6.826012134552002,-0.2125127911567688,-0.03211088478565216,0.0,0.0,-0.0008188617648556828,-0.21453306078910828,0.0,0.0,-0.39800097769825954,-0.368390275219361,0.03504842519760132,0.012375322170555592,0.0,0.0,0.0,0.0
6.828305244445801,-0.22005215287208557,0.04749363660812378,0.0,0.0,-0.0008343400550074875,-0.21454107761383057,0.0,0.0,-0.3980920765328917,-0.368390275219361,0.03453349694609642,0.012375322170555592,0.0,0.0,0.0,0.0
6.83107328414917,-0.22005215287208557,0.04749363660812378,0.0,0.0,-0.0008343400550074875,-0.21454107761383057,0.0,0.0,-0.3981879503321345,-0.368390275219361,0.033989790827035904,0.012375322170555592,0.0,0.0,0.0,0.0
6.834155797958374,-0.22005215287208557,0.04749363660812378,0.0,0.0,-0.0008343400550074875,-0.21454107761383057,0.0,0.0,-0.39814956336173457,-0.3686059912676574,0.04033036530017853,0.009181341156363487,0.0,0.0,0.0,0.0
6.836134195327759,-0.22005215287208557,0.04749363660812378,0.0,0.0,-0.0008343400550074875,-0.21454107761383057,0.0,0.0,-0.39814956336173457,-0.3686059912676574,0.04033036530017853,0.009181341156363487,0.0,0.0,0.0,0.0
6.838211536407471,-0.22744286060333252,0.1269359141588211,0.0,0.0,-0.0008647363283671439,-0.21455684304237366,0.0,0.0,-0.39814956336173457,-0.368730631888011,0.04033036530017853,0.009896596893668175,0.0,0.0,0.0,0.0
6.839772701263428,-0.22744286060333252,0.1269359141588211,0.0,0.0,-0.0008647363283671439,-0.21455684304237366,0.0,0.0,-0.39814956336173457,-0.3686970666956003,0.04033036530017853,0.008895155042409897,0.0,0.0,0.0,0.0
6.8411853313446045,-0.22744286060333252,0.1269359141588211,0.0,0.0,-0.0008647363283671439,-0.21455684304237366,0.0,0.0,-0.39814956336173457,-0.3686970666956003,0.04033036530017853,0.008895155042409897,0.0,0.0,0.0,0.0
6.84265661239624,-0.22744286060333252,0.1269359141588211,0.0,0.0,-0.0008647363283671439,-0.21455684304237366,0.0,0.0,-0.39814956336173457,-0.3686970666956003,0.04564924165606499,0.003577536204829812,0.0,0.0,0.0,0.0
6.844164133071899,-0.22744286060333252,0.1269359141588211,0.0,0.0,-0.0008647363283671439,-0.21455684304237366,0.0,0.0,-0.39814956336173457,-0.3686970666956003,0.04564924165606499,0.003577536204829812,0.0,0.0,0.0,0.0
6.846484899520874,-0.22744286060333252,0.1269359141588211,0.0,0.0,-0.0008647363283671439,-0.21455684304237366,0.0,0.0,-0.39814956336173457,-0.3686970666956003,0.04564924165606499,0.003577536204829812,0.0,0.0,0.0,0.0
6.848268270492554,-0.2201911360025406,0.2027585506439209,0.0,0.0,-0.0008678839658387005,-0.21457619965076447,0.0,0.0,-0.3982646306461774,-0.3686970666956003,0.044104233384132385,0.003577536204829812,0.0,0.0,0.0,0.0
6.850111484527588,-0.2201911360025406,0.2027585506439209,0.0,0.0,-0.0008678839658387005,-0.21457619965076447,0.0,0.0,-0.39836050444542026,-0.3686970666956003,0.04356052726507187,0.003577536204829812,0.0,0.0,0.0,0.0
6.8516504764556885,-0.2201911360025406,0.2027585506439209,0.0,0.0,-0.0008678839658387005,-0.21457619965076447,0.0,0.0,-0.39836050444542026,-0.3686970666956003,0.04356052726507187,0.003577536204829812,0.0,0.0,0.0,0.0
6.853644609451294,-0.2201911360025406,0.2027585506439209,0.0,0.0,-0.0008678839658387005,-0.21457619965076447,0.0,0.0,-0.39845160328005236,-0.3686970666956003,0.04837314039468765,-0.0017500018002465367,0.0,0.0,0.0,0.0
6.8550026416778564,-0.2201911360025406,0.2027585506439209,0.0,0.0,-0.0008678839658387005,-0.21457619965076447,0.0,0.0,-0.39845637824466307,-0.3688696442155753,0.049145620316267014,0.00010974712495226413,0.0,0.0,0.0,0.0
6.856391191482544,-0.2201911360025406,0.2027585506439209,0.0,0.0,-0.0008678839658387005,-0.21457619965076447,0.0,0.0,-0.39845637824466307,-0.3688696442155753,0.049145620316267014,0.00010974712495226413,0.0,0.0,0.0,0.0
6.858127593994141,-0.22958499193191528,0.27826839685440063,0.0,0.0,-0.0008751808782108128,-0.21459665894508362,0.0,0.0,-0.39845637824466307,-0.3689703163861181,0.049145620316267014,0.0006819517584517598,0.0,0.0,0.0,0.0
6.859616994857788,-0.22958499193191528,0.27826839685440063,0.0,0.0,-0.0008751808782108128,-0.21459665894508362,0.0,0.0,-0.39845637824466307,-0.3689703163861181,0.049145620316267014,0.0006819517584517598,0.0,0.0,0.0,0.0
6.861018419265747,-0.22958499193191528,0.27826839685440063,0.0,0.0,-0.0008751808782108128,-0.21459665894508362,0.0,0.0,-0.39845637824466307,-0.3690038815785288,0.049145620316267014,0.0013685692101716995,0.0,0.0,0.0,0.0
6.862703323364258,-0.22958499193191528,0.27826839685440063,0.0,0.0,-0.0008751808782108128,-0.21459665894508362,0.0,0.0,-0.39845637824466307,-0.3690038815785288,0.05445052310824394,-0.005225697532296181,0.0,0.0,0.0,0.0
6.864105701446533,-0.22958499193191528,0.27826839685440063,0.0,0.0,-0.0008751808782108128,-0.21459665894508362,0.0,0.0,-0.39845637824466307,-0.3690038815785288,0.05445052310824394,-0.005225697532296181,0.0,0.0,0.0,0.0
6.86558198928833,-0.22958499193191528,0.27826839685440063,0.0,0.0,-0.0008751808782108128,-0.21459665894508362,0.0,0.0,-0.3985666237511167,-0.3690853602638717,0.05296279117465019,-0.005225697532296181,0.0,0.0,0.0,0.0
6.866976261138916,-0.22958499193191528,0.27826839685440063,0.0,0.0,-0.0008751808782108128,-0.21459665894508362,0.0,0.0,-0.3985666237511167,-0.3690853602638717,0.05296279117465019,-0.005225697532296181,0.0,0.0,0.0,0.0
6.868336200714111,-0.22783806920051575,0.3755205571651459,0.0,0.0,-0.0008849744335748255,-0.21460174024105072,0.0,0.0,-0.3986673193283488,-0.36918603243441456,0.05236208811402321,-0.003337450558319688,0.0,0.0,0.0,0.0
6.869731187820435,-0.22783806920051575,0.3755205571651459,0.0,0.0,-0.0008849744335748255,-0.21460174024105072,0.0,0.0,-0.3986673193283488,-0.36918603243441456,0.05236208811402321,-0.003337450558319688,0.0,0.0,0.0,0.0
6.871079206466675,-0.22783806920051575,0.3755205571651459,0.0,0.0,-0.0008849744335748255,-0.21460174024105072,0.0,0.0,-0.39875837134960235,-0.3692771078623574,0.051818378269672394,-0.002765245735645294,0.0,0.0,0.0,0.0
6.872445583343506,-0.22783806920051575,0.3755205571651459,0.0,0.0,-0.0008849744335748255,-0.21460174024105072,0.0,0.0,-0.39875837134960235,-0.3692771078623574,0.051818378269672394,-0.002765245735645294,0.0,0.0,0.0,0.0
6.874034404754639,-0.22783806920051575,0.3755205571651459,0.0,0.0,-0.0008849744335748255,-0.21460174024105072,0.0,0.0,-0.3987631931275916,-0.36953118747436453,0.057932641357183456,-0.005789771676063538,0.0,0.0,0.0,0.0
6.875415802001953,-0.22783806920051575,0.3755205571651459,0.0,0.0,-0.0008849744335748255,-0.21460174024105072,0.0,0.0,-0.3987631931275916,-0.36953118747436453,0.057932641357183456,-0.005789771676063538,0.0,0.0,0.0,0.0
6.877338409423828,-0.22783806920051575,0.3755205571651459,0.0,0.0,-0.0008849744335748255,-0.21460174024105072,0.0,0.0,-0.3987631931275916,-0.3696414329808181,0.057932641357183456,-0.0059041292406618595,0.0,0.0,0.0,0.0
6.878795146942139,-0.21546059846878052,0.44712120294570923,0.0,0.0,-0.0008526541641913354,-0.21461883187294006,0.0,0.0,-0.3987631931275916,-0.36961746453100736,0.057932641357183456,-0.0068769329227507114,0.0,0.0,0.0,0.0
6.880269527435303,-0.21546059846878052,0.44712120294570923,0.0,0.0,-0.0008526541641913354,-0.21461883187294006,0.0,0.0,-0.3987631931275916,-0.36961746453100736,0.057932641357183456,-0.0068769329227507114,0.0,0.0,0.0,0.0
6.881713151931763,-0.21546059846878052,0.44712120294570923,0.0,0.0,-0.0008526541641913354,-0.21461883187294006,0.0,0.0,-0.3988974070838559,-0.36961746453100736,0.056330639868974686,-0.0068769329227507114,0.0,0.0,0.0,0.0
6.883192300796509,-0.21546059846878052,0.44712120294570923,0.0,0.0,-0.0008526541641913354,-0.21461883187294006,0.0,0.0,-0.3988974070838559,-0.36961746453100736,0.056330639868974686,-0.0068769329227507114,0.0,0.0,0.0,0.0
6.885028123855591,-0.21546059846878052,0.44712120294570923,0.0,0.0,-0.0008526541641913354,-0.21461883187294006,0.0,0.0,-0.39900287762569875,-0.36961746453100736,0.0610826201736927,-0.012256438843905926,0.0,0.0,0.0,0.0
6.886552333831787,-0.21546059846878052,0.44712120294570923,0.0,0.0,-0.0008526541641913354,-0.21461883187294006,0.0,0.0,-0.39909392964695234,-0.36961746453100736,0.060510411858558655,-0.012256438843905926,0.0,0.0,0.0,0.0
6.888526678085327,-0.22714582085609436,0.5322560667991638,0.0,0.0,-0.0008851164020597935,-0.2146361768245697,0.0,0.0,-0.39909392964695234,-0.36961746453100736,0.060510411858558655,-0.012256438843905926,0.0,0.0,0.0,0.0
6.889995098114014,-0.22714582085609436,0.5322560667991638,0.0,0.0,-0.0008851164020597935,-0.2146361768245697,0.0,0.0,-0.39906996119714166,-0.36961746453100736,0.06148321554064751,-0.012256438843905926,0.0,0.0,0.0,0.0
6.891945123672485,-0.22714582085609436,0.5322560667991638,0.0,0.0,-0.0008851164020597935,-0.2146361768245697,0.0,0.0,-0.39906996119714166,-0.36961746453100736,0.06676800549030304,-0.017542764544487,0.0,0.0,0.0,0.0
6.89336371421814,-0.22714582085609436,0.5322560667991638,0.0,0.0,-0.0008851164020597935,-0.2146361768245697,0.0,0.0,-0.39906996119714166,-0.36961746453100736,0.06676800549030304,-0.017542764544487,0.0,0.0,0.0,0.0
6.894737482070923,-0.22714582085609436,0.5322560667991638,0.0,0.0,-0.0008851164020597935,-0.2146361768245697,0.0,0.0,-0.39906996119714166,-0.36975647685857166,0.06676800549030304,-0.015911981463432312,0.0,0.0,0.0,0.0
6.896334886550903,-0.22714582085609436,0.5322560667991638,0.0,0.0,-0.0008851164020597935,-0.2146361768245697,0.0,0.0,-0.39906996119714166,-0.36975647685857166,0.06676800549030304,-0.015911981463432312,0.0,0.0,0.0,0.0
6.898220062255859,-0.24047674238681793,0.5683606266975403,0.0,0.0,-0.0009089568629860878,-0.2146829515695572,0.0,0.0,-0.39916583499638447,-0.3700249281777895,0.06536605209112167,-0.013966459780931473,0.0,0.0,0.0,0.0
6.899667739868164,-0.24047674238681793,0.5683606266975403,0.0,0.0,-0.0009089568629860878,-0.2146829515695572,0.0,0.0,-0.39926170879562733,-0.37031254957551807,0.06482234597206116,-0.010991077870130539,0.0,0.0,0.0,0.0
6.901004314422607,-0.24047674238681793,0.5683606266975403,0.0,0.0,-0.0009089568629860878,-0.2146829515695572,0.0,0.0,-0.39926170879562733,-0.37031254957551807,0.06482234597206116,-0.010991077870130539,0.0,0.0,0.0,0.0
6.902336835861206,-0.24047674238681793,0.5683606266975403,0.0,0.0,-0.0009089568629860878,-0.2146829515695572,0.0,0.0,-0.3996068638355773,-0.37084945221395377,0.06645664572715759,-0.011479993350803852,0.0,0.0,0.0,0.0
6.903679847717285,-0.24047674238681793,0.5683606266975403,0.0,0.0,-0.0009089568629860878,-0.2146829515695572,0.0,0.0,-0.3996068638355773,-0.37084945221395377,0.06645664572715759,-0.011479993350803852,0.0,0.0,0.0,0.0
6.9050164222717285,-0.24047674238681793,0.5683606266975403,0.0,0.0,-0.0009089568629860878,-0.2146829515695572,0.0,0.0,-0.3996931408922202,-0.37084465384265375,0.06619898974895477,-0.01345418393611908,0.0,0.0,0.0,0.0
6.906312704086304,-0.24047674238681793,0.5683606266975403,0.0,0.0,-0.0009089568629860878,-0.2146829515695572,0.0,0.0,-0.3996931408922202,-0.37084465384265375,0.06619898974895477,-0.01345418393611908,0.0,0.0,0.0,0.0
6.9081711769104,-0.22469592094421387,0.6538956761360168,0.0,0.0,-0.0008926027221605182,-0.214701309800148,0.0,0.0,-0.3999520188755273,-0.3710987100479716,0.06525490432977676,-0.012338412925601006,0.0,0.0,0.0,0.0
6.9096925258636475,-0.22469592094421387,0.6538956761360168,0.0,0.0,-0.0008926027221605182,-0.214701309800148,0.0,0.0,-0.40012457298881304,-0.371487003616243,0.06545517593622208,-0.009191203862428665,0.0,0.0,0.0,0.0
6.911072492599487,-0.22469592094421387,0.6538956761360168,0.0,0.0,-0.0008926027221605182,-0.214701309800148,0.0,0.0,-0.40012457298881304,-0.371487003616243,0.06545517593622208,-0.009191203862428665,0.0,0.0,0.0,0.0
6.9125378131866455,-0.22469592094421387,0.6538956761360168,0.0,0.0,-0.0008926027221605182,-0.214701309800148,0.0,0.0,-0.4003259173298987,-0.37150617369475375,0.06821930408477783,-0.016075987368822098,0.0,0.0,0.0,0.0
6.91388726234436,-0.22469592094421387,0.6538956761360168,0.0,0.0,-0.0008926027221605182,-0.214701309800148,0.0,0.0,-0.4003259173298987,-0.37150617369475375,0.06821930408477783,-0.016075987368822098,0.0,0.0,0.0,0.0
6.91525673866272,-0.22469592094421387,0.6538956761360168,0.0,0.0,-0.0008926027221605182,-0.214701309800148,0.0,0.0,-0.40029235213748804,-0.3714582367951323,0.06882023066282272,-0.01716320402920246,0.0,0.0,0.0,0.0
6.916632652282715,-0.22469592094421387,0.6538956761360168,0.0,0.0,-0.0008926027221605182,-0.214701309800148,0.0,0.0,-0.40029235213748804,-0.3714582367951323,0.06882023066282272,-0.01716320402920246,0.0,0.0,0.0,0.0
6.918168306350708,-0.2337651550769806,0.7371065616607666,0.0,0.0,-0.0009003295563161373,-0.21471287310123444,0.0,0.0,-0.40029717391547726,-0.3714582367951323,0.07005035877227783,-0.01716320402920246,0.0,0.0,0.0,0.0
6.919921159744263,-0.2337651550769806,0.7371065616607666,0.0,0.0,-0.0009003295563161373,-0.21471287310123444,0.0,0.0,-0.40029717391547726,-0.3714582367951323,0.07005035877227783,-0.01716320402920246,0.0,0.0,0.0,0.0
6.9213433265686035,-0.2337651550769806,0.7371065616607666,0.0,0.0,-0.0009003295563161373,-0.21471287310123444,0.0,0.0,-0.40029717391547726,-0.3714582367951323,0.07005035877227783,-0.01716320402920246,0.0,0.0,0.0,0.0
6.922674179077148,-0.2337651550769806,0.7371065616607666,0.0,0.0,-0.0009003295563161373,-0.21471287310123444,0.0,0.0,-0.40029717391547726,-0.3714582367951323,0.07537230849266052,-0.02248571440577507,0.0,0.0,0.0,0.0
6.924020051956177,-0.2337651550769806,0.7371065616607666,0.0,0.0,-0.0009003295563161373,-0.21471287310123444,0.0,0.0,-0.40029717391547726,-0.3714582367951323,0.07537230849266052,-0.02248571440577507,0.0,0.0,0.0,0.0
6.92535400390625,-0.2337651550769806,0.7371065616607666,0.0,0.0,-0.0009003295563161373,-0.21471287310123444,0.0,0.0,-0.40029717391547726,-0.3714582367951323,0.07537230849266052,-0.02248571440577507,0.0,0.0,0.0,0.0
6.926670074462891,-0.2337651550769806,0.7371065616607666,0.0,0.0,-0.0009003295563161373,-0.21471287310123444,0.0,0.0,-0.40029717391547726,-0.3714582367951323,0.07537230849266052,-0.02248571440577507,0.0,0.0,0.0,0.0
6.9282448291778564,-0.2423996478319168,0.7102468609809875,0.0,0.0,-0.0009507178328931332,-0.21480874717235565,0.0,0.0,-0.40029717391547726,-0.37157328067288586,0.07537230849266052,-0.020969342440366745,0.0,0.0,0.0,0.0
6.92955470085144,-0.2423996478319168,0.7102468609809875,0.0,0.0,-0.0009507178328931332,-0.21480874717235565,0.0,0.0,-0.40029717391547726,-0.37157328067288586,0.07537230849266052,-0.020969342440366745,0.0,0.0,0.0,0.0
6.930851221084595,-0.2423996478319168,0.7102468609809875,0.0,0.0,-0.0009507178328931332,-0.21480874717235565,0.0,0.0,-0.40029717391547726,-0.371822561913593,0.07537230849266052,-0.02042577788233757,0.0,0.0,0.0,0.0
6.932171583175659,-0.2423996478319168,0.7102468609809875,0.0,0.0,-0.0009507178328931332,-0.21480874717235565,0.0,0.0,-0.4004457595789523,-0.3721005865687216,0.07898356765508652,-0.021030642092227936,0.0,0.0,0.0,0.0
6.93368673324585,-0.2423996478319168,0.7102468609809875,0.0,0.0,-0.0009507178328931332,-0.21480874717235565,0.0,0.0,-0.4004457595789523,-0.3721005865687216,0.07898356765508652,-0.021030642092227936,0.0,0.0,0.0,0.0
6.934988498687744,-0.2423996478319168,0.7102468609809875,0.0,0.0,-0.0009507178328931332,-0.21480874717235565,0.0,0.0,-0.40054163337819515,-0.3721437485037323,0.07841136306524277,-0.022861696779727936,0.0,0.0,0.0,0.0
6.9362664222717285,-0.2423996478319168,0.7102468609809875,0.0,0.0,-0.0009507178328931332,-0.21480874717235565,0.0,0.0,-0.40054163337819515,-0.3721437485037323,0.07841136306524277,-0.022861696779727936,0.0,0.0,0.0,0.0
6.937556028366089,-0.2423996478319168,0.7102468609809875,0.0,0.0,-0.0009507178328931332,-0.21480874717235565,0.0,0.0,-0.400637507177438,-0.37207184315430014,0.0778103843331337,-0.02412046305835247,0.0,0.0,0.0,0.0
6.93914532661438,-0.2370048463344574,0.7665817737579346,0.0,0.0,-0.0009525049827061594,-0.21487684547901154,0.0,0.0,-0.400637507177438,-0.37207184315430014,0.0778103843331337,-0.02412046305835247,0.0,0.0,0.0,0.0
6.94059944152832,-0.2370048463344574,0.7665817737579346,0.0,0.0,-0.0009525049827061594,-0.21487684547901154,0.0,0.0,-0.4007286060120701,-0.3722012587392644,0.07726695388555527,-0.022546958178281784,0.0,0.0,0.0,0.0
6.941937446594238,-0.2370048463344574,0.7665817737579346,0.0,0.0,-0.0009525049827061594,-0.21487684547901154,0.0,0.0,-0.4007286060120701,-0.3722012587392644,0.07726695388555527,-0.022546958178281784,0.0,0.0,0.0,0.0
6.943687438964844,-0.2370048463344574,0.7665817737579346,0.0,0.0,-0.0009525049827061594,-0.21487684547901154,0.0,0.0,-0.400824479811313,-0.3726997978139894,0.08200524747371674,-0.022478673607110977,0.0,0.0,0.0,0.0
6.9449992179870605,-0.2370048463344574,0.7665817737579346,0.0,0.0,-0.0009525049827061594,-0.21487684547901154,0.0,0.0,-0.40120797500828437,-0.3730066126969179,0.0781426951289177,-0.020075440406799316,0.0,0.0,0.0,0.0
6.9463348388671875,-0.2370048463344574,0.7665817737579346,0.0,0.0,-0.0009525049827061594,-0.21487684547901154,0.0,0.0,-0.40120797500828437,-0.3730066126969179,0.0781426951289177,-0.020075440406799316,0.0,0.0,0.0,0.0
6.9476318359375,-0.2370048463344574,0.7665817737579346,0.0,0.0,-0.0009525049827061594,-0.21487684547901154,0.0,0.0,-0.4014811778854237,-0.3733565427014786,0.07642608135938644,-0.019360270351171494,0.0,0.0,0.0,0.0
6.949152946472168,-0.24226005375385284,0.8723268508911133,0.0,0.0,-0.0009519938612356782,-0.21487711369991302,0.0,0.0,-0.4014811778854237,-0.3733565427014786,0.07642608135938644,-0.019360270351171494,0.0,0.0,0.0,0.0
6.950439691543579,-0.24226005375385284,0.8723268508911133,0.0,0.0,-0.0009519938612356782,-0.21487711369991302,0.0,0.0,-0.4016394071048772,-0.3736441640992072,0.07771371304988861,-0.017643656581640244,0.0,0.0,0.0,0.0
6.951730012893677,-0.24226005375385284,0.8723268508911133,0.0,0.0,-0.0009519938612356782,-0.21487711369991302,0.0,0.0,-0.4016394071048772,-0.3736441640992072,0.07771371304988861,-0.017643656581640244,0.0,0.0,0.0,0.0
6.95303201675415,-0.24226005375385284,0.8723268508911133,0.0,0.0,-0.0009519938612356782,-0.21487711369991302,0.0,0.0,-0.40184070463258437,-0.37393658386823575,0.08042056858539581,-0.0212095957249403,0.0,0.0,0.0,0.0
6.9543397426605225,-0.24226005375385284,0.8723268508911133,0.0,0.0,-0.0009519938612356782,-0.21487711369991302,0.0,0.0,-0.40184070463258437,-0.37393658386823575,0.08042056858539581,-0.0212095957249403,0.0,0.0,0.0,0.0
6.955639362335205,-0.24226005375385284,0.8723268508911133,0.0,0.0,-0.0009519938612356782,-0.21487711369991302,0.0,0.0,-0.40198451533144863,-0.3740803945671,0.08087843656539917,-0.021152403205633163,0.0,0.0,0.0,0.0
6.9571144580841064,-0.24226005375385284,0.8723268508911133,0.0,0.0,-0.0009519938612356782,-0.21487711369991302,0.0,0.0,-0.40198451533144863,-0.3740803945671,0.08087843656539917,-0.021152403205633163,0.0,0.0,0.0,0.0
6.958483695983887,-0.2542564570903778,0.9028398394584656,0.0,0.0,-0.0009996764129027724,-0.21492913365364075,0.0,0.0,-0.4021667130007129,-0.3743536208509286,0.0785323977470398,-0.018634675070643425,0.0,0.0,0.0,0.0
6.959951639175415,-0.2542564570903778,0.9028398394584656,0.0,0.0,-0.0009996764129027724,-0.21492913365364075,0.0,0.0,-0.4021667130007129,-0.3743536208509286,0.0785323977470398,-0.018634675070643425,0.0,0.0,0.0,0.0
6.961764574050903,-0.2542564570903778,0.9028398394584656,0.0,0.0,-0.0009996764129027724,-0.21492913365364075,0.0,0.0,-0.40245433439844147,-0.374574135270525,0.07547110319137573,-0.018148329108953476,0.0,0.0,0.0,0.0
6.963346719741821,-0.2542564570903778,0.9028398394584656,0.0,0.0,-0.0009996764129027724,-0.21492913365364075,0.0,0.0,-0.40258854835470576,-0.3747467127905,0.08258108794689178,-0.02248372882604599,0.0,0.0,0.0,0.0
6.964820861816406,-0.2542564570903778,0.9028398394584656,0.0,0.0,-0.0009996764129027724,-0.21492913365364075,0.0,0.0,-0.40258854835470576,-0.3747467127905,0.08258108794689178,-0.02248372882604599,0.0,0.0,0.0,0.0
6.9662926197052,-0.2542564570903778,0.9028398394584656,0.0,0.0,-0.0009996764129027724,-0.21492913365364075,0.0,0.0,-0.40278989269579146,-0.37521171007950355,0.08006349205970764,-0.01799197867512703,0.0,0.0,0.0,0.0
6.9678685665130615,-0.27243849635124207,0.9315474033355713,0.0,0.0,-0.0010292640654370189,-0.21497610211372375,0.0,0.0,-0.40278989269579146,-0.37521171007950355,0.08006349205970764,-0.01799197867512703,0.0,0.0,0.0,0.0
6.969233512878418,-0.27243849635124207,0.9315474033355713,0.0,0.0,-0.0010292640654370189,-0.21497610211372375,0.0,0.0,-0.40292410665205575,-0.3752740186863357,0.07926246523857117,-0.019336603581905365,0.0,0.0,0.0,0.0
6.970585346221924,-0.27243849635124207,0.9315474033355713,0.0,0.0,-0.0010292640654370189,-0.21497610211372375,0.0,0.0,-0.403206906271795,-0.3757102491542285,0.07811805605888367,-0.015016542747616768,0.0,0.0,0.0,0.0
6.971967458724976,-0.27243849635124207,0.9315474033355713,0.0,0.0,-0.0010292640654370189,-0.21497610211372375,0.0,0.0,-0.403206906271795,-0.3757102491542285,0.07811805605888367,-0.015016542747616768,0.0,0.0,0.0,0.0
6.973252534866333,-0.27243849635124207,0.9315474033355713,0.0,0.0,-0.0010292640654370189,-0.21497610211372375,0.0,0.0,-0.40340347564827,-0.37611771280101064,0.08170913904905319,-0.01800818368792534,0.0,0.0,0.0,0.0
6.974751234054565,-0.27243849635124207,0.9315474033355713,0.0,0.0,-0.0010292640654370189,-0.21497610211372375,0.0,0.0,-0.40340347564827,-0.37611771280101064,0.08170913904905319,-0.01800818368792534,0.0,0.0,0.0,0.0
6.976170301437378,-0.27243849635124207,0.9315474033355713,0.0,0.0,-0.0010292640654370189,-0.21497610211372375,0.0,0.0,-0.40368627526800926,-0.3763909390848392,0.0787048488855362,-0.01577664166688919,0.0,0.0,0.0,0.0
6.977526903152466,-0.27243849635124207,0.9315474033355713,0.0,0.0,-0.0010292640654370189,-0.21497610211372375,0.0,0.0,-0.40368627526800926,-0.3763909390848392,0.0787048488855362,-0.01577664166688919,0.0,0.0,0.0,0.0
6.979219198226929,-0.2708302438259125,0.9061592221260071,0.0,0.0,-0.0010535635519772768,-0.21510255336761475,0.0,0.0,-0.40393078154410567,-0.376822371181432,0.07773226499557495,-0.015547760762274265,0.0,0.0,0.0,0.0
6.980627536773682,-0.2708302438259125,0.9061592221260071,0.0,0.0,-0.0010535635519772768,-0.21510255336761475,0.0,0.0,-0.40393078154410567,-0.376822371181432,0.07773226499557495,-0.015547760762274265,0.0,0.0,0.0,0.0
6.982036113739014,-0.2708302438259125,0.9061592221260071,0.0,0.0,-0.0010535635519772768,-0.21510255336761475,0.0,0.0,-0.4041464975924021,-0.3772058663784035,0.0773315578699112,-0.0115136057138443,0.0,0.0,0.0,0.0
6.983726263046265,-0.2708302438259125,0.9061592221260071,0.0,0.0,-0.0010535635519772768,-0.21510255336761475,0.0,0.0,-0.4044292972121414,-0.37775714072404987,0.0799984484910965,-0.01380857266485691,0.0,0.0,0.0,0.0
6.985870361328125,-0.2708302438259125,0.9061592221260071,0.0,0.0,-0.0010535635519772768,-0.21510255336761475,0.0,0.0,-0.40481761418710205,-0.37827007491267484,0.07705171406269073,-0.008200909942388535,0.0,0.0,0.0,0.0
6.987525701522827,-0.2708302438259125,0.9061592221260071,0.0,0.0,-0.0010535635519772768,-0.21510255336761475,0.0,0.0,-0.40481761418710205,-0.37827007491267484,0.07705171406269073,-0.008200909942388535,0.0,0.0,0.0,0.0
6.989326477050781,-0.27465832233428955,0.9367648363113403,0.0,0.0,-0.0010607129661366343,-0.21518997848033905,0.0,0.0,-0.40544079388218063,-0.3789987251495962,0.07155831903219223,-0.0035374141298234463,0.0,0.0,0.0,0.0
6.990693807601929,-0.27465832233428955,0.9367648363113403,0.0,0.0,-0.0010607129661366343,-0.21518997848033905,0.0,0.0,-0.40544079388218063,-0.3789987251495962,0.07155831903219223,-0.0035374141298234463,0.0,0.0,0.0,0.0
6.992454767227173,-0.27465832233428955,0.9367648363113403,0.0,0.0,-0.0010607129661366343,-0.21518997848033905,0.0,0.0,-0.40606397357725915,-0.3800341434560676,0.06783898919820786,0.004044325556606054,0.0,0.0,0.0,0.0
6.993840217590332,-0.27465832233428955,0.9367648363113403,0.0,0.0,-0.0010607129661366343,-0.21518997848033905,0.0,0.0,-0.40606397357725915,-0.3800341434560676,0.06783898919820786,0.004044325556606054,0.0,0.0,0.0,0.0
6.995684862136841,-0.27465832233428955,0.9367648363113403,0.0,0.0,-0.0010607129661366343,-0.21518997848033905,0.0,0.0,-0.4068693041282234,-0.38123256594660326,0.06880654394626617,0.006683172192424536,0.0,0.0,0.0,0.0
6.99742579460144,-0.27465832233428955,0.9367648363113403,0.0,0.0,-0.0010607129661366343,-0.21518997848033905,0.0,0.0,-0.40770819987159834,-0.3823063712234746,0.06191141903400421,0.013091975823044777,0.0,0.0,0.0,0.0
6.999629020690918,-0.2912227213382721,0.8893190026283264,0.0,0.0,-0.0011211740784347057,-0.2153124362230301,0.0,0.0,-0.40856146732218407,-0.38324591573070316,0.055760275572538376,0.019271671772003174,0.0,0.0,0.0,0.0
7.001158237457275,-0.2912227213382721,0.8893190026283264,0.0,0.0,-0.0011211740784347057,-0.2153124362230301,0.0,0.0,-0.40856146732218407,-0.38324591573070316,0.055760275572538376,0.019271671772003174,0.0,0.0,0.0,0.0
7.002657413482666,-0.2912227213382721,0.8893190026283264,0.0,0.0,-0.0011211740784347057,-0.2153124362230301,0.0,0.0,-0.40941473477276974,-0.38464088419102455,0.057365354150533676,0.023274756968021393,0.0,0.0,0.0,0.0
7.0041303634643555,-0.2912227213382721,0.8893190026283264,0.0,0.0,-0.0011211740784347057,-0.2153124362230301,0.0,0.0,-0.40941473477276974,-0.38464088419102455,0.057365354150533676,0.023274756968021393,0.0,0.0,0.0,0.0
7.005570888519287,-0.2912227213382721,0.8893190026283264,0.0,0.0,-0.0011211740784347057,-0.2153124362230301,0.0,0.0,-0.4103926662503982,-0.38593038210950303,0.0504416786134243,0.03085646778345108,0.0,0.0,0.0,0.0
7.0071752071380615,-0.2912227213382721,0.8893190026283264,0.0,0.0,-0.0011211740784347057,-0.2153124362230301,0.0,0.0,-0.4103926662503982,-0.38593038210950303,0.0504416786134243,0.03085646778345108,0.0,0.0,0.0,0.0
7.009881973266602,-0.3025856614112854,0.8368539810180664,0.0,0.0,-0.0011880669044330716,-0.21546176075935364,0.0,0.0,-0.4126984123968374,-0.38828408856225294,0.033762138336896896,0.044532157480716705,0.0,0.0,0.0,0.0
7.0115065574646,-0.3025856614112854,0.8368539810180664,0.0,0.0,-0.0011880669044330716,-0.21546176075935364,0.0,0.0,-0.4126984123968374,-0.38828408856225294,0.033762138336896896,0.044532157480716705,0.0,0.0,0.0,0.0
7.01294469833374,-0.3025856614112854,0.8368539810180664,0.0,0.0,-0.0011880669044330716,-0.21546176075935364,0.0,0.0,-0.4138297513159302,-0.3894345741531672,0.03168230876326561,0.046126119792461395,0.0,0.0,0.0,0.0
7.014326810836792,-0.3025856614112854,0.8368539810180664,0.0,0.0,-0.0011880669044330716,-0.21546176075935364,0.0,0.0,-0.4138297513159302,-0.3894345741531672,0.03168230876326561,0.046126119792461395,0.0,0.0,0.0,0.0
7.016053915023804,-0.3025856614112854,0.8368539810180664,0.0,0.0,-0.0011880669044330716,-0.21546176075935364,0.0,0.0,-0.4147261807015266,-0.3904029088881957,0.02733372338116169,0.05219139903783798,0.0,0.0,0.0,0.0
7.017418622970581,-0.3025856614112854,0.8368539810180664,0.0,0.0,-0.0011880669044330716,-0.21546176075935364,0.0,0.0,-0.4155698514095123,-0.39115072920362776,0.02458714134991169,0.05442306026816368,0.0,0.0,0.0,0.0
7.018793344497681,-0.3464752435684204,0.555199146270752,0.0,0.0,-0.0013016463490203023,-0.21579332649707794,0.0,0.0,-0.4155698514095123,-0.39115072920362776,0.02458714134991169,0.05442306026816368,0.0,0.0,0.0,0.0
7.020153999328613,-0.3464752435684204,0.555199146270752,0.0,0.0,-0.0013016463490203023,-0.21579332649707794,0.0,0.0,-0.4162505647468122,-0.39147189238707775,0.022383982315659523,0.053278591483831406,0.0,0.0,0.0,0.0
7.021496534347534,-0.3464752435684204,0.555199146270752,0.0,0.0,-0.0013016463490203023,-0.21579332649707794,0.0,0.0,-0.4162505647468122,-0.39147189238707775,0.022383982315659523,0.053278591483831406,0.0,0.0,0.0,0.0
7.022825717926025,-0.3464752435684204,0.555199146270752,0.0,0.0,-0.0013016463490203023,-0.21579332649707794,0.0,0.0,-0.4168737444418908,-0.39176431215610635,0.02330012619495392,0.04924402013421059,0.0,0.0,0.0,0.0
7.024163246154785,-0.3464752435684204,0.555199146270752,0.0,0.0,-0.0013016463490203023,-0.21579332649707794,0.0,0.0,-0.4168737444418908,-0.39176431215610635,0.02330012619495392,0.04924402013421059,0.0,0.0,0.0,0.0
7.025494337081909,-0.3464752435684204,0.555199146270752,0.0,0.0,-0.0013016463490203023,-0.21579332649707794,0.0,0.0,-0.41715176909701934,-0.39176431215610635,0.024701975286006927,0.046383023262023926,0.0,0.0,0.0,0.0
7.026831865310669,-0.3464752435684204,0.555199146270752,0.0,0.0,-0.0013016463490203023,-0.21579332649707794,0.0,0.0,-0.41715176909701934,-0.39176431215610635,0.024701975286006927,0.046383023262023926,0.0,0.0,0.0,0.0
7.0281431674957275,-0.3747672438621521,0.17686426639556885,0.0,0.0,-0.0014313696883618832,-0.21625420451164246,0.0,0.0,-0.4171805125114408,-0.3917067785138849,0.025560447946190834,0.04523853212594986,0.0,0.0,0.0,0.0
7.0294530391693115,-0.3747672438621521,0.17686426639556885,0.0,0.0,-0.0014313696883618832,-0.21625420451164246,0.0,0.0,-0.4171805125114408,-0.3917067785138849,0.025560447946190834,0.04523853212594986,0.0,0.0,0.0,0.0
7.030765056610107,-0.3747672438621521,0.17686426639556885,0.0,0.0,-0.0014313696883618832,-0.21625420451164246,0.0,0.0,-0.41727161134607293,-0.3918170474270278,0.02636142261326313,0.0466691255569458,0.0,0.0,0.0,0.0
7.032280683517456,-0.3747672438621521,0.17686426639556885,0.0,0.0,-0.0014313696883618832,-0.21625420451164246,0.0,0.0,-0.4173722601099265,-0.3919081228549706,0.031093847006559372,0.041935306042432785,0.0,0.0,0.0,0.0
7.033590078353882,-0.3747672438621521,0.17686426639556885,0.0,0.0,-0.0014313696883618832,-0.21625420451164246,0.0,0.0,-0.4173722601099265,-0.3919081228549706,0.031093847006559372,0.041935306042432785,0.0,0.0,0.0,0.0
7.035362005233765,-0.3747672438621521,0.17686426639556885,0.0,0.0,-0.0014313696883618832,-0.21625420451164246,0.0,0.0,-0.41746813390916937,-0.39201359339681346,0.030521640554070473,0.04253600910305977,0.0,0.0,0.0,0.0
7.037176132202148,-0.3747672438621521,0.17686426639556885,0.0,0.0,-0.0014313696883618832,-0.21625420451164246,0.0,0.0,-0.41746813390916937,-0.39201359339681346,0.030521640554070473,0.04253600910305977,0.0,0.0,0.0,0.0
7.039372205734253,-0.35999321937561035,-0.12621845304965973,0.0,0.0,-0.001441232394427061,-0.21664389967918396,0.0,0.0,-0.41747773065176935,-0.39201359339681346,0.031294114887714386,0.04173503443598747,0.0,0.0,0.0,0.0
7.0412843227386475,-0.35999321937561035,-0.12621845304965973,0.0,0.0,-0.001441232394427061,-0.21664389967918396,0.0,0.0,-0.41747773065176935,-0.39201359339681346,0.031294114887714386,0.04173503443598747,0.0,0.0,0.0,0.0
7.043234348297119,-0.35999321937561035,-0.12621845304965973,0.0,0.0,-0.001441232394427061,-0.21664389967918396,0.0,0.0,-0.41747773065176935,-0.39201359339681346,0.031294114887714386,0.04173503443598747,0.0,0.0,0.0,0.0
7.04600977897644,-0.35999321937561035,-0.12621845304965973,0.0,0.0,-0.001441232394427061,-0.21664389967918396,0.0,0.0,-0.41747773065176935,-0.39201359339681346,0.03659036010503769,0.03643948584794998,0.0,0.0,0.0,0.0
7.0482189655303955,-0.33582890033721924,-0.22891390323638916,0.0,0.0,-0.00136575719807297,-0.21694615483283997,0.0,0.0,-0.41747773065176935,-0.39201359339681346,0.03659036010503769,0.03643948584794998,0.0,0.0,0.0,0.0
7.0499138832092285,-0.33582890033721924,-0.22891390323638916,0.0,0.0,-0.00136575719807297,-0.21694615483283997,0.0,0.0,-0.41747773065176935,-0.39218137254548846,0.03659036010503769,0.03821332007646561,0.0,0.0,0.0,0.0
7.051584243774414,-0.33582890033721924,-0.22891390323638916,0.0,0.0,-0.00136575719807297,-0.21694615483283997,0.0,0.0,-0.41747773065176935,-0.392286819680642,0.041926559060811996,0.033564578741788864,0.0,0.0,0.0,0.0
7.053057670593262,-0.33582890033721924,-0.22891390323638916,0.0,0.0,-0.00136575719807297,-0.21694615483283997,0.0,0.0,-0.41747773065176935,-0.392286819680642,0.041926559060811996,0.033564578741788864,0.0,0.0,0.0,0.0
7.0544610023498535,-0.33582890033721924,-0.22891390323638916,0.0,0.0,-0.00136575719807297,-0.21694615483283997,0.0,0.0,-0.4176311380932336,-0.3923874918511849,0.040181227028369904,0.03416541963815689,0.0,0.0,0.0,0.0
7.0558860301971436,-0.33582890033721924,-0.22891390323638916,0.0,0.0,-0.00136575719807297,-0.21694615483283997,0.0,0.0,-0.4176311380932336,-0.3923874918511849,0.040181227028369904,0.03416541963815689,0.0,0.0,0.0,0.0
7.0575244426727295,-0.33582890033721924,-0.22891390323638916,0.0,0.0,-0.00136575719807297,-0.21694615483283997,0.0,0.0,-0.41773660863507645,-0.3923203848730527,0.03958052024245262,0.03293515369296074,0.0,0.0,0.0,0.0
7.059158086776733,-0.337145060300827,-0.0944802463054657,0.0,0.0,-0.0013274955563247204,-0.21698248386383057,0.0,0.0,-0.41773660863507645,-0.3923203848730527,0.03958052024245262,0.03293515369296074,0.0,0.0,0.0,0.0
7.061015367507935,-0.337145060300827,-0.0944802463054657,0.0,0.0,-0.0013274955563247204,-0.21698248386383057,0.0,0.0,-0.4178420791769193,-0.3923203848730527,0.03897953778505325,0.03293515369296074,0.0,0.0,0.0,0.0
7.06243896484375,-0.337145060300827,-0.0944802463054657,0.0,0.0,-0.0013274955563247204,-0.21698248386383057,0.0,0.0,-0.4177845455346979,-0.3923203848730527,0.045400019735097885,0.02762759104371071,0.0,0.0,0.0,0.0
7.063831806182861,-0.337145060300827,-0.0944802463054657,0.0,0.0,-0.0013274955563247204,-0.21698248386383057,0.0,0.0,-0.4177845455346979,-0.3923203848730527,0.045400019735097885,0.02762759104371071,0.0,0.0,0.0,0.0
7.065446376800537,-0.337145060300827,-0.0944802463054657,0.0,0.0,-0.0013274955563247204,-0.21698248386383057,0.0,0.0,-0.4177845455346979,-0.3923203848730527,0.045400019735097885,0.02762759104371071,0.0,0.0,0.0,0.0
7.067142724990845,-0.337145060300827,-0.0944802463054657,0.0,0.0,-0.0013274955563247204,-0.21698248386383057,0.0,0.0,-0.4177845455346979,-0.3923203848730527,0.045400019735097885,0.02762759104371071,0.0,0.0,0.0,0.0
7.068641662597656,-0.3371048867702484,-0.09091394394636154,0.0,0.0,-0.0013275679666548967,-0.21699431538581848,0.0,0.0,-0.4177845455346979,-0.3923203848730527,0.045400019735097885,0.02762759104371071,0.0,0.0,0.0,0.0
7.070558309555054,-0.3371048867702484,-0.09091394394636154,0.0,0.0,-0.0013275679666548967,-0.21699431538581848,0.0,0.0,-0.4177845455346979,-0.3924306303795063,0.045400019735097885,0.029086686670780182,0.0,0.0,0.0,0.0
7.072051286697388,-0.3371048867702484,-0.09091394394636154,0.0,0.0,-0.0013275679666548967,-0.21699431538581848,0.0,0.0,-0.4177845455346979,-0.3924306303795063,0.045400019735097885,0.029086686670780182,0.0,0.0,0.0,0.0
7.07355523109436,-0.3371048867702484,-0.09091394394636154,0.0,0.0,-0.0013275679666548967,-0.21699431538581848,0.0,0.0,-0.4177845455346979,-0.39253610092134916,0.0507306344807148,0.024387789890170097,0.0,0.0,0.0,0.0
7.075140476226807,-0.3371048867702484,-0.09091394394636154,0.0,0.0,-0.0013275679666548967,-0.21699431538581848,0.0,0.0,-0.4177845455346979,-0.39253610092134916,0.0507306344807148,0.024387789890170097,0.0,0.0,0.0,0.0
7.077245712280273,-0.3371048867702484,-0.09091394394636154,0.0,0.0,-0.0013275679666548967,-0.21699431538581848,0.0,0.0,-0.4177845455346979,-0.39263197472059197,0.0507306344807148,0.024988491088151932,0.0,0.0,0.0,0.0
7.078684568405151,-0.34739089012145996,0.07663653045892715,0.0,0.0,-0.0013573082396760583,-0.21700948476791382,0.0,0.0,-0.4179235344555729,-0.392627176349292,0.04907135292887688,0.024130243808031082,0.0,0.0,0.0,0.0
7.080152750015259,-0.34739089012145996,0.07663653045892715,0.0,0.0,-0.0013573082396760583,-0.21700948476791382,0.0,0.0,-0.4179235344555729,-0.392627176349292,0.04907135292887688,0.024130243808031082,0.0,0.0,0.0,0.0
7.082300424575806,-0.34739089012145996,0.07663653045892715,0.0,0.0,-0.0013573082396760583,-0.21700948476791382,0.0,0.0,-0.41802423003280503,-0.392627176349292,0.04852764680981636,0.024130243808031082,0.0,0.0,0.0,0.0
7.083885192871094,-0.34739089012145996,0.07663653045892715,0.0,0.0,-0.0013573082396760583,-0.21700948476791382,0.0,0.0,-0.41812010383204784,-0.39272305014853487,0.05324554070830345,0.020185522735118866,0.0,0.0,0.0,0.0
7.085357189178467,-0.34739089012145996,0.07663653045892715,0.0,0.0,-0.0013573082396760583,-0.21700948476791382,0.0,0.0,-0.41812010383204784,-0.39272305014853487,0.05324554070830345,0.020185522735118866,0.0,0.0,0.0,0.0
7.086817026138306,-0.34739089012145996,0.07663653045892715,0.0,0.0,-0.0013573082396760583,-0.21700948476791382,0.0,0.0,-0.4180913136042479,-0.3928285206903777,0.05424712225794792,0.020757727324962616,0.0,0.0,0.0,0.0
7.088489055633545,-0.3355073928833008,0.1603173166513443,0.0,0.0,-0.0013277785619720817,-0.21702873706817627,0.0,0.0,-0.4180913136042479,-0.3929243944896206,0.05424712225794792,0.0213584303855896,0.0,0.0,0.0,0.0
7.089985132217407,-0.3355073928833008,0.1603173166513443,0.0,0.0,-0.0013277785619720817,-0.21702873706817627,0.0,0.0,-0.4180913136042479,-0.3929243944896206,0.05424712225794792,0.0213584303855896,0.0,0.0,0.0,0.0
7.091444730758667,-0.3355073928833008,0.1603173166513443,0.0,0.0,-0.0013277785619720817,-0.21702873706817627,0.0,0.0,-0.4180913136042479,-0.39293399123222056,0.05953749641776085,0.016667358577251434,0.0,0.0,0.0,0.0
7.0928874015808105,-0.3355073928833008,0.1603173166513443,0.0,0.0,-0.0013277785619720817,-0.21702873706817627,0.0,0.0,-0.4180913136042479,-0.39293399123222056,0.05953749641776085,0.016667358577251434,0.0,0.0,0.0,0.0
7.094296932220459,-0.3355073928833008,0.1603173166513443,0.0,0.0,-0.0013277785619720817,-0.21702873706817627,0.0,0.0,-0.4181680407316693,-0.39293399123222056,0.05953749641776085,0.015322678722441196,0.0,0.0,0.0,0.0
7.095714092254639,-0.3355073928833008,0.1603173166513443,0.0,0.0,-0.0013277785619720817,-0.21702873706817627,0.0,0.0,-0.4181680407316693,-0.39293399123222056,0.05953749641776085,0.015322678722441196,0.0,0.0,0.0,0.0
7.097120523452759,-0.3355073928833008,0.1603173166513443,0.0,0.0,-0.0013277785619720817,-0.21702873706817627,0.0,0.0,-0.4182590927529229,-0.39293399123222056,0.05770638585090637,0.015322678722441196,0.0,0.0,0.0,0.0
7.0985636711120605,-0.3446289896965027,0.23673127591609955,0.0,0.0,-0.0013512939913198352,-0.2170407474040985,0.0,0.0,-0.4182590927529229,-0.39293399123222056,0.05770638585090637,0.015322678722441196,0.0,0.0,0.0,0.0
7.099962472915649,-0.3446289896965027,0.23673127591609955,0.0,0.0,-0.0013512939913198352,-0.2170407474040985,0.0,0.0,-0.418369385072755,-0.39293399123222056,0.057105399668216705,0.015322678722441196,0.0,0.0,0.0,0.0
7.101713180541992,-0.3446289896965027,0.23673127591609955,0.0,0.0,-0.0013512939913198352,-0.2170407474040985,0.0,0.0,-0.41839812848717645,-0.39303463999607413,0.061795081943273544,0.011406457051634789,0.0,0.0,0.0,0.0
7.103155851364136,-0.3446289896965027,0.23673127591609955,0.0,0.0,-0.0013512939913198352,-0.2170407474040985,0.0,0.0,-0.41839812848717645,-0.39303463999607413,0.061795081943273544,0.011406457051634789,0.0,0.0,0.0,0.0
7.104578733444214,-0.3446289896965027,0.23673127591609955,0.0,0.0,-0.0013512939913198352,-0.2170407474040985,0.0,0.0,-0.41839812848717645,-0.393140110537917,0.06305398792028427,0.012035938911139965,0.0,0.0,0.0,0.0
7.106023788452148,-0.3446289896965027,0.23673127591609955,0.0,0.0,-0.0013512939913198352,-0.2170407474040985,0.0,0.0,-0.41839812848717645,-0.393140110537917,0.06305398792028427,0.012035938911139965,0.0,0.0,0.0,0.0
7.108333110809326,-0.33645880222320557,0.2964743673801422,0.0,0.0,-0.0013353294925764203,-0.21707019209861755,0.0,0.0,-0.41852756747882996,-0.39324075930177055,0.06145169958472252,0.012608143500983715,0.0,0.0,0.0,0.0
7.109833717346191,-0.33645880222320557,0.2964743673801422,0.0,0.0,-0.0013353294925764203,-0.21707019209861755,0.0,0.0,-0.4186234412780728,-0.39324075930177055,0.06087949499487877,0.013151570223271847,0.0,0.0,0.0,0.0
7.11128830909729,-0.33645880222320557,0.2964743673801422,0.0,0.0,-0.0013353294925764203,-0.21707019209861755,0.0,0.0,-0.4186234412780728,-0.39324075930177055,0.06087949499487877,0.013151570223271847,0.0,0.0,0.0,0.0
7.11273717880249,-0.33645880222320557,0.2964743673801422,0.0,0.0,-0.0013353294925764203,-0.21707019209861755,0.0,0.0,-0.4187240900419264,-0.39339894170784556,0.06557224690914154,0.00828796997666359,0.0,0.0,0.0,0.0
7.11419153213501,-0.33645880222320557,0.2964743673801422,0.0,0.0,-0.0013353294925764203,-0.21707019209861755,0.0,0.0,-0.4187240900419264,-0.39339894170784556,0.06557224690914154,0.00828796997666359,0.0,0.0,0.0,0.0
7.115683555603027,-0.33645880222320557,0.2964743673801422,0.0,0.0,-0.0013353294925764203,-0.21707019209861755,0.0,0.0,-0.418704943370105,-0.3935044122496884,0.06648777425289154,0.008917450904846191,0.0,0.0,0.0,0.0
7.117141962051392,-0.33645880222320557,0.2964743673801422,0.0,0.0,-0.0013353294925764203,-0.21707019209861755,0.0,0.0,-0.418704943370105,-0.3935044122496884,0.06648777425289154,0.008917450904846191,0.0,0.0,0.0,0.0
7.118943214416504,-0.34237587451934814,0.39587539434432983,0.0,0.0,-0.0013530680444091558,-0.217084601521492,0.0,0.0,-0.4188391573263693,-0.39360988279153125,0.06488576531410217,0.009575430303812027,0.0,0.0,0.0,0.0
7.120412826538086,-0.34237587451934814,0.39587539434432983,0.0,0.0,-0.0013530680444091558,-0.217084601521492,0.0,0.0,-0.4188391573263693,-0.39360988279153125,0.06488576531410217,0.009575430303812027,0.0,0.0,0.0,0.0
7.122326135635376,-0.34237587451934814,0.39587539434432983,0.0,0.0,-0.0013530680444091558,-0.217084601521492,0.0,0.0,-0.41893980609022285,-0.3937153533333741,0.06425628811120987,0.010204911231994629,0.0,0.0,0.0,0.0
7.123778820037842,-0.34237587451934814,0.39587539434432983,0.0,0.0,-0.0013530680444091558,-0.217084601521492,0.0,0.0,-0.41904050166745493,-0.3940796550451455,0.06901441514492035,0.008534286171197891,0.0,0.0,0.0,0.0
7.125192880630493,-0.34237587451934814,0.39587539434432983,0.0,0.0,-0.0013530680444091558,-0.217084601521492,0.0,0.0,-0.41904050166745493,-0.3940796550451455,0.06901441514492035,0.008534286171197891,0.0,0.0,0.0,0.0
7.126608848571777,-0.34237587451934814,0.39587539434432983,0.0,0.0,-0.0013530680444091558,-0.217084601521492,0.0,0.0,-0.4190932135316871,-0.3941803506223776,0.0699872151017189,0.008934997022151947,0.0,0.0,0.0,0.0
7.128591060638428,-0.33439329266548157,0.4507848024368286,0.0,0.0,-0.0013391564134508371,-0.2171032428741455,0.0,0.0,-0.41920345903814066,-0.39416115713717764,0.06804155558347702,0.0067032878287136555,0.0,0.0,0.0,0.0
7.129981994628906,-0.33439329266548157,0.4507848024368286,0.0,0.0,-0.0013391564134508371,-0.2171032428741455,0.0,0.0,-0.41920345903814066,-0.39416115713717764,0.06804155558347702,0.0067032878287136555,0.0,0.0,0.0,0.0
7.131452560424805,-0.33439329266548157,0.4507848024368286,0.0,0.0,-0.0013391564134508371,-0.2171032428741455,0.0,0.0,-0.4192993328373835,-0.39416115713717764,0.06744085252285004,0.0067032878287136555,0.0,0.0,0.0,0.0
7.132828950881958,-0.33439329266548157,0.4507848024368286,0.0,0.0,-0.0013391564134508371,-0.2171032428741455,0.0,0.0,-0.4192993328373835,-0.39416115713717764,0.06744085252285004,0.0067032878287136555,0.0,0.0,0.0,0.0
7.1343255043029785,-0.33439329266548157,0.4507848024368286,0.0,0.0,-0.0013391564134508371,-0.2171032428741455,0.0,0.0,-0.41931852632258354,-0.39416115713717764,0.07215902209281921,0.001385807991027832,0.0,0.0,0.0,0.0
7.135681867599487,-0.33439329266548157,0.4507848024368286,0.0,0.0,-0.0013391564134508371,-0.2171032428741455,0.0,0.0,-0.41931852632258354,-0.39416115713717764,0.07215902209281921,0.001385807991027832,0.0,0.0,0.0,0.0
7.137074708938599,-0.33439329266548157,0.4507848024368286,0.0,0.0,-0.0013391564134508371,-0.2171032428741455,0.0,0.0,-0.41931852632258354,-0.39416115713717764,0.0734749287366867,0.001385807991027832,0.0,0.0,0.0,0.0
7.138615846633911,-0.3369777798652649,0.5122194290161133,0.0,0.0,-0.0013435371220111847,-0.2171419858932495,0.0,0.0,-0.41931852632258354,-0.39416115713717764,0.0734749287366867,0.001385807991027832,0.0,0.0,0.0,0.0
7.141063690185547,-0.3369777798652649,0.5122194290161133,0.0,0.0,-0.0013435371220111847,-0.2171419858932495,0.0,0.0,-0.4194527402788478,-0.39433371125046335,0.07184414565563202,0.0032169187907129526,0.0,0.0,0.0,0.0
7.142574071884155,-0.3369777798652649,0.5122194290161133,0.0,0.0,-0.0013435371220111847,-0.2171419858932495,0.0,0.0,-0.41955821082069067,-0.3944344068276955,0.07655701041221619,-0.0014682860346511006,0.0,0.0,0.0,0.0
7.143960237503052,-0.3369777798652649,0.5122194290161133,0.0,0.0,-0.0013435371220111847,-0.2171419858932495,0.0,0.0,-0.41955821082069067,-0.3944344068276955,0.07655701041221619,-0.0014682860346511006,0.0,0.0,0.0,0.0
7.145586967468262,-0.3369777798652649,0.5122194290161133,0.0,0.0,-0.0013435371220111847,-0.2171419858932495,0.0,0.0,-0.41991773756785133,-0.39466449458320263,0.07272323966026306,0.0007916988688521087,0.0,0.0,0.0,0.0
7.147139549255371,-0.3369777798652649,0.5122194290161133,0.0,0.0,-0.0013435371220111847,-0.2171419858932495,0.0,0.0,-0.4199608526894835,-0.39478911179686693,0.07415363937616348,0.0019361081067472696,0.0,0.0,0.0,0.0
7.148464918136597,-0.35359683632850647,0.5408549308776855,0.0,0.0,-0.0013834983110427856,-0.2171977311372757,0.0,0.0,-0.4199608526894835,-0.39478911179686693,0.07415363937616348,0.0019361081067472696,0.0,0.0,0.0,0.0
7.149779558181763,-0.35359683632850647,0.5408549308776855,0.0,0.0,-0.0013834983110427856,-0.2171977311372757,0.0,0.0,-0.4199321092750621,-0.3947747400896562,0.07512643933296204,-0.0002668239176273346,0.0,0.0,0.0,0.0
7.151108980178833,-0.35359683632850647,0.5408549308776855,0.0,0.0,-0.0013834983110427856,-0.2171977311372757,0.0,0.0,-0.4199321092750621,-0.3947747400896562,0.07512643933296204,-0.0002668239176273346,0.0,0.0,0.0,0.0
7.1524128913879395,-0.35359683632850647,0.5408549308776855,0.0,0.0,-0.0013834983110427856,-0.2171977311372757,0.0,0.0,-0.4200519515241156,-0.39491377582390974,0.07886622846126556,-0.003921110183000565,0.0,0.0,0.0,0.0
7.153752565383911,-0.35359683632850647,0.5408549308776855,0.0,0.0,-0.0013834983110427856,-0.2171977311372757,0.0,0.0,-0.4200519515241156,-0.39491377582390974,0.07886622846126556,-0.003921110183000565,0.0,0.0,0.0,0.0
7.155055999755859,-0.35359683632850647,0.5408549308776855,0.0,0.0,-0.0013834983110427856,-0.2171977311372757,0.0,0.0,-0.4201478253233585,-0.39500482784516333,0.07829402387142181,-0.0033489055931568146,0.0,0.0,0.0,0.0
7.156354904174805,-0.35359683632850647,0.5408549308776855,0.0,0.0,-0.0013834983110427856,-0.2171977311372757,0.0,0.0,-0.4201478253233585,-0.39500482784516333,0.07829402387142181,-0.0033489055931568146,0.0,0.0,0.0,0.0
7.157834053039551,-0.3346101641654968,0.6323685050010681,0.0,0.0,-0.0013622897677123547,-0.21721802651882172,0.0,0.0,-0.42024369912260134,-0.39510552342239547,0.07772181928157806,-0.0027767010033130646,0.0,0.0,0.0,0.0
7.159120559692383,-0.3346101641654968,0.6323685050010681,0.0,0.0,-0.0013622897677123547,-0.21721802651882172,0.0,0.0,-0.42024369912260134,-0.39510552342239547,0.07772181928157806,-0.0027767010033130646,0.0,0.0,0.0,0.0
7.160391807556152,-0.3346101641654968,0.6323685050010681,0.0,0.0,-0.0013622897677123547,-0.21721802651882172,0.0,0.0,-0.42023892415799063,-0.3951822037364383,0.07858006656169891,-0.0022902712225914,0.0,0.0,0.0,0.0
7.161677122116089,-0.3346101641654968,0.6323685050010681,0.0,0.0,-0.0013622897677123547,-0.21721802651882172,0.0,0.0,-0.42023892415799063,-0.3951822037364383,0.07858006656169891,-0.0022902712225914,0.0,0.0,0.0,0.0
7.162959337234497,-0.3346101641654968,0.6323685050010681,0.0,0.0,-0.0013622897677123547,-0.21721802651882172,0.0,0.0,-0.42023892415799063,-0.39528289931367044,0.08388469368219376,-0.006993636954575777,0.0,0.0,0.0,0.0
7.164232492446899,-0.3346101641654968,0.6323685050010681,0.0,0.0,-0.0013622897677123547,-0.21721802651882172,0.0,0.0,-0.42023892415799063,-0.39528289931367044,0.08388469368219376,-0.006993636954575777,0.0,0.0,0.0,0.0
7.1655144691467285,-0.3346101641654968,0.6323685050010681,0.0,0.0,-0.0013622897677123547,-0.21721802651882172,0.0,0.0,-0.42023892415799063,-0.3953787731129133,0.08388469368219376,-0.006421432364732027,0.0,0.0,0.0,0.0
7.166982173919678,-0.3346101641654968,0.6323685050010681,0.0,0.0,-0.0013622897677123547,-0.21721802651882172,0.0,0.0,-0.4203875098214656,-0.3954698251341669,0.08216813206672668,-0.005877726245671511,0.0,0.0,0.0,0.0
7.168257713317871,-0.334342360496521,0.6426763534545898,0.0,0.0,-0.001352213672362268,-0.21728000044822693,0.0,0.0,-0.4203875098214656,-0.3954698251341669,0.08216813206672668,-0.005877726245671511,0.0,0.0,0.0,0.0
7.169570684432983,-0.334342360496521,0.6426763534545898,0.0,0.0,-0.001352213672362268,-0.21728000044822693,0.0,0.0,-0.4203875098214656,-0.3954698251341669,0.08216813206672668,-0.005877726245671511,0.0,0.0,0.0,0.0
7.171119213104248,-0.334342360496521,0.6426763534545898,0.0,0.0,-0.001352213672362268,-0.21728000044822693,0.0,0.0,-0.4205600639347513,-0.3955656989334097,0.08162470906972885,-0.005305521190166473,0.0,0.0,0.0,0.0
7.172421932220459,-0.334342360496521,0.6426763534545898,0.0,0.0,-0.001352213672362268,-0.21728000044822693,0.0,0.0,-0.4208572820750799,-0.395877288780949,0.08256052434444427,-0.0070144240744411945,0.0,0.0,0.0,0.0
7.174177408218384,-0.334342360496521,0.6426763534545898,0.0,0.0,-0.001352213672362268,-0.21728000044822693,0.0,0.0,-0.4208572820750799,-0.395877288780949,0.08256052434444427,-0.0070144240744411945,0.0,0.0,0.0,0.0
7.176112174987793,-0.334342360496521,0.6426763534545898,0.0,0.0,-0.001352213672362268,-0.21728000044822693,0.0,0.0,-0.4210250612237549,-0.39604988970761323,0.08284656703472137,-0.00695737125352025,0.0,0.0,0.0,0.0
7.177762985229492,-0.334342360496521,0.6426763534545898,0.0,0.0,-0.001352213672362268,-0.21728000044822693,0.0,0.0,-0.4212264055648406,-0.3963375111053418,0.08164487779140472,-0.003924574702978134,0.0,0.0,0.0,0.0
7.179609775543213,-0.34029489755630493,0.7292246222496033,0.0,0.0,-0.0013644332066178322,-0.21731193363666534,0.0,0.0,-0.4212264055648406,-0.3963375111053418,0.08164487779140472,-0.003924574702978134,0.0,0.0,0.0,0.0
7.181471586227417,-0.34029489755630493,0.7292246222496033,0.0,0.0,-0.0013644332066178322,-0.21731193363666534,0.0,0.0,-0.42137499122831557,-0.39655800211824893,0.08087262511253357,-0.003981795161962509,0.0,0.0,0.0,0.0
7.1830737590789795,-0.34029489755630493,0.7292246222496033,0.0,0.0,-0.0013644332066178322,-0.21731193363666534,0.0,0.0,-0.42149005851275845,-0.3966442791748918,0.08625458925962448,-0.00950625166296959,0.0,0.0,0.0,0.0
7.184658050537109,-0.34029489755630493,0.7292246222496033,0.0,0.0,-0.0013644332066178322,-0.21731193363666534,0.0,0.0,-0.42149005851275845,-0.3966442791748918,0.08625458925962448,-0.00950625166296959,0.0,0.0,0.0,0.0
7.186432361602783,-0.34029489755630493,0.7292246222496033,0.0,0.0,-0.0013644332066178322,-0.21731193363666534,0.0,0.0,-0.4214660900629477,-0.3968983353802097,0.08719861507415771,-0.0071602133102715015,0.0,0.0,0.0,0.0
7.188153505325317,-0.3486230969429016,0.8115624785423279,0.0,0.0,-0.0013848752714693546,-0.21733254194259644,0.0,0.0,-0.42161949750441197,-0.3969798374722418,0.08545328676700592,-0.007532034534960985,0.0,0.0,0.0,0.0
7.189481496810913,-0.3486230969429016,0.8115624785423279,0.0,0.0,-0.0013848752714693546,-0.21733254194259644,0.0,0.0,-0.42161949750441197,-0.3969798374722418,0.08545328676700592,-0.007532034534960985,0.0,0.0,0.0,0.0
7.190845966339111,-0.3486230969429016,0.8115624785423279,0.0,0.0,-0.0013848752714693546,-0.21733254194259644,0.0,0.0,-0.42171537130365483,-0.39692230383002036,0.08488108217716217,-0.008676666766405106,0.0,0.0,0.0,0.0
7.192225456237793,-0.3486230969429016,0.8115624785423279,0.0,0.0,-0.0013848752714693546,-0.21733254194259644,0.0,0.0,-0.42171537130365483,-0.39692230383002036,0.08488108217716217,-0.008676666766405106,0.0,0.0,0.0,0.0
7.193588972091675,-0.3486230969429016,0.8115624785423279,0.0,0.0,-0.0013848752714693546,-0.21733254194259644,0.0,0.0,-0.4218064233249084,-0.3970613395642739,0.0896766409277916,-0.012384598143398762,0.0,0.0,0.0,0.0
7.194977521896362,-0.3486230969429016,0.8115624785423279,0.0,0.0,-0.0013848752714693546,-0.21733254194259644,0.0,0.0,-0.4218064233249084,-0.3970613395642739,0.0896766409277916,-0.012384598143398762,0.0,0.0,0.0,0.0
7.196645736694336,-0.3486230969429016,0.8115624785423279,0.0,0.0,-0.0013848752714693546,-0.21733254194259644,0.0,0.0,-0.42177290494587627,-0.3971572133635168,0.09070644527673721,-0.011783615685999393,0.0,0.0,0.0,0.0
7.198343515396118,-0.3424093723297119,0.7999261617660522,0.0,0.0,-0.0013827176298946142,-0.2174006700515747,0.0,0.0,-0.42177290494587627,-0.39725786212737035,0.09070644527673721,-0.011182911694049835,0.0,0.0,0.0,0.0
7.199722766876221,-0.3424093723297119,0.7999261617660522,0.0,0.0,-0.0013827176298946142,-0.2174006700515747,0.0,0.0,-0.42177290494587627,-0.39725786212737035,0.09070644527673721,-0.011182911694049835,0.0,0.0,0.0,0.0
7.201103448867798,-0.3424093723297119,0.7999261617660522,0.0,0.0,-0.0013827176298946142,-0.2174006700515747,0.0,0.0,-0.42177290494587627,-0.3972291187129489,0.09070644527673721,-0.012184214778244495,0.0,0.0,0.0,0.0
7.202472686767578,-0.3424093723297119,0.7999261617660522,0.0,0.0,-0.0013827176298946142,-0.2174006700515747,0.0,0.0,-0.42177290494587627,-0.3972291187129489,0.09070644527673721,-0.012184214778244495,0.0,0.0,0.0,0.0
7.203825950622559,-0.3424093723297119,0.7999261617660522,0.0,0.0,-0.0013827176298946142,-0.2174006700515747,0.0,0.0,-0.421935862316562,-0.3973489609620025,0.09423444420099258,-0.015969816595315933,0.0,0.0,0.0,0.0
7.205167770385742,-0.3424093723297119,0.7999261617660522,0.0,0.0,-0.0013827176298946142,-0.2174006700515747,0.0,0.0,-0.421935862316562,-0.3973489609620025,0.09423444420099258,-0.015969816595315933,0.0,0.0,0.0,0.0
7.206482172012329,-0.3424093723297119,0.7999261617660522,0.0,0.0,-0.0013827176298946142,-0.2174006700515747,0.0,0.0,-0.4221899185218798,-0.3977276811943632,0.09366223961114883,-0.011220518499612808,0.0,0.0,0.0,0.0
7.208104848861694,-0.347403883934021,0.8550918102264404,0.0,0.0,-0.001397787593305111,-0.2174791395664215,0.0,0.0,-0.4221899185218798,-0.3977276811943632,0.09366223961114883,-0.011220518499612808,0.0,0.0,0.0,0.0
7.210253477096558,-0.347403883934021,0.8550918102264404,0.0,0.0,-0.001397787593305111,-0.2174791395664215,0.0,0.0,-0.4223960846409548,-0.3979002353076489,0.08934204280376434,-0.011907164938747883,0.0,0.0,0.0,0.0
7.212069988250732,-0.347403883934021,0.8550918102264404,0.0,0.0,-0.001397787593305111,-0.2174791395664215,0.0,0.0,-0.4226022039466512,-0.398288505469231,0.08942803740501404,-0.01004749909043312,0.0,0.0,0.0,0.0
7.2138707637786865,-0.347403883934021,0.8550918102264404,0.0,0.0,-0.001397787593305111,-0.2174791395664215,0.0,0.0,-0.42270767448849406,-0.398475478103106,0.09365111589431763,-0.01238163560628891,0.0,0.0,0.0,0.0
7.215637922286987,-0.347403883934021,0.8550918102264404,0.0,0.0,-0.001397787593305111,-0.2174791395664215,0.0,0.0,-0.42270767448849406,-0.398475478103106,0.09365111589431763,-0.01238163560628891,0.0,0.0,0.0,0.0
7.217251300811768,-0.347403883934021,0.8550918102264404,0.0,0.0,-0.001397787593305111,-0.2174791395664215,0.0,0.0,-0.42295690891582266,-0.398662450736981,0.09267853945493698,-0.012667961418628693,0.0,0.0,0.0,0.0
7.218942165374756,-0.3494299352169037,0.9112459421157837,0.0,0.0,-0.00140899489633739,-0.21752028167247772,0.0,0.0,-0.4231438815496976,-0.39908428609097385,0.09156262874603271,-0.008061658591032028,0.0,0.0,0.0,0.0
7.220855712890625,-0.3494299352169037,0.9112459421157837,0.0,0.0,-0.00140899489633739,-0.21752028167247772,0.0,0.0,-0.4231438815496976,-0.39908428609097385,0.09156262874603271,-0.008061658591032028,0.0,0.0,0.0,0.0
7.223142623901367,-0.3494299352169037,0.9112459421157837,0.0,0.0,-0.00140899489633739,-0.21752028167247772,0.0,0.0,-0.4233548226333833,-0.39921372508262737,0.09561164677143097,-0.014630165882408619,0.0,0.0,0.0,0.0
7.225406885147095,-0.3494299352169037,0.9112459421157837,0.0,0.0,-0.00140899489633739,-0.21752028167247772,0.0,0.0,-0.42350818326146905,-0.3994054726811131,0.09463878720998764,-0.013543033972382545,0.0,0.0,0.0,0.0
7.227357864379883,-0.3494299352169037,0.9112459421157837,0.0,0.0,-0.00140899489633739,-0.21752028167247772,0.0,0.0,-0.4236232505459119,-0.3997554026856738,0.09349437803030014,-0.01056751236319542,0.0,0.0,0.0,0.0
7.229578971862793,-0.3533145785331726,0.9838302135467529,0.0,0.0,-0.0014263662742450833,-0.2175435721874237,0.0,0.0,-0.42383419162959757,-0.3998656481921274,0.09269334375858307,-0.010853558778762817,0.0,0.0,0.0,0.0
7.231504678726196,-0.3533145785331726,0.9838302135467529,0.0,0.0,-0.0014263662742450833,-0.2175435721874237,0.0,0.0,-0.42383419162959757,-0.3998656481921274,0.09269334375858307,-0.010853558778762817,0.0,0.0,0.0,0.0
7.233072757720947,-0.3533145785331726,0.9838302135467529,0.0,0.0,-0.0014263662742450833,-0.2175435721874237,0.0,0.0,-0.4239396153580619,-0.4003402422237309,0.09823540598154068,-0.01167314127087593,0.0,0.0,0.0,0.0
7.235259532928467,-0.3533145785331726,0.9838302135467529,0.0,0.0,-0.0014263662742450833,-0.2175435721874237,0.0,0.0,-0.42403548915730477,-0.40041214757316307,0.0976347029209137,-0.014162120409309864,0.0,0.0,0.0,0.0
7.236748933792114,-0.3533145785331726,0.9838302135467529,0.0,0.0,-0.0014263662742450833,-0.2175435721874237,0.0,0.0,-0.42403548915730477,-0.40041214757316307,0.0976347029209137,-0.014162120409309864,0.0,0.0,0.0,0.0
7.238229274749756,-0.3670194447040558,0.9468643665313721,0.0,0.0,-0.0014656205894425511,-0.2176498919725418,0.0,0.0,-0.42442858109687615,-0.4008291611491666,0.09279962629079819,-0.008754841983318329,0.0,0.0,0.0,0.0
7.239870548248291,-0.3670194447040558,0.9468643665313721,0.0,0.0,-0.0014656205894425511,-0.2176498919725418,0.0,0.0,-0.4245772135737297,-0.4011599444819059,0.09357205033302307,-0.006666351575404406,0.0,0.0,0.0,0.0
7.241387128829956,-0.3670194447040558,0.9468643665313721,0.0,0.0,-0.0014656205894425511,-0.2176498919725418,0.0,0.0,-0.4245772135737297,-0.4011599444819059,0.09357205033302307,-0.006666351575404406,0.0,0.0,0.0,0.0
7.242767095565796,-0.3670194447040558,0.9468643665313721,0.0,0.0,-0.0014656205894425511,-0.2176498919725418,0.0,0.0,-0.424850416450869,-0.4016153450283094,0.09595536440610886,-0.009363926947116852,0.0,0.0,0.0,0.0
7.24414587020874,-0.3670194447040558,0.9468643665313721,0.0,0.0,-0.0014656205894425511,-0.2176498919725418,0.0,0.0,-0.424850416450869,-0.4016153450283094,0.09595536440610886,-0.009363926947116852,0.0,0.0,0.0,0.0
7.245821714401245,-0.3670194447040558,0.9468643665313721,0.0,0.0,-0.0014656205894425511,-0.2176498919725418,0.0,0.0,-0.42500864567032254,-0.4019940652606701,0.09638474136590958,-0.008477065712213516,0.0,0.0,0.0,0.0
7.2475361824035645,-0.3670194447040558,0.9468643665313721,0.0,0.0,-0.0014656205894425511,-0.2176498919725418,0.0,0.0,-0.4252099431980297,-0.4022768648804094,0.09518305212259293,-0.006245523225516081,0.0,0.0,0.0,0.0
7.2492356300354,-0.36586329340934753,0.9660516381263733,0.0,0.0,-0.0014803956728428602,-0.21774694323539734,0.0,0.0,-0.4252099431980297,-0.4022768648804094,0.09518305212259293,-0.006245523225516081,0.0,0.0,0.0,0.0
7.250972270965576,-0.36586329340934753,0.9660516381263733,0.0,0.0,-0.0014803956728428602,-0.21774694323539734,0.0,0.0,-0.4255694699451904,-0.40285210767586654,0.09260818362236023,-0.0010670158080756664,0.0,0.0,0.0,0.0
7.252563714981079,-0.36586329340934753,0.9660516381263733,0.0,0.0,-0.0014803956728428602,-0.21774694323539734,0.0,0.0,-0.42588105979272967,-0.4034273504713236,0.09568686038255692,-0.0017993706278502941,0.0,0.0,0.0,0.0
7.254026889801025,-0.36586329340934753,0.9660516381263733,0.0,0.0,-0.0014803956728428602,-0.21774694323539734,0.0,0.0,-0.42588105979272967,-0.4034273504713236,0.09568686038255692,-0.0017993706278502941,0.0,0.0,0.0,0.0
7.255430459976196,-0.36586329340934753,0.9660516381263733,0.0,0.0,-0.0014803956728428602,-0.21774694323539734,0.0,0.0,-0.4262837484749011,-0.40385878256791646,0.09239673614501953,-0.0005406322306953371,0.0,0.0,0.0,0.0
7.25681471824646,-0.36586329340934753,0.9660516381263733,0.0,0.0,-0.0014803956728428602,-0.21774694323539734,0.0,0.0,-0.4262837484749011,-0.40385878256791646,0.09239673614501953,-0.0005406322306953371,0.0,0.0,0.0,0.0
7.2582080364227295,-0.39047521352767944,0.9817237257957458,0.0,0.0,-0.001535758376121521,-0.21782323718070984,0.0,0.0,-0.4266720186364832,-0.4044628155911736,0.09019369632005692,0.0025492168497294188,0.0,0.0,0.0,0.0
7.259620666503906,-0.39047521352767944,0.9817237257957458,0.0,0.0,-0.001535758376121521,-0.21782323718070984,0.0,0.0,-0.4266720186364832,-0.4044628155911736,0.09019369632005692,0.0025492168497294188,0.0,0.0,0.0,0.0
7.261044263839722,-0.39047521352767944,0.9817237257957458,0.0,0.0,-0.001535758376121521,-0.21782323718070984,0.0,0.0,-0.42698360848402245,-0.40510996373606284,0.08776182681322098,0.008929410018026829,0.0,0.0,0.0,0.0
7.262446403503418,-0.39047521352767944,0.9817237257957458,0.0,0.0,-0.001535758376121521,-0.21782323718070984,0.0,0.0,-0.42698360848402245,-0.40510996373606284,0.08776182681322098,0.008929410018026829,0.0,0.0,0.0,0.0
7.26387882232666,-0.39047521352767944,0.9817237257957458,0.0,0.0,-0.001535758376121521,-0.21782323718070984,0.0,0.0,-0.4274438308084153,-0.4058433889375949,0.09210555255413055,0.007617082912474871,0.0,0.0,0.0,0.0
7.265686750411987,-0.39047521352767944,0.9817237257957458,0.0,0.0,-0.001535758376121521,-0.21782323718070984,0.0,0.0,-0.4278177292627867,-0.4066343477813485,0.08864360302686691,0.01316724345088005,0.0,0.0,0.0,0.0
7.267144441604614,-0.39047521352767944,0.9817237257957458,0.0,0.0,-0.001535758376121521,-0.21782323718070984,0.0,0.0,-0.4278177292627867,-0.4066343477813485,0.08864360302686691,0.01316724345088005,0.0,0.0,0.0,0.0
7.268548250198364,-0.39050188660621643,0.9409586787223816,0.0,0.0,-0.0015763225965201855,-0.2179456353187561,0.0,0.0,-0.42838819709363307,-0.4072335590266163,0.08624051511287689,0.013796893879771233,0.0,0.0,0.0,0.0
7.269999265670776,-0.39050188660621643,0.9409586787223816,0.0,0.0,-0.0015763225965201855,-0.2179456353187561,0.0,0.0,-0.42838819709363307,-0.4072335590266163,0.08624051511287689,0.013796893879771233,0.0,0.0,0.0,0.0
7.2717626094818115,-0.39050188660621643,0.9409586787223816,0.0,0.0,-0.0015763225965201855,-0.2179456353187561,0.0,0.0,-0.42882440415483664,-0.40807245476999127,0.08183448016643524,0.02195063978433609,0.0,0.0,0.0,0.0
7.273476839065552,-0.39050188660621643,0.9409586787223816,0.0,0.0,-0.0015763225965201855,-0.2179456353187561,0.0,0.0,-0.42936608175788304,-0.4087291996574805,0.08391766250133514,0.019725024700164795,0.0,0.0,0.0,0.0
7.274877309799194,-0.39050188660621643,0.9409586787223816,0.0,0.0,-0.0015763225965201855,-0.2179456353187561,0.0,0.0,-0.42936608175788304,-0.4087291996574805,0.08391766250133514,0.019725024700164795,0.0,0.0,0.0,0.0
7.276259899139404,-0.39050188660621643,0.9409586787223816,0.0,0.0,-0.0015763225965201855,-0.2179456353187561,0.0,0.0,-0.42974480199024373,-0.40937634780236976,0.08234404027462006,0.022042393684387207,0.0,0.0,0.0,0.0
7.277633190155029,-0.39050188660621643,0.9409586787223816,0.0,0.0,-0.0015763225965201855,-0.2179456353187561,0.0,0.0,-0.42974480199024373,-0.40937634780236976,0.08234404027462006,0.022042393684387207,0.0,0.0,0.0,0.0
7.279329538345337,-0.42382538318634033,0.8716449737548828,0.0,0.0,-0.001662653055973351,-0.21810457110404968,0.0,0.0,-0.43019538075865804,-0.40981732982818403,0.08016978204250336,0.0258477795869112,0.0,0.0,0.0,0.0
7.280751705169678,-0.42382538318634033,0.8716449737548828,0.0,0.0,-0.001662653055973351,-0.21810457110404968,0.0,0.0,-0.43019538075865804,-0.40981732982818403,0.08016978204250336,0.0258477795869112,0.0,0.0,0.0,0.0
7.2824952602386475,-0.42382538318634033,0.8716449737548828,0.0,0.0,-0.001662653055973351,-0.21810457110404968,0.0,0.0,-0.4305645042484187,-0.410359054244609,0.08288775384426117,0.022329110652208328,0.0,0.0,0.0,0.0
7.283920764923096,-0.42382538318634033,0.8716449737548828,0.0,0.0,-0.001662653055973351,-0.21810457110404968,0.0,0.0,-0.4305645042484187,-0.410359054244609,0.08288775384426117,0.022329110652208328,0.0,0.0,0.0,0.0
7.285738229751587,-0.42382538318634033,0.8716449737548828,0.0,0.0,-0.001662653055973351,-0.21810457110404968,0.0,0.0,-0.43094799944539014,-0.4106993875065697,0.08059893548488617,0.02367362566292286,0.0,0.0,0.0,0.0
7.28715968132019,-0.42382538318634033,0.8716449737548828,0.0,0.0,-0.001662653055973351,-0.21810457110404968,0.0,0.0,-0.43119250572148654,-0.4107425494415804,0.07994090020656586,0.02278665080666542,0.0,0.0,0.0,0.0
7.288595676422119,-0.45066937804222107,0.7563249468803406,0.0,0.0,-0.0017575311940163374,-0.21832716464996338,0.0,0.0,-0.43119250572148654,-0.4107425494415804,0.07994090020656586,0.02278665080666542,0.0,0.0,0.0,0.0
7.290010452270508,-0.45066937804222107,0.7563249468803406,0.0,0.0,-0.0017575311940163374,-0.21832716464996338,0.0,0.0,-0.43128837952072935,-0.4112027249525947,0.0796547383069992,0.025218745693564415,0.0,0.0,0.0,0.0
7.2914159297943115,-0.45066937804222107,0.7563249468803406,0.0,0.0,-0.0017575311940163374,-0.21832716464996338,0.0,0.0,-0.43128837952072935,-0.4112027249525947,0.0796547383069992,0.025218745693564415,0.0,0.0,0.0,0.0
7.293271780014038,-0.45066937804222107,0.7563249468803406,0.0,0.0,-0.0017575311940163374,-0.21832716464996338,0.0,0.0,-0.4315520324686472,-0.41138969758646965,0.08391274511814117,0.0208166241645813,0.0,0.0,0.0,0.0
7.2947609424591064,-0.45066937804222107,0.7563249468803406,0.0,0.0,-0.0017575311940163374,-0.21832716464996338,0.0,0.0,-0.4316334877473008,-0.41134176068684825,0.08419878780841827,0.01887129619717598,0.0,0.0,0.0,0.0
7.296204566955566,-0.45066937804222107,0.7563249468803406,0.0,0.0,-0.0017575311940163374,-0.21832716464996338,0.0,0.0,-0.4316334877473008,-0.41134176068684825,0.08419878780841827,0.01887129619717598,0.0,0.0,0.0,0.0
7.297637462615967,-0.45066937804222107,0.7563249468803406,0.0,0.0,-0.0017575311940163374,-0.21832716464996338,0.0,0.0,-0.43190196247320795,-0.41134176068684825,0.08176697790622711,0.01887129619717598,0.0,0.0,0.0,0.0
7.299657821655273,-0.4692147374153137,0.5759546756744385,0.0,0.0,-0.001864980673417449,-0.21859614551067352,0.0,0.0,-0.43190196247320795,-0.41134176068684825,0.08176697790622711,0.01887129619717598,0.0,0.0,0.0,0.0
7.302183628082275,-0.4692147374153137,0.5759546756744385,0.0,0.0,-0.001864980673417449,-0.21859614551067352,0.0,0.0,-0.4318923657306079,-0.41150471805753397,0.08222457021474838,0.020645130425691605,0.0,0.0,0.0,0.0
7.303642749786377,-0.4692147374153137,0.5759546756744385,0.0,0.0,-0.001864980673417449,-0.21859614551067352,0.0,0.0,-0.4318971406952187,-0.4116149635639875,0.08877106010913849,0.01601552590727806,0.0,0.0,0.0,0.0
7.305069923400879,-0.4692147374153137,0.5759546756744385,0.0,0.0,-0.001864980673417449,-0.21859614551067352,0.0,0.0,-0.4318971406952187,-0.4116149635639875,0.08877106010913849,0.01601552590727806,0.0,0.0,0.0,0.0
7.307353734970093,-0.4692147374153137,0.5759546756744385,0.0,0.0,-0.001864980673417449,-0.21859614551067352,0.0,0.0,-0.4318971406952187,-0.4117108373632304,0.08877106010913849,0.01658773049712181,0.0,0.0,0.0,0.0
7.309801340103149,-0.47622498869895935,0.543778121471405,0.0,0.0,-0.0019135349430143833,-0.21875442564487457,0.0,0.0,-0.4320122079796615,-0.4117923394552625,0.08725455403327942,0.01704566180706024,0.0,0.0,0.0,0.0
7.311895132064819,-0.47622498869895935,0.543778121471405,0.0,0.0,-0.0019135349430143833,-0.21875442564487457,0.0,0.0,-0.43210808177890436,-0.41188343828989465,0.08668234944343567,0.017646364867687225,0.0,0.0,0.0,0.0
7.313649654388428,-0.47622498869895935,0.543778121471405,0.0,0.0,-0.0019135349430143833,-0.21875442564487457,0.0,0.0,-0.43220873054275794,-0.4119889088317375,0.09140359610319138,0.012866726145148277,0.0,0.0,0.0,0.0
7.315404653549194,-0.47622498869895935,0.543778121471405,0.0,0.0,-0.0019135349430143833,-0.21875442564487457,0.0,0.0,-0.4324340433336543,-0.4120703641103911,0.08922910690307617,0.013438929803669453,0.0,0.0,0.0,0.0
7.317221641540527,-0.47622498869895935,0.543778121471405,0.0,0.0,-0.0019135349430143833,-0.21875442564487457,0.0,0.0,-0.4324340433336543,-0.4120703641103911,0.08922910690307617,0.013438929803669453,0.0,0.0,0.0,0.0
7.319343090057373,-0.4735386073589325,0.5664052367210388,0.0,0.0,-0.0019192742183804512,-0.21886764466762543,0.0,0.0,-0.4325299171328972,-0.4122429650370553,0.08819925040006638,0.013982356525957584,0.0,0.0,0.0,0.0
7.321079969406128,-0.4735386073589325,0.5664052367210388,0.0,0.0,-0.0019192742183804512,-0.21886764466762543,0.0,0.0,-0.43274085821658287,-0.41260249178421604,0.0873982161283493,0.018245279788970947,0.0,0.0,0.0,0.0
7.32274055480957,-0.4735386073589325,0.5664052367210388,0.0,0.0,-0.0019192742183804512,-0.21886764466762543,0.0,0.0,-0.43274085821658287,-0.41260249178421604,0.0873982161283493,0.018245279788970947,0.0,0.0,0.0,0.0
7.324520111083984,-0.4735386073589325,0.5664052367210388,0.0,0.0,-0.0019192742183804512,-0.21886764466762543,0.0,0.0,-0.4328463287584257,-0.4126168634914268,0.09293748438358307,0.011362731456756592,0.0,0.0,0.0,0.0
7.326374053955078,-0.4735386073589325,0.5664052367210388,0.0,0.0,-0.0019192742183804512,-0.21886764466762543,0.0,0.0,-0.4331051599283543,-0.41256892659180533,0.0905914455652237,0.010246876627206802,0.0,0.0,0.0,0.0
7.328585863113403,-0.4730144143104553,0.6524572968482971,0.0,0.0,-0.0019064032239839435,-0.21889977157115936,0.0,0.0,-0.4332825358196293,-0.4130147303956089,0.08947553485631943,0.014881622046232224,0.0,0.0,0.0,0.0
7.330931186676025,-0.4730144143104553,0.6524572968482971,0.0,0.0,-0.0019064032239839435,-0.21889977157115936,0.0,0.0,-0.43357975395995785,-0.4132112997720839,0.0868721753358841,0.015739984810352325,0.0,0.0,0.0,0.0
7.332926511764526,-0.4730144143104553,0.6524572968482971,0.0,0.0,-0.0019064032239839435,-0.21889977157115936,0.0,0.0,-0.43357975395995785,-0.4132112997720839,0.0868721753358841,0.015739984810352325,0.0,0.0,0.0,0.0
7.335549592971802,-0.4730144143104553,0.6524572968482971,0.0,0.0,-0.0019064032239839435,-0.21889977157115936,0.0,0.0,-0.43386255357969716,-0.41369544373290884,0.09181017428636551,0.014951417222619057,0.0,0.0,0.0,0.0
7.338841676712036,-0.4701017737388611,0.7039782404899597,0.0,0.0,-0.0019135758047923446,-0.21893814206123352,0.0,0.0,-0.43454808869498635,-0.414122100864891,0.0857163593173027,0.015895608812570572,0.0,0.0,0.0,0.0
7.34063720703125,-0.4701017737388611,0.7039782404899597,0.0,0.0,-0.0019135758047923446,-0.21893814206123352,0.0,0.0,-0.43454808869498635,-0.414122100864891,0.0857163593173027,0.015895608812570572,0.0,0.0,0.0,0.0
7.342389345169067,-0.4701017737388611,0.7039782404899597,0.0,0.0,-0.0019135758047923446,-0.21893814206123352,0.0,0.0,-0.4348021449003042,-0.41442409396983027,0.08625995367765427,0.01887112855911255,0.0,0.0,0.0,0.0
7.344154596328735,-0.4701017737388611,0.7039782404899597,0.0,0.0,-0.0019135758047923446,-0.21893814206123352,0.0,0.0,-0.4350945412626435,-0.41460624482571595,0.08989378809928894,0.013405066914856434,0.0,0.0,0.0,0.0
7.345925807952881,-0.4701017737388611,0.7039782404899597,0.0,0.0,-0.0019135758047923446,-0.21893814206123352,0.0,0.0,-0.4350945412626435,-0.41460624482571595,0.08989378809928894,0.013405066914856434,0.0,0.0,0.0,0.0
7.348156929016113,-0.4698505103588104,0.731070876121521,0.0,0.0,-0.00191315240226686,-0.2190091609954834,0.0,0.0,-0.4354732614950042,-0.4150376769223088,0.08540204167366028,0.018125642091035843,0.0,0.0,0.0,0.0
7.349802494049072,-0.4698505103588104,0.731070876121521,0.0,0.0,-0.00191315240226686,-0.2190091609954834,0.0,0.0,-0.43588072514178633,-0.4151814876211731,0.08319899439811707,0.016781017184257507,0.0,0.0,0.0,0.0
7.351640939712524,-0.4698505103588104,0.731070876121521,0.0,0.0,-0.00191315240226686,-0.2190091609954834,0.0,0.0,-0.4361155878619042,-0.4155985480105552,0.08779138326644897,0.015564411878585815,0.0,0.0,0.0,0.0
7.352984428405762,-0.4698505103588104,0.731070876121521,0.0,0.0,-0.00191315240226686,-0.2190091609954834,0.0,0.0,-0.4361155878619042,-0.4155985480105552,0.08779138326644897,0.015564411878585815,0.0,0.0,0.0,0.0
7.354535818099976,-0.4698505103588104,0.731070876121521,0.0,0.0,-0.00191315240226686,-0.2190091609954834,0.0,0.0,-0.43629296375317916,-0.41565125987478735,0.08753400295972824,0.014820770360529423,0.0,0.0,0.0,0.0
7.356148958206177,-0.4698505103588104,0.731070876121521,0.0,0.0,-0.00191315240226686,-0.2190091609954834,0.0,0.0,-0.43629296375317916,-0.41565125987478735,0.08753400295972824,0.014820770360529423,0.0,0.0,0.0,0.0
7.357691764831543,-0.4698505103588104,0.731070876121521,0.0,0.0,-0.00191315240226686,-0.2190091609954834,0.0,0.0,-0.43666208724293987,-0.41573276196681946,0.08633232116699219,0.013991017825901508,0.0,0.0,0.0,0.0
7.359561204910278,-0.481172114610672,0.6891980767250061,0.0,0.0,-0.0019210227765142918,-0.2191266268491745,0.0,0.0,-0.4370168390254898,-0.41590531608010517,0.0814971923828125,0.01453444454818964,0.0,0.0,0.0,0.0
7.361163139343262,-0.481172114610672,0.6891980767250061,0.0,0.0,-0.0019210227765142918,-0.2191266268491745,0.0,0.0,-0.4370168390254898,-0.41590531608010517,0.0814971923828125,0.01453444454818964,0.0,0.0,0.0,0.0
7.362764120101929,-0.481172114610672,0.6891980767250061,0.0,0.0,-0.0019210227765142918,-0.2191266268491745,0.0,0.0,-0.43717019965357556,-0.41645181546114085,0.08762872219085693,0.013867692090570927,0.0,0.0,0.0,0.0
7.364671230316162,-0.481172114610672,0.6891980767250061,0.0,0.0,-0.0019210227765142918,-0.2191266268491745,0.0,0.0,-0.4373571722874505,-0.4169359594219659,0.08645553886890411,0.019017420709133148,0.0,0.0,0.0,0.0
7.366322755813599,-0.481172114610672,0.6891980767250061,0.0,0.0,-0.0019210227765142918,-0.2191266268491745,0.0,0.0,-0.4373571722874505,-0.4169359594219659,0.08645553886890411,0.019017420709133148,0.0,0.0,0.0,0.0
7.368056058883667,-0.4652511775493622,0.6857273578643799,0.0,0.0,-0.001886845100671053,-0.21924714744091034,0.0,0.0,-0.43768313384220053,-0.41707977012083014,0.0837663933634758,0.01827377825975418,0.0,0.0,0.0,0.0
7.369331121444702,-0.4652511775493622,0.6857273578643799,0.0,0.0,-0.001886845100671053,-0.21924714744091034,0.0,0.0,-0.43809541926697193,-0.4174776838383908,0.08039022237062454,0.021563898772001266,0.0,0.0,0.0,0.0
7.370584487915039,-0.4652511775493622,0.6857273578643799,0.0,0.0,-0.001886845100671053,-0.21924714744091034,0.0,0.0,-0.43809541926697193,-0.4174776838383908,0.08039022237062454,0.021563898772001266,0.0,0.0,0.0,0.0
7.371814012527466,-0.4652511775493622,0.6857273578643799,0.0,0.0,-0.001886845100671053,-0.21924714744091034,0.0,0.0,-0.43838304066470046,-0.41748723376761226,0.08394386619329453,0.015149061568081379,0.0,0.0,0.0,0.0
7.373059272766113,-0.4652511775493622,0.6857273578643799,0.0,0.0,-0.001886845100671053,-0.21924714744091034,0.0,0.0,-0.43838304066470046,-0.41748723376761226,0.08394386619329453,0.015149061568081379,0.0,0.0,0.0,0.0
7.374334812164307,-0.4652511775493622,0.6857273578643799,0.0,0.0,-0.001886845100671053,-0.21924714744091034,0.0,0.0,-0.43865624354183974,-0.41770294981590866,0.08320005983114243,0.015864316374063492,0.0,0.0,0.0,0.0
7.375561952590942,-0.4652511775493622,0.6857273578643799,0.0,0.0,-0.001886845100671053,-0.21924714744091034,0.0,0.0,-0.43865624354183974,-0.41770294981590866,0.08320005983114243,0.015864316374063492,0.0,0.0,0.0,0.0
7.376777648925781,-0.4652511775493622,0.6857273578643799,0.0,0.0,-0.001886845100671053,-0.21924714744091034,0.0,0.0,-0.4387569391190719,-0.4179714245418158,0.08474501222372055,0.01843918114900589,0.0,0.0,0.0,0.0
7.377998113632202,-0.4610169231891632,0.6520488262176514,0.0,0.0,-0.0018710866570472717,-0.21937315165996552,0.0,0.0,-0.4387569391190719,-0.4179714245418158,0.08474501222372055,0.01843918114900589,0.0,0.0,0.0,0.0
7.379239320755005,-0.4610169231891632,0.6520488262176514,0.0,0.0,-0.0018710866570472717,-0.21937315165996552,0.0,0.0,-0.4389390899749576,-0.4181439786551015,0.08239897340536118,0.01855378970503807,0.0,0.0,0.0,0.0
7.380490779876709,-0.4610169231891632,0.6520488262176514,0.0,0.0,-0.0018710866570472717,-0.21937315165996552,0.0,0.0,-0.4389390899749576,-0.4181439786551015,0.08239897340536118,0.01855378970503807,0.0,0.0,0.0,0.0
7.381750106811523,-0.4610169231891632,0.6520488262176514,0.0,0.0,-0.0018710866570472717,-0.21937315165996552,0.0,0.0,-0.4389390899749576,-0.4181439786551015,0.08239897340536118,0.01855378970503807,0.0,0.0,0.0,0.0
7.383398771286011,-0.4610169231891632,0.6520488262176514,0.0,0.0,-0.0018710866570472717,-0.21937315165996552,0.0,0.0,-0.43926987330769685,-0.4183453229961872,0.08443638682365417,0.014398881234228611,0.0,0.0,0.0,0.0
7.3846986293792725,-0.4610169231891632,0.6520488262176514,0.0,0.0,-0.0018710866570472717,-0.21937315165996552,0.0,0.0,-0.43962940005485757,-0.41866650958632645,0.08269127458333969,0.017202571034431458,0.0,0.0,0.0,0.0
7.3860390186309814,-0.4610169231891632,0.6520488262176514,0.0,0.0,-0.0018710866570472717,-0.21937315165996552,0.0,0.0,-0.43962940005485757,-0.41866650958632645,0.08269127458333969,0.017202571034431458,0.0,0.0,0.0,0.0
7.387341260910034,-0.4610169231891632,0.6520488262176514,0.0,0.0,-0.0018710866570472717,-0.21937315165996552,0.0,0.0,-0.43962940005485757,-0.4187384149357586,0.08435077965259552,0.015915222465991974,0.0,0.0,0.0,0.0
7.3886399269104,-0.4752751886844635,0.6052483916282654,0.0,0.0,-0.0018964412156492472,-0.219504714012146,0.0,0.0,-0.43962940005485757,-0.4187384149357586,0.08435077965259552,0.015915222465991974,0.0,0.0,0.0,0.0
7.390061378479004,-0.4752751886844635,0.6052483916282654,0.0,0.0,-0.0018964412156492472,-0.219504714012146,0.0,0.0,-0.4397060803689004,-0.4187048497433479,0.08389285206794739,0.014942419715225697,0.0,0.0,0.0,0.0
7.391372442245483,-0.4752751886844635,0.6052483916282654,0.0,0.0,-0.0018964412156492472,-0.219504714012146,0.0,0.0,-0.4397060803689004,-0.4187048497433479,0.08389285206794739,0.014942419715225697,0.0,0.0,0.0,0.0
7.392986536026001,-0.4752751886844635,0.6052483916282654,0.0,0.0,-0.0018964412156492472,-0.219504714012146,0.0,0.0,-0.4397923574255433,-0.4187048497433479,0.08870546519756317,0.009614881128072739,0.0,0.0,0.0,0.0
7.394327640533447,-0.4752751886844635,0.6052483916282654,0.0,0.0,-0.0018964412156492472,-0.219504714012146,0.0,0.0,-0.4397923574255433,-0.4187048497433479,0.08870546519756317,0.009614881128072739,0.0,0.0,0.0,0.0
7.395685434341431,-0.4752751886844635,0.6052483916282654,0.0,0.0,-0.0018964412156492472,-0.219504714012146,0.0,0.0,-0.43989782796738613,-0.4187048497433479,0.08807598054409027,0.009614881128072739,0.0,0.0,0.0,0.0
7.397085905075073,-0.4752751886844635,0.6052483916282654,0.0,0.0,-0.0018964412156492472,-0.219504714012146,0.0,0.0,-0.43989782796738613,-0.4187048497433479,0.08807598054409027,0.009614881128072739,0.0,0.0,0.0,0.0
7.398397207260132,-0.4460716247558594,0.6170132160186768,0.0,0.0,-0.0018451121868565679,-0.2195936143398285,0.0,0.0,-0.4398738595175754,-0.4188390636996122,0.08904878795146942,0.011245664209127426,0.0,0.0,0.0,0.0
7.399768114089966,-0.4460716247558594,0.6170132160186768,0.0,0.0,-0.0018451121868565679,-0.2195936143398285,0.0,0.0,-0.4398738595175754,-0.4188390636996122,0.08904878795146942,0.011245664209127426,0.0,0.0,0.0,0.0
7.401070833206177,-0.4460716247558594,0.6170132160186768,0.0,0.0,-0.0018451121868565679,-0.2195936143398285,0.0,0.0,-0.4400080734738397,-0.4189397592768443,0.08741800487041473,0.011846368201076984,0.0,0.0,0.0,0.0
7.402330160140991,-0.4460716247558594,0.6170132160186768,0.0,0.0,-0.0018451121868565679,-0.2195936143398285,0.0,0.0,-0.4400080734738397,-0.4189397592768443,0.08741800487041473,0.011846368201076984,0.0,0.0,0.0,0.0
7.403698205947876,-0.4460716247558594,0.6170132160186768,0.0,0.0,-0.0018451121868565679,-0.2195936143398285,0.0,0.0,-0.44011354401568253,-0.4193232544738157,0.09217920154333115,0.010377187281847,0.0,0.0,0.0,0.0
7.405018329620361,-0.4460716247558594,0.6170132160186768,0.0,0.0,-0.0018451121868565679,-0.2195936143398285,0.0,0.0,-0.44011354401568253,-0.4193232544738157,0.09217920154333115,0.010377187281847,0.0,0.0,0.0,0.0
7.406919956207275,-0.4460716247558594,0.6170132160186768,0.0,0.0,-0.0018451121868565679,-0.2195936143398285,0.0,0.0,-0.44049703921265393,-0.4193472229236264,0.08808782696723938,0.008975286036729813,0.0,0.0,0.0,0.0
7.408977031707764,-0.44461342692375183,0.6281079649925232,0.0,0.0,-0.0018427916802465916,-0.21969151496887207,0.0,0.0,-0.44053060440506464,-0.41931843269582647,0.08960428088903427,0.007945206016302109,0.0,0.0,0.0,0.0
7.4106714725494385,-0.44461342692375183,0.6281079649925232,0.0,0.0,-0.0018427916802465916,-0.21969151496887207,0.0,0.0,-0.44048744247005395,-0.41945264665209075,0.09072013199329376,0.009575989097356796,0.0,0.0,0.0,0.0
7.412054538726807,-0.44461342692375183,0.6281079649925232,0.0,0.0,-0.0018427916802465916,-0.21969151496887207,0.0,0.0,-0.44048744247005395,-0.41945264665209075,0.09072013199329376,0.009575989097356796,0.0,0.0,0.0,0.0
7.4134814739227295,-0.44461342692375183,0.6281079649925232,0.0,0.0,-0.0018427916802465916,-0.21969151496887207,0.0,0.0,-0.44065522161872894,-0.4198984972692728,0.09420790523290634,0.009290836751461029,0.0,0.0,0.0,0.0
7.415036201477051,-0.44461342692375183,0.6281079649925232,0.0,0.0,-0.0018427916802465916,-0.21969151496887207,0.0,0.0,-0.44065522161872894,-0.4198984972692728,0.09420790523290634,0.009290836751461029,0.0,0.0,0.0,0.0
7.416476011276245,-0.44461342692375183,0.6281079649925232,0.0,0.0,-0.0018427916802465916,-0.21969151496887207,0.0,0.0,-0.4407606921605718,-0.419951209133505,0.09360720217227936,0.007202234119176865,0.0,0.0,0.0,0.0
7.417887449264526,-0.44461342692375183,0.6281079649925232,0.0,0.0,-0.0018427916802465916,-0.21969151496887207,0.0,0.0,-0.4407606921605718,-0.419951209133505,0.09360720217227936,0.007202234119176865,0.0,0.0,0.0,0.0
7.4201743602752686,-0.44154971837997437,0.708773672580719,0.0,0.0,-0.0018252891022711992,-0.2197411209344864,0.0,0.0,-0.4409860049514682,-0.419932015648305,0.09140421450138092,0.006286707241088152,0.0,0.0,0.0,0.0
7.421768426895142,-0.44154971837997437,0.708773672580719,0.0,0.0,-0.0018252891022711992,-0.2197411209344864,0.0,0.0,-0.44111062216513247,-0.419932015648305,0.09020252525806427,0.006286707241088152,0.0,0.0,0.0,0.0
7.423189878463745,-0.44154971837997437,0.708773672580719,0.0,0.0,-0.0018252891022711992,-0.2197411209344864,0.0,0.0,-0.44111062216513247,-0.419932015648305,0.09020252525806427,0.006286707241088152,0.0,0.0,0.0,0.0
7.424638748168945,-0.44154971837997437,0.708773672580719,0.0,0.0,-0.0018252891022711992,-0.2197411209344864,0.0,0.0,-0.44125925464198607,-0.42009979479698,0.09519534558057785,0.00269472599029541,0.0,0.0,0.0,0.0
7.42608904838562,-0.44154971837997437,0.708773672580719,0.0,0.0,-0.0018252891022711992,-0.2197411209344864,0.0,0.0,-0.44125925464198607,-0.42009979479698,0.09519534558057785,0.00269472599029541,0.0,0.0,0.0,0.0
7.427501916885376,-0.44154971837997437,0.708773672580719,0.0,0.0,-0.0018252891022711992,-0.2197411209344864,0.0,0.0,-0.44144618046248246,-0.42038264123009783,0.09488040953874588,0.00609934376552701,0.0,0.0,0.0,0.0
7.429131746292114,-0.4604042172431946,0.7331951260566711,0.0,0.0,-0.0018583216005936265,-0.21979354321956635,0.0,0.0,-0.4416858649605896,-0.42058876053579425,0.09259164333343506,0.006442778743803501,0.0,0.0,0.0,0.0
7.430517911911011,-0.4604042172431946,0.7331951260566711,0.0,0.0,-0.0018583216005936265,-0.21979354321956635,0.0,0.0,-0.4416858649605896,-0.42058876053579425,0.09259164333343506,0.006442778743803501,0.0,0.0,0.0,0.0
7.432082653045654,-0.4604042172431946,0.7331951260566711,0.0,0.0,-0.0018583216005936265,-0.21979354321956635,0.0,0.0,-0.441762592088011,-0.42072297449205853,0.09829128533601761,0.0020034429617226124,0.0,0.0,0.0,0.0
7.4334986209869385,-0.4604042172431946,0.7331951260566711,0.0,0.0,-0.0018583216005936265,-0.21979354321956635,0.0,0.0,-0.441762592088011,-0.42072297449205853,0.09829128533601761,0.0020034429617226124,0.0,0.0,0.0,0.0
7.435105323791504,-0.4604042172431946,0.7331951260566711,0.0,0.0,-0.0018583216005936265,-0.21979354321956635,0.0,0.0,-0.441930371236686,-0.42092431883314424,0.09648895263671875,0.0031478521414101124,0.0,0.0,0.0,0.0
7.436506032943726,-0.4604042172431946,0.7331951260566711,0.0,0.0,-0.0018583216005936265,-0.21979354321956635,0.0,0.0,-0.441930371236686,-0.42092431883314424,0.09648895263671875,0.0031478521414101124,0.0,0.0,0.0,0.0
7.438242673873901,-0.4643092751502991,0.7610369920730591,0.0,0.0,-0.0018625728553161025,-0.2198561728000641,0.0,0.0,-0.44208373186477173,-0.42113043813884066,0.09634584933519363,0.004320759791880846,0.0,0.0,0.0,0.0
7.439633369445801,-0.4643092751502991,0.7610369920730591,0.0,0.0,-0.0018625728553161025,-0.2198561728000641,0.0,0.0,-0.44208373186477173,-0.42113043813884066,0.09634584933519363,0.004320759791880846,0.0,0.0,0.0,0.0
7.441361665725708,-0.4643092751502991,0.7610369920730591,0.0,0.0,-0.0018625728553161025,-0.2198561728000641,0.0,0.0,-0.44216045899219314,-0.4212023434882728,0.09591669589281082,0.004034712910652161,0.0,0.0,0.0,0.0
7.442857980728149,-0.4643092751502991,0.7610369920730591,0.0,0.0,-0.0018625728553161025,-0.2198561728000641,0.0,0.0,-0.44225151101344673,-0.4212838455803049,0.10070890188217163,-0.0008720531477592885,0.0,0.0,0.0,0.0
7.444301605224609,-0.4643092751502991,0.7610369920730591,0.0,0.0,-0.0018625728553161025,-0.2198561728000641,0.0,0.0,-0.44225151101344673,-0.4212838455803049,0.10070890188217163,-0.0008720531477592885,0.0,0.0,0.0,0.0
7.445772171020508,-0.4643092751502991,0.7610369920730591,0.0,0.0,-0.0018625728553161025,-0.2198561728000641,0.0,0.0,-0.4426494247310074,-0.4217967797689299,0.0967605859041214,0.00459250109270215,0.0,0.0,0.0,0.0
7.44727087020874,-0.4643092751502991,0.7610369920730591,0.0,0.0,-0.0018625728553161025,-0.2198561728000641,0.0,0.0,-0.4426494247310074,-0.4217967797689299,0.0967605859041214,0.00459250109270215,0.0,0.0,0.0,0.0
7.449856519699097,-0.43830278515815735,0.828363299369812,0.0,0.0,-0.0018187056994065642,-0.2199016809463501,0.0,0.0,-0.4428027853590931,-0.4220220925598263,0.09670352935791016,0.005135983228683472,0.0,0.0,0.0,0.0
7.451968669891357,-0.43830278515815735,0.828363299369812,0.0,0.0,-0.0018187056994065642,-0.2199016809463501,0.0,0.0,-0.44299453295757885,-0.42229534225034415,0.09544456750154495,0.006852597463876009,0.0,0.0,0.0,0.0
7.453535795211792,-0.43830278515815735,0.828363299369812,0.0,0.0,-0.0018187056994065642,-0.2199016809463501,0.0,0.0,-0.4432006990766538,-0.42240076597880843,0.09957657009363174,0.0018053505336865783,0.0,0.0,0.0,0.0
7.455022811889648,-0.43830278515815735,0.828363299369812,0.0,0.0,-0.0018187056994065642,-0.2199016809463501,0.0,0.0,-0.4432006990766538,-0.42240076597880843,0.09957657009363174,0.0018053505336865783,0.0,0.0,0.0,0.0
7.456573486328125,-0.43830278515815735,0.828363299369812,0.0,0.0,-0.0018187056994065642,-0.2199016809463501,0.0,0.0,-0.44328697613329665,-0.42238639427159774,0.09986262023448944,-0.0003975816071033478,0.0,0.0,0.0,0.0
7.458221197128296,-0.43830278515815735,0.828363299369812,0.0,0.0,-0.0018187056994065642,-0.2199016809463501,0.0,0.0,-0.4433492847401288,-0.42251105829864055,0.09946195036172867,0.001147426781244576,0.0,0.0,0.0,0.0
7.460378170013428,-0.448775053024292,0.862277626991272,0.0,0.0,-0.0018323914846405387,-0.21996477246284485,0.0,0.0,-0.4433492847401288,-0.42251105829864055,0.09946195036172867,0.001147426781244576,0.0,0.0,0.0,0.0
7.4624342918396,-0.448775053024292,0.862277626991272,0.0,0.0,-0.0018323914846405387,-0.21996477246284485,0.0,0.0,-0.4434499335039824,-0.4226069320978834,0.09888974577188492,0.001776907709427178,0.0,0.0,0.0,0.0
7.463868141174316,-0.448775053024292,0.862277626991272,0.0,0.0,-0.0018323914846405387,-0.21996477246284485,0.0,0.0,-0.44354580730322524,-0.42305273590168696,0.10359089076519012,0.0007664974546059966,0.0,0.0,0.0,0.0
7.46531081199646,-0.448775053024292,0.862277626991272,0.0,0.0,-0.0018323914846405387,-0.21996477246284485,0.0,0.0,-0.44354580730322524,-0.42305273590168696,0.10359089076519012,0.0007664974546059966,0.0,0.0,0.0,0.0
7.466763257980347,-0.448775053024292,0.862277626991272,0.0,0.0,-0.0018323914846405387,-0.21996477246284485,0.0,0.0,-0.4435554040458252,-0.4230575108662977,0.10436335951089859,-0.0008927285089157522,0.0,0.0,0.0,0.0
7.468183279037476,-0.44614604115486145,0.9095009565353394,0.0,0.0,-0.001840802957303822,-0.22002354264259338,0.0,0.0,-0.4435554040458252,-0.4230575108662977,0.10436335951089859,-0.0008927285089157522,0.0,0.0,0.0,0.0
7.4699928760528564,-0.44614604115486145,0.9095009565353394,0.0,0.0,-0.001840802957303822,-0.22002354264259338,0.0,0.0,-0.44371358645190023,-0.4231486097009298,0.10256075859069824,-0.00032052391907200217,0.0,0.0,0.0,0.0
7.471484422683716,-0.44614604115486145,0.9095009565353394,0.0,0.0,-0.001840802957303822,-0.22002354264259338,0.0,0.0,-0.44381428202913237,-0.4236519471469548,0.10731608420610428,-0.000382438040105626,0.0,0.0,0.0,0.0
7.472874879837036,-0.44614604115486145,0.9095009565353394,0.0,0.0,-0.001840802957303822,-0.22002354264259338,0.0,0.0,-0.44381428202913237,-0.4236519471469548,0.10731608420610428,-0.000382438040105626,0.0,0.0,0.0,0.0
7.474239349365234,-0.44614604115486145,0.9095009565353394,0.0,0.0,-0.001840802957303822,-0.22002354264259338,0.0,0.0,-0.4440347730420395,-0.4236327536617548,0.10522763431072235,-0.0027571432292461395,0.0,0.0,0.0,0.0
7.475632429122925,-0.44614604115486145,0.9095009565353394,0.0,0.0,-0.001840802957303822,-0.22002354264259338,0.0,0.0,-0.4440347730420395,-0.4236327536617548,0.10522763431072235,-0.0027571432292461395,0.0,0.0,0.0,0.0
7.477339029312134,-0.44614604115486145,0.9095009565353394,0.0,0.0,-0.001840802957303822,-0.22002354264259338,0.0,0.0,-0.4442361173831252,-0.42369506226858694,0.10396867990493774,-0.003701169276610017,0.0,0.0,0.0,0.0
7.478691101074219,-0.45313572883605957,0.8756920695304871,0.0,0.0,-0.0018601947231218219,-0.2201392650604248,0.0,0.0,-0.4442361173831252,-0.42369506226858694,0.10396867990493774,-0.003701169276610017,0.0,0.0,0.0,0.0
7.480370044708252,-0.45313572883605957,0.8756920695304871,0.0,0.0,-0.0018601947231218219,-0.2201392650604248,0.0,0.0,-0.4444230900170002,-0.4238005328104298,0.10291033238172531,-0.0018130616517737508,0.0,0.0,0.0,0.0
7.481677055358887,-0.45313572883605957,0.8756920695304871,0.0,0.0,-0.0018601947231218219,-0.2201392650604248,0.0,0.0,-0.4445860473876859,-0.42427512684203333,0.10848675668239594,-0.00258458754979074,0.0,0.0,0.0,0.0
7.482999086380005,-0.45313572883605957,0.8756920695304871,0.0,0.0,-0.0018601947231218219,-0.2201392650604248,0.0,0.0,-0.4445860473876859,-0.42427512684203333,0.10848675668239594,-0.00258458754979074,0.0,0.0,0.0,0.0
7.484339952468872,-0.45313572883605957,0.8756920695304871,0.0,0.0,-0.0018601947231218219,-0.2201392650604248,0.0,0.0,-0.4447873917287716,-0.4245483765325512,0.10594066232442856,-0.0010395233985036612,0.0,0.0,0.0,0.0
7.4856531620025635,-0.45313572883605957,0.8756920695304871,0.0,0.0,-0.0018601947231218219,-0.2201392650604248,0.0,0.0,-0.4447873917287716,-0.4245483765325512,0.10594066232442856,-0.0010395233985036612,0.0,0.0,0.0,0.0
7.486980199813843,-0.45313572883605957,0.8756920695304871,0.0,0.0,-0.0018601947231218219,-0.2201392650604248,0.0,0.0,-0.4449743643626466,-0.4251715562276297,0.10488203167915344,0.0057409899309277534,0.0,0.0,0.0,0.0
7.488382339477539,-0.46600833535194397,0.9209679365158081,0.0,0.0,-0.0018944760086014867,-0.22019486129283905,0.0,0.0,-0.4449743643626466,-0.4251715562276297,0.10488203167915344,0.0057409899309277534,0.0,0.0,0.0,0.0
7.4898858070373535,-0.46600833535194397,0.9209679365158081,0.0,0.0,-0.0018944760086014867,-0.22019486129283905,0.0,0.0,-0.4453146976246073,-0.42551666445420117,0.10210684686899185,0.005769600160419941,0.0,0.0,0.0,0.0
7.491223335266113,-0.46600833535194397,0.9209679365158081,0.0,0.0,-0.0018944760086014867,-0.22019486129283905,0.0,0.0,-0.4453146976246073,-0.42551666445420117,0.10210684686899185,0.005769600160419941,0.0,0.0,0.0,0.0
7.4925477504730225,-0.46600833535194397,0.9209679365158081,0.0,0.0,-0.0018944760086014867,-0.22019486129283905,0.0,0.0,-0.44576050142841084,-0.4257084120526869,0.10398081690073013,0.0006337842205539346,0.0,0.0,0.0,0.0
7.4938952922821045,-0.46600833535194397,0.9209679365158081,0.0,0.0,-0.0018944760086014867,-0.22019486129283905,0.0,0.0,-0.44576050142841084,-0.4257084120526869,0.10398081690073013,0.0006337842205539346,0.0,0.0,0.0,0.0
7.495717525482178,-0.46600833535194397,0.9209679365158081,0.0,0.0,-0.0018944760086014867,-0.22019486129283905,0.0,0.0,-0.4459426522842966,-0.42623094298391184,0.1036088764667511,0.004066956229507923,0.0,0.0,0.0,0.0
7.497519493103027,-0.46600833535194397,0.9209679365158081,0.0,0.0,-0.0018944760086014867,-0.22019486129283905,0.0,0.0,-0.44609605972576083,-0.42672950546532606,0.10358032584190369,0.009531565010547638,0.0,0.0,0.0,0.0
7.499813795089722,-0.4568727910518646,0.9669673442840576,0.0,0.0,-0.0019050217233598232,-0.22025471925735474,0.0,0.0,-0.44645558647292155,-0.42690205957861177,0.10232136398553848,0.007757564075291157,0.0,0.0,0.0,0.0
7.501893758773804,-0.4568727910518646,0.9669673442840576,0.0,0.0,-0.0019050217233598232,-0.22025471925735474,0.0,0.0,-0.4467336111280501,-0.42732389493260464,0.10427886992692947,0.006257147528231144,0.0,0.0,0.0,0.0
7.503494024276733,-0.4568727910518646,0.9669673442840576,0.0,0.0,-0.0019050217233598232,-0.22025471925735474,0.0,0.0,-0.4467336111280501,-0.42732389493260464,0.10427886992692947,0.006257147528231144,0.0,0.0,0.0,0.0
7.505280256271362,-0.4568727910518646,0.9669673442840576,0.0,0.0,-0.0019050217233598232,-0.22025471925735474,0.0,0.0,-0.4469685206615465,-0.4278703943136403,0.10373511165380478,0.00983336940407753,0.0,0.0,0.0,0.0
7.506746292114258,-0.4568727910518646,0.9669673442840576,0.0,0.0,-0.0019050217233598232,-0.22025471925735474,0.0,0.0,-0.4469685206615465,-0.4278703943136403,0.10373511165380478,0.00983336940407753,0.0,0.0,0.0,0.0
7.508184432983398,-0.4677041471004486,0.9582004547119141,0.0,0.0,-0.0019238501554355025,-0.22034808993339539,0.0,0.0,-0.44716986500263217,-0.42846000881630814,0.10247642546892166,0.013209321536123753,0.0,0.0,0.0,0.0
7.509768486022949,-0.4677041471004486,0.9582004547119141,0.0,0.0,-0.0019238501554355025,-0.22034808993339539,0.0,0.0,-0.44716986500263217,-0.42846000881630814,0.10247642546892166,0.013209321536123753,0.0,0.0,0.0,0.0
7.511656045913696,-0.4677041471004486,0.9582004547119141,0.0,0.0,-0.0019238501554355025,-0.22034808993339539,0.0,0.0,-0.4475437634570036,-0.4286900965718153,0.0994151309132576,0.013066381216049194,0.0,0.0,0.0,0.0
7.513239622116089,-0.4677041471004486,0.9582004547119141,0.0,0.0,-0.0019238501554355025,-0.22034808993339539,0.0,0.0,-0.44784575656194286,-0.42921262750304023,0.1029483824968338,0.0129100875928998,0.0,0.0,0.0,0.0
7.514825344085693,-0.4677041471004486,0.9582004547119141,0.0,0.0,-0.0019238501554355025,-0.22034808993339539,0.0,0.0,-0.44784575656194286,-0.42921262750304023,0.1029483824968338,0.0129100875928998,0.0,0.0,0.0,0.0
7.516306638717651,-0.4677041471004486,0.9582004547119141,0.0,0.0,-0.0019238501554355025,-0.22034808993339539,0.0,0.0,-0.44822447679430355,-0.42977349859128666,0.1007741242647171,0.017144568264484406,0.0,0.0,0.0,0.0
7.5177903175354,-0.4677041471004486,0.9582004547119141,0.0,0.0,-0.0019238501554355025,-0.22034808993339539,0.0,0.0,-0.44822447679430355,-0.42977349859128666,0.1007741242647171,0.017144568264484406,0.0,0.0,0.0,0.0
7.520164728164673,-0.4663422405719757,0.9259052872657776,0.0,0.0,-0.001945446478202939,-0.2204674780368805,0.0,0.0,-0.4484977264848214,-0.4303008044871223,0.09905750304460526,0.017373505979776382,0.0,0.0,0.0,0.0
7.52189564704895,-0.4663422405719757,0.9259052872657776,0.0,0.0,-0.001945446478202939,-0.2204674780368805,0.0,0.0,-0.4488284630041821,-0.43054048898522945,0.09708328545093536,0.01868952065706253,0.0,0.0,0.0,0.0
7.524147272109985,-0.4663422405719757,0.9259052872657776,0.0,0.0,-0.001945446478202939,-0.2204674780368805,0.0,0.0,-0.4492071832365428,-0.43106779488106517,0.10057713836431503,0.017455928027629852,0.0,0.0,0.0,0.0
7.525833368301392,-0.4663422405719757,0.9259052872657776,0.0,0.0,-0.001945446478202939,-0.2204674780368805,0.0,0.0,-0.4492071832365428,-0.43106779488106517,0.10057713836431503,0.017455928027629852,0.0,0.0,0.0,0.0
7.527463912963867,-0.4663422405719757,0.9259052872657776,0.0,0.0,-0.001945446478202939,-0.2204674780368805,0.0,0.0,-0.4494133025422392,-0.4315663105491009,0.09883203357458115,0.021404027938842773,0.0,0.0,0.0,0.0
7.530153036117554,-0.4930049479007721,0.8788917660713196,0.0,0.0,-0.002017576713114977,-0.22061194479465485,0.0,0.0,-0.4496961489753571,-0.43216074682975797,0.09682931751012802,0.025638509541749954,0.0,0.0,0.0,0.0
7.532025337219238,-0.4930049479007721,0.8788917660713196,0.0,0.0,-0.002017576713114977,-0.22061194479465485,0.0,0.0,-0.450031707272707,-0.4323333009430437,0.10057713836431503,0.017482861876487732,0.0,0.0,0.0,0.0
7.533521890640259,-0.4930049479007721,0.8788917660713196,0.0,0.0,-0.002017576713114977,-0.22061194479465485,0.0,0.0,-0.450031707272707,-0.4323333009430437,0.10057713836431503,0.017482861876487732,0.0,0.0,0.0,0.0
7.534961700439453,-0.4930049479007721,0.8788917660713196,0.0,0.0,-0.002017576713114977,-0.22061194479465485,0.0,0.0,-0.4503193286704356,-0.4327791047468472,0.09886051714420319,0.022174939513206482,0.0,0.0,0.0,0.0
7.536407709121704,-0.4930049479007721,0.8788917660713196,0.0,0.0,-0.002017576713114977,-0.22061194479465485,0.0,0.0,-0.4503193286704356,-0.4327791047468472,0.09886051714420319,0.022174939513206482,0.0,0.0,0.0,0.0
7.538038730621338,-0.5170652866363525,0.8081984519958496,0.0,0.0,-0.0021048621274530888,-0.22077934443950653,0.0,0.0,-0.45047268929852136,-0.43291336551649007,0.09883197396993637,0.02143101766705513,0.0,0.0,0.0,0.0
7.539429426193237,-0.5170652866363525,0.8081984519958496,0.0,0.0,-0.0021048621274530888,-0.22077934443950653,0.0,0.0,-0.45047268929852136,-0.43291336551649007,0.09883197396993637,0.02143101766705513,0.0,0.0,0.0,0.0
7.5408103466033936,-0.5170652866363525,0.8081984519958496,0.0,0.0,-0.0021048621274530888,-0.22077934443950653,0.0,0.0,-0.450664436897007,-0.4331146630441972,0.09763028472661972,0.022632703185081482,0.0,0.0,0.0,0.0
7.542179346084595,-0.5170652866363525,0.8081984519958496,0.0,0.0,-0.0021048621274530888,-0.22077934443950653,0.0,0.0,-0.450664436897007,-0.4331146630441972,0.09763028472661972,0.022632703185081482,0.0,0.0,0.0,0.0
7.5435590744018555,-0.5170652866363525,0.8081984519958496,0.0,0.0,-0.0021048621274530888,-0.22077934443950653,0.0,0.0,-0.450861006273482,-0.4335029800191579,0.1017879918217659,0.020422060042619705,0.0,0.0,0.0,0.0
7.544960260391235,-0.5170652866363525,0.8081984519958496,0.0,0.0,-0.0021048621274530888,-0.22077934443950653,0.0,0.0,-0.4509472833301249,-0.4336132255256115,0.10207432508468628,0.020336341112852097,0.0,0.0,0.0,0.0
7.546407699584961,-0.5170652866363525,0.8081984519958496,0.0,0.0,-0.0021048621274530888,-0.22077934443950653,0.0,0.0,-0.4509472833301249,-0.4336132255256115,0.10207432508468628,0.020336341112852097,0.0,0.0,0.0,0.0
7.547950744628906,-0.5268809199333191,0.746813178062439,0.0,0.0,-0.002161105163395405,-0.22095908224582672,0.0,0.0,-0.45091853991570346,-0.4337474394818758,0.10304684191942215,0.021595023572444916,0.0,0.0,0.0,0.0
7.5493621826171875,-0.5268809199333191,0.746813178062439,0.0,0.0,-0.002161105163395405,-0.22095908224582672,0.0,0.0,-0.45091853991570346,-0.4337474394818758,0.10304684191942215,0.021595023572444916,0.0,0.0,0.0,0.0
7.550779819488525,-0.5268809199333191,0.746813178062439,0.0,0.0,-0.002161105163395405,-0.22095908224582672,0.0,0.0,-0.451009591936957,-0.4337378427392758,0.1016736701130867,0.01942059025168419,0.0,0.0,0.0,0.0
7.552262783050537,-0.5268809199333191,0.746813178062439,0.0,0.0,-0.002161105163395405,-0.22095908224582672,0.0,0.0,-0.451009591936957,-0.4337378427392758,0.1016736701130867,0.01942059025168419,0.0,0.0,0.0,0.0
7.5536885261535645,-0.5268809199333191,0.746813178062439,0.0,0.0,-0.002161105163395405,-0.22095908224582672,0.0,0.0,-0.45110546573619986,-0.4337378427392758,0.10644884407520294,0.01410143543034792,0.0,0.0,0.0,0.0
7.5551371574401855,-0.5268809199333191,0.746813178062439,0.0,0.0,-0.002161105163395405,-0.22095908224582672,0.0,0.0,-0.45110546573619986,-0.4337378427392758,0.10644884407520294,0.01410143543034792,0.0,0.0,0.0,0.0
7.557014226913452,-0.5268809199333191,0.746813178062439,0.0,0.0,-0.002161105163395405,-0.22095908224582672,0.0,0.0,-0.4512013395354427,-0.4337378427392758,0.10584812611341476,0.01410143543034792,0.0,0.0,0.0,0.0
7.558470249176025,-0.5404298901557922,0.6897699236869812,0.0,0.0,-0.0022288672626018524,-0.22111664712429047,0.0,0.0,-0.45122530798525345,-0.4338672817309293,0.10527592152357101,0.0157037191092968,0.0,0.0,0.0,0.0
7.559969663619995,-0.5404298901557922,0.6897699236869812,0.0,0.0,-0.0022288672626018524,-0.22111664712429047,0.0,0.0,-0.45122530798525345,-0.4338672817309293,0.10527592152357101,0.0157037191092968,0.0,0.0,0.0,0.0
7.561963319778442,-0.5404298901557922,0.6897699236869812,0.0,0.0,-0.0022288672626018524,-0.22111664712429047,0.0,0.0,-0.45122530798525345,-0.43397275227277216,0.10653483122587204,0.0163332000374794,0.0,0.0,0.0,0.0
7.563616991043091,-0.5404298901557922,0.6897699236869812,0.0,0.0,-0.0022288672626018524,-0.22111664712429047,0.0,0.0,-0.45122530798525345,-0.43407340103662573,0.11190791428089142,0.011530928313732147,0.0,0.0,0.0,0.0
7.565089702606201,-0.5404298901557922,0.6897699236869812,0.0,0.0,-0.0022288672626018524,-0.22111664712429047,0.0,0.0,-0.45122530798525345,-0.43407340103662573,0.11190791428089142,0.011530928313732147,0.0,0.0,0.0,0.0
7.566970109939575,-0.5404298901557922,0.6897699236869812,0.0,0.0,-0.0022288672626018524,-0.22111664712429047,0.0,0.0,-0.45138349039132847,-0.4340446576222043,0.11010529100894928,0.010558124631643295,0.0,0.0,0.0,0.0
7.568418979644775,-0.545076310634613,0.7316735982894897,0.0,0.0,-0.0022497267927974463,-0.22118735313415527,0.0,0.0,-0.45148418596856055,-0.4341213379362472,0.10953308641910553,0.010558124631643295,0.0,0.0,0.0,0.0
7.569860458374023,-0.545076310634613,0.7316735982894897,0.0,0.0,-0.0022497267927974463,-0.22118735313415527,0.0,0.0,-0.45148418596856055,-0.4341213379362472,0.10953308641910553,0.010558124631643295,0.0,0.0,0.0,0.0
7.571301698684692,-0.545076310634613,0.7316735982894897,0.0,0.0,-0.0022497267927974463,-0.22118735313415527,0.0,0.0,-0.4517046769814677,-0.43421721173549005,0.1074446514248848,0.01241773460060358,0.0,0.0,0.0,0.0
7.572742938995361,-0.545076310634613,0.7316735982894897,0.0,0.0,-0.0022497267927974463,-0.22118735313415527,0.0,0.0,-0.4517046769814677,-0.43421721173549005,0.1074446514248848,0.01241773460060358,0.0,0.0,0.0,0.0
7.574172019958496,-0.545076310634613,0.7316735982894897,0.0,0.0,-0.0022497267927974463,-0.22118735313415527,0.0,0.0,-0.45189642457995344,-0.4345767384826507,0.11158782988786697,0.010879822075366974,0.0,0.0,0.0,0.0
7.575636148452759,-0.545076310634613,0.7316735982894897,0.0,0.0,-0.0022497267927974463,-0.22118735313415527,0.0,0.0,-0.45189642457995344,-0.4345767384826507,0.11158782988786697,0.010879822075366974,0.0,0.0,0.0,0.0
7.57708477973938,-0.545076310634613,0.7316735982894897,0.0,0.0,-0.0022497267927974463,-0.22118735313415527,0.0,0.0,-0.451838890937732,-0.4346726122818936,0.11359071731567383,0.011051427572965622,0.0,0.0,0.0,0.0
7.578806400299072,-0.5365139842033386,0.8296030163764954,0.0,0.0,-0.0022489975672215223,-0.2212142050266266,0.0,0.0,-0.45195873318678553,-0.4346582405746829,0.11207421123981476,0.008876994252204895,0.0,0.0,0.0,0.0
7.580304861068726,-0.5365139842033386,0.8296030163764954,0.0,0.0,-0.0022489975672215223,-0.2212142050266266,0.0,0.0,-0.45195873318678553,-0.4346582405746829,0.11207421123981476,0.008876994252204895,0.0,0.0,0.0,0.0
7.58174729347229,-0.5365139842033386,0.8296030163764954,0.0,0.0,-0.0022489975672215223,-0.2212142050266266,0.0,0.0,-0.4520546069860284,-0.43481164801614713,0.11676974594593048,0.005297306925058365,0.0,0.0,0.0,0.0
7.583198547363281,-0.5365139842033386,0.8296030163764954,0.0,0.0,-0.0022489975672215223,-0.2212142050266266,0.0,0.0,-0.4520546069860284,-0.43481164801614713,0.11676974594593048,0.005297306925058365,0.0,0.0,0.0,0.0
7.584686994552612,-0.5365139842033386,0.8296030163764954,0.0,0.0,-0.0022489975672215223,-0.2212142050266266,0.0,0.0,-0.45236142186895695,-0.4353245822047721,0.11336514353752136,0.010876413434743881,0.0,0.0,0.0,0.0
7.586206436157227,-0.5365139842033386,0.8296030163764954,0.0,0.0,-0.0022489975672215223,-0.2212142050266266,0.0,0.0,-0.45236142186895695,-0.4353245822047721,0.11336514353752136,0.010876413434743881,0.0,0.0,0.0,0.0
7.588089227676392,-0.5486804246902466,0.9014642834663391,0.0,0.0,-0.002273046411573887,-0.22123949229717255,0.0,0.0,-0.4524572956681998,-0.43531021049756136,0.11307897418737411,0.008301381021738052,0.0,0.0,0.0,0.0
7.5895092487335205,-0.5486804246902466,0.9014642834663391,0.0,0.0,-0.002273046411573887,-0.22123949229717255,0.0,0.0,-0.4526826084590962,-0.43540126251881495,0.1121348887681961,0.008787810802459717,0.0,0.0,0.0,0.0
7.590931177139282,-0.5486804246902466,0.9014642834663391,0.0,0.0,-0.002273046411573887,-0.22123949229717255,0.0,0.0,-0.4526826084590962,-0.43540126251881495,0.1121348887681961,0.008787810802459717,0.0,0.0,0.0,0.0
7.592343091964722,-0.5486804246902466,0.9014642834663391,0.0,0.0,-0.002273046411573887,-0.22123949229717255,0.0,0.0,-0.4527928539655498,-0.4356841089519328,0.1177227720618248,0.006860700435936451,0.0,0.0,0.0,0.0
7.593742609024048,-0.5486804246902466,0.9014642834663391,0.0,0.0,-0.002273046411573887,-0.22123949229717255,0.0,0.0,-0.4527928539655498,-0.4356841089519328,0.1177227720618248,0.006860700435936451,0.0,0.0,0.0,0.0
7.595180034637451,-0.5486804246902466,0.9014642834663391,0.0,0.0,-0.002273046411573887,-0.22123949229717255,0.0,0.0,-0.45285516257238195,-0.43611071927053635,0.11732211709022522,0.010236874222755432,0.0,0.0,0.0,0.0
7.5971269607543945,-0.5486804246902466,0.9014642834663391,0.0,0.0,-0.002273046411573887,-0.22123949229717255,0.0,0.0,-0.45295585814961403,-0.4362497550047899,0.11672141402959824,0.009407177567481995,0.0,0.0,0.0,0.0
7.5985565185546875,-0.5441712141036987,0.904373288154602,0.0,0.0,-0.00225525489076972,-0.2213054597377777,0.0,0.0,-0.45295585814961403,-0.4362497550047899,0.11672141402959824,0.009407177567481995,0.0,0.0,0.0,0.0
7.599963188171387,-0.5441712141036987,0.904373288154602,0.0,0.0,-0.00225525489076972,-0.2213054597377777,0.0,0.0,-0.4530517319488569,-0.43627372345460064,0.11614920943975449,0.007404294330626726,0.0,0.0,0.0,0.0
7.601388931274414,-0.5441712141036987,0.904373288154602,0.0,0.0,-0.00225525489076972,-0.2213054597377777,0.0,0.0,-0.4530517319488569,-0.43627372345460064,0.11614920943975449,0.007404294330626726,0.0,0.0,0.0,0.0
7.603170156478882,-0.5441712141036987,0.904373288154602,0.0,0.0,-0.00225525489076972,-0.2213054597377777,0.0,0.0,-0.45326744799715335,-0.4363743722184542,0.11945369094610214,0.00392938032746315,0.0,0.0,0.0,0.0
7.604720592498779,-0.5441712141036987,0.904373288154602,0.0,0.0,-0.00225525489076972,-0.2213054597377777,0.0,0.0,-0.4533872902462069,-0.43647506779568634,0.11819473654031754,0.004530083388090134,0.0,0.0,0.0,0.0
7.606128454208374,-0.5441712141036987,0.904373288154602,0.0,0.0,-0.00225525489076972,-0.2213054597377777,0.0,0.0,-0.4533872902462069,-0.43647506779568634,0.11819473654031754,0.004530083388090134,0.0,0.0,0.0,0.0
7.607556581497192,-0.5441712141036987,0.904373288154602,0.0,0.0,-0.00225525489076972,-0.2213054597377777,0.0,0.0,-0.45337287172561763,-0.4365709415949292,0.12042643129825592,0.005102287977933884,0.0,0.0,0.0,0.0
7.609322786331177,-0.551721453666687,0.9204727411270142,0.0,0.0,-0.0022871927358210087,-0.2213730663061142,0.0,0.0,-0.45337287172561763,-0.4365709415949292,0.12042643129825592,0.005102287977933884,0.0,0.0,0.0,0.0
7.611475229263306,-0.551721453666687,0.9204727411270142,0.0,0.0,-0.0022871927358210087,-0.2213730663061142,0.0,0.0,-0.45337287172561763,-0.4366284752371506,0.12042643129825592,0.005474165081977844,0.0,0.0,0.0,0.0
7.613306522369385,-0.551721453666687,0.9204727411270142,0.0,0.0,-0.0022871927358210087,-0.2213730663061142,0.0,0.0,-0.4535166824244819,-0.43702634214133274,0.12401731312274933,0.00491604208946228,0.0,0.0,0.0,0.0
7.614856719970703,-0.551721453666687,0.9204727411270142,0.0,0.0,-0.0022871927358210087,-0.2213730663061142,0.0,0.0,-0.45362215296632474,-0.43717492780480777,0.12344510108232498,0.004315451253205538,0.0,0.0,0.0,0.0
7.616270542144775,-0.551721453666687,0.9204727411270142,0.0,0.0,-0.0022871927358210087,-0.2213730663061142,0.0,0.0,-0.45362215296632474,-0.43717492780480777,0.12344510108232498,0.004315451253205538,0.0,0.0,0.0,0.0
7.617685317993164,-0.551721453666687,0.9204727411270142,0.0,0.0,-0.0022871927358210087,-0.2213730663061142,0.0,0.0,-0.4538954026568426,-0.4371126191979756,0.12012653797864914,0.002226792275905609,0.0,0.0,0.0,0.0
7.619484186172485,-0.5659536719322205,0.9617868065834045,0.0,0.0,-0.0023203508462756872,-0.22144445776939392,0.0,0.0,-0.4538954026568426,-0.4371126191979756,0.12012653797864914,0.002226792275905609,0.0,0.0,0.0,0.0
7.621291637420654,-0.5659536719322205,0.9617868065834045,0.0,0.0,-0.0023203508462756872,-0.22144445776939392,0.0,0.0,-0.4540200198705069,-0.4371126191979756,0.1210705041885376,0.002226792275905609,0.0,0.0,0.0,0.0
7.62271523475647,-0.5659536719322205,0.9617868065834045,0.0,0.0,-0.0023203508462756872,-0.22144445776939392,0.0,0.0,-0.45427412288920327,-0.43726602663943986,0.12402629852294922,-0.0013299845159053802,0.0,0.0,0.0,0.0
7.624145984649658,-0.5659536719322205,0.9617868065834045,0.0,0.0,-0.0023203508462756872,-0.22144445776939392,0.0,0.0,-0.45427412288920327,-0.43726602663943986,0.12402629852294922,-0.0013299845159053802,0.0,0.0,0.0,0.0
7.625561475753784,-0.5659536719322205,0.9617868065834045,0.0,0.0,-0.0023203508462756872,-0.22144445776939392,0.0,0.0,-0.45434120646064613,-0.43772620215045416,0.12445539981126785,0.004334897268563509,0.0,0.0,0.0,0.0
7.627337455749512,-0.5659536719322205,0.9617868065834045,0.0,0.0,-0.0023203508462756872,-0.22144445776939392,0.0,0.0,-0.4544131118100783,-0.43776936408546485,0.12402625381946564,0.001645591459237039,0.0,0.0,0.0,0.0
7.628747224807739,-0.5434702038764954,1.0202754735946655,0.0,0.0,-0.0023022883106023073,-0.2214948534965515,0.0,0.0,-0.4544131118100783,-0.43776936408546485,0.12402625381946564,0.001645591459237039,0.0,0.0,0.0,0.0
7.630313873291016,-0.5434702038764954,1.0202754735946655,0.0,0.0,-0.0023022883106023073,-0.2214948534965515,0.0,0.0,-0.4545233573165319,-0.437831672692297,0.1233682632446289,0.001988690346479416,0.0,0.0,0.0,0.0
7.631814956665039,-0.5434702038764954,1.0202754735946655,0.0,0.0,-0.0023022883106023073,-0.2214948534965515,0.0,0.0,-0.4545233573165319,-0.437831672692297,0.1233682632446289,0.001988690346479416,0.0,0.0,0.0,0.0
7.633337497711182,-0.5434702038764954,1.0202754735946655,0.0,0.0,-0.0023022883106023073,-0.2214948534965515,0.0,0.0,-0.4549212710340925,-0.4380809539330041,0.12475027143955231,-0.0027406588196754456,0.0,0.0,0.0,0.0
7.63487434387207,-0.5434702038764954,1.0202754735946655,0.0,0.0,-0.0023022883106023073,-0.2214948534965515,0.0,0.0,-0.4549212710340925,-0.4380809539330041,0.12475027143955231,-0.0027406588196754456,0.0,0.0,0.0,0.0
7.636956691741943,-0.5434702038764954,1.0202754735946655,0.0,0.0,-0.0023022883106023073,-0.2214948534965515,0.0,0.0,-0.45494523948390325,-0.43870413362808264,0.12618094682693481,0.005212985910475254,0.0,0.0,0.0,0.0
7.639460325241089,-0.565310537815094,1.0694658756256104,0.0,0.0,-0.002354332711547613,-0.22154666483402252,0.0,0.0,-0.4552088924318211,-0.4388047823919362,0.12383491545915604,0.002838280750438571,0.0,0.0,0.0,0.0
7.641557216644287,-0.565310537815094,1.0694658756256104,0.0,0.0,-0.002354332711547613,-0.22154666483402252,0.0,0.0,-0.45554445072917105,-0.4390061267330219,0.12103094160556793,0.004469119943678379,0.0,0.0,0.0,0.0
7.643460512161255,-0.565310537815094,1.0694658756256104,0.0,0.0,-0.002354332711547613,-0.22154666483402252,0.0,0.0,-0.4555684191789818,-0.43903009518283265,0.12789477407932281,-0.0028520822525024414,0.0,0.0,0.0,0.0
7.645031929016113,-0.565310537815094,1.0694658756256104,0.0,0.0,-0.002354332711547613,-0.22154666483402252,0.0,0.0,-0.4555684191789818,-0.43903009518283265,0.12789477407932281,-0.0028520822525024414,0.0,0.0,0.0,0.0
7.647186517715454,-0.565310537815094,1.0694658756256104,0.0,0.0,-0.002354332711547613,-0.22154666483402252,0.0,0.0,-0.4556738429074461,-0.4391307439466862,0.12726528942584991,-0.0009639746858738363,0.0,0.0,0.0,0.0
7.648849248886108,-0.542074978351593,1.1246875524520874,0.0,0.0,-0.0022926460951566696,-0.22158893942832947,0.0,0.0,-0.4557697167066889,-0.4395957412356898,0.12666459381580353,0.004672408569604158,0.0,0.0,0.0,0.0
7.650442600250244,-0.542074978351593,1.1246875524520874,0.0,0.0,-0.0022926460951566696,-0.22158893942832947,0.0,0.0,-0.4557697167066889,-0.4395957412356898,0.12666459381580353,0.004672408569604158,0.0,0.0,0.0,0.0
7.6525468826293945,-0.542074978351593,1.1246875524520874,0.0,0.0,-0.0022926460951566696,-0.22158893942832947,0.0,0.0,-0.4561436619744389,-0.4396293064281005,0.12228710949420929,0.001982823247089982,0.0,0.0,0.0,0.0
7.6541688442230225,-0.542074978351593,1.1246875524520874,0.0,0.0,-0.0022926460951566696,-0.22158893942832947,0.0,0.0,-0.45629702260252464,-0.4396436781353112,0.12804682552814484,-0.004493258893489838,0.0,0.0,0.0,0.0
7.655693054199219,-0.542074978351593,1.1246875524520874,0.0,0.0,-0.0022926460951566696,-0.22158893942832947,0.0,0.0,-0.45629702260252464,-0.4396436781353112,0.12804682552814484,-0.004493258893489838,0.0,0.0,0.0,0.0
7.658245325088501,-0.538479208946228,1.1438318490982056,0.0,0.0,-0.0023120439145714045,-0.22167064249515533,0.0,0.0,-0.45648877020101036,-0.4397443737125433,0.12684513628482819,-0.0026051513850688934,0.0,0.0,0.0,0.0
7.659827470779419,-0.538479208946228,1.1438318490982056,0.0,0.0,-0.0023120439145714045,-0.22167064249515533,0.0,0.0,-0.4566469994204639,-0.4401470155813362,0.12590105831623077,0.0013716708635911345,0.0,0.0,0.0,0.0
7.661296367645264,-0.538479208946228,1.1438318490982056,0.0,0.0,-0.0023120439145714045,-0.22167064249515533,0.0,0.0,-0.4566469994204639,-0.4401470155813362,0.12590105831623077,0.0013716708635911345,0.0,0.0,0.0,0.0
7.662754535675049,-0.538479208946228,1.1438318490982056,0.0,0.0,-0.0023120439145714045,-0.22167064249515533,0.0,0.0,-0.4567668416695174,-0.4402141459661576,0.13050159811973572,-0.005173087120056152,0.0,0.0,0.0,0.0
7.664232015609741,-0.538479208946228,1.1438318490982056,0.0,0.0,-0.0023120439145714045,-0.22167064249515533,0.0,0.0,-0.4567668416695174,-0.4402141459661576,0.13050159811973572,-0.005173087120056152,0.0,0.0,0.0,0.0
7.665725469589233,-0.538479208946228,1.1438318490982056,0.0,0.0,-0.0023120439145714045,-0.22167064249515533,0.0,0.0,-0.4569921076470353,-0.44044423372166475,0.12918564677238464,-0.002941321348771453,0.0,0.0,0.0,0.0
7.6671977043151855,-0.538479208946228,1.1438318490982056,0.0,0.0,-0.0023120439145714045,-0.22167064249515533,0.0,0.0,-0.45708798144627816,-0.4406455780627504,0.1294431835412979,-0.0018541885074228048,0.0,0.0,0.0,0.0
7.668666124343872,-0.5514517426490784,1.1732103824615479,0.0,0.0,-0.002346496796235442,-0.22175966203212738,0.0,0.0,-0.45708798144627816,-0.4406455780627504,0.1294431835412979,-0.0018541885074228048,0.0,0.0,0.0,0.0
7.6701366901397705,-0.5514517426490784,1.1732103824615479,0.0,0.0,-0.002346496796235442,-0.22175966203212738,0.0,0.0,-0.4574475081934389,-0.4408469224038361,0.12698259949684143,-0.0005382297094911337,0.0,0.0,0.0,0.0
7.671608924865723,-0.5514517426490784,1.1732103824615479,0.0,0.0,-0.002346496796235442,-0.22175966203212738,0.0,0.0,-0.4574475081934389,-0.4408469224038361,0.12698259949684143,-0.0005382297094911337,0.0,0.0,0.0,0.0
7.673117399215698,-0.5514517426490784,1.1732103824615479,0.0,0.0,-0.002346496796235442,-0.22175966203212738,0.0,0.0,-0.4577351295911674,-0.4413742282996718,0.1291261911392212,-0.00019250382320024073,0.0,0.0,0.0,0.0
7.674717903137207,-0.5514517426490784,1.1732103824615479,0.0,0.0,-0.002346496796235442,-0.22175966203212738,0.0,0.0,-0.4577351295911674,-0.4413742282996718,0.1291261911392212,-0.00019250382320024073,0.0,0.0,0.0,0.0
7.676395416259766,-0.5514517426490784,1.1732103824615479,0.0,0.0,-0.002346496796235442,-0.22175966203212738,0.0,0.0,-0.45797003912466383,-0.44160431605517897,0.1273522973060608,-0.0005645485944114625,0.0,0.0,0.0,0.0
7.678448915481567,-0.548774242401123,1.0800135135650635,0.0,0.0,-0.0023498372174799442,-0.22182542085647583,0.0,0.0,-0.45833434083643526,-0.44204052311638253,0.12572145462036133,0.003326554549857974,0.0,0.0,0.0,0.0
7.679868459701538,-0.548774242401123,1.0800135135650635,0.0,0.0,-0.0023498372174799442,-0.22182542085647583,0.0,0.0,-0.45833434083643526,-0.44204052311638253,0.12572145462036133,0.003326554549857974,0.0,0.0,0.0,0.0
7.681799411773682,-0.548774242401123,1.0800135135650635,0.0,0.0,-0.0023498372174799442,-0.22182542085647583,0.0,0.0,-0.4584494081208781,-0.4420548948235932,0.1257786750793457,0.0005799722857773304,0.0,0.0,0.0,0.0
7.683398485183716,-0.548774242401123,1.0800135135650635,0.0,0.0,-0.0023498372174799442,-0.22182542085647583,0.0,0.0,-0.45875140122581737,-0.44216036536543607,0.12842518091201782,-0.0042410194873809814,0.0,0.0,0.0,0.0
7.684807062149048,-0.548774242401123,1.0800135135650635,0.0,0.0,-0.0023498372174799442,-0.22182542085647583,0.0,0.0,-0.45875140122581737,-0.44216036536543607,0.12842518091201782,-0.0042410194873809814,0.0,0.0,0.0,0.0
7.686224937438965,-0.548774242401123,1.0800135135650635,0.0,0.0,-0.0023498372174799442,-0.22182542085647583,0.0,0.0,-0.45896234230950306,-0.442682896296661,0.1280820220708847,0.001423862180672586,0.0,0.0,0.0,0.0
7.687628507614136,-0.548774242401123,1.0800135135650635,0.0,0.0,-0.0023498372174799442,-0.22182542085647583,0.0,0.0,-0.45896234230950306,-0.442682896296661,0.1280820220708847,0.001423862180672586,0.0,0.0,0.0,0.0
7.6894919872283936,-0.5519423484802246,1.2173511981964111,0.0,0.0,-0.0023463217075914145,-0.22189311683177948,0.0,0.0,-0.4591540899079888,-0.4427643983886932,0.1269376128911972,-0.0011511704651638865,0.0,0.0,0.0,0.0
7.690873146057129,-0.5519423484802246,1.2173511981964111,0.0,0.0,-0.0023463217075914145,-0.22189311683177948,0.0,0.0,-0.4594944231699495,-0.44295614598717886,0.12407636642456055,0.0013951960718259215,0.0,0.0,0.0,0.0
7.692239284515381,-0.5519423484802246,1.2173511981964111,0.0,0.0,-0.0023463217075914145,-0.22189311683177948,0.0,0.0,-0.4594944231699495,-0.44295614598717886,0.12407636642456055,0.0013951960718259215,0.0,0.0,0.0,0.0
7.693567276000977,-0.5519423484802246,1.2173511981964111,0.0,0.0,-0.0023463217075914145,-0.22189311683177948,0.0,0.0,-0.45979641627488876,-0.44325331731412887,0.1277415007352829,-0.0009252501185983419,0.0,0.0,0.0,0.0
7.694897890090942,-0.5519423484802246,1.2173511981964111,0.0,0.0,-0.0023463217075914145,-0.22189311683177948,0.0,0.0,-0.45979641627488876,-0.44325331731412887,0.1277415007352829,-0.0009252501185983419,0.0,0.0,0.0,0.0
7.6962456703186035,-0.5519423484802246,1.2173511981964111,0.0,0.0,-0.0023463217075914145,-0.22189311683177948,0.0,0.0,-0.45992585526654234,-0.44341154653358245,0.12822787463665009,-0.001268572872504592,0.0,0.0,0.0,0.0
7.697588682174683,-0.5519423484802246,1.2173511981964111,0.0,0.0,-0.0023463217075914145,-0.22189311683177948,0.0,0.0,-0.45992585526654234,-0.44341154653358245,0.12822787463665009,-0.001268572872504592,0.0,0.0,0.0,0.0
7.699199914932251,-0.5683635473251343,1.1609470844268799,0.0,0.0,-0.0023688601795583963,-0.22201204299926758,0.0,0.0,-0.460285382013703,-0.4437231363811217,0.1252526342868805,0.0014208446955308318,0.0,0.0,0.0,0.0
7.700528383255005,-0.5683635473251343,1.1609470844268799,0.0,0.0,-0.0023688601795583963,-0.22201204299926758,0.0,0.0,-0.460285382013703,-0.4437231363811217,0.1252526342868805,0.0014208446955308318,0.0,0.0,0.0,0.0
7.702208518981934,-0.5683635473251343,1.1609470844268799,0.0,0.0,-0.0023688601795583963,-0.22201204299926758,0.0,0.0,-0.46055385673961013,-0.4439004654590181,0.12450853735208511,0.0016497265314683318,0.0,0.0,0.0,0.0
7.703510999679565,-0.5683635473251343,1.1609470844268799,0.0,0.0,-0.0023688601795583963,-0.22201204299926758,0.0,0.0,-0.4608318813947387,-0.44437028452601096,0.12666945159435272,0.0009751509060151875,0.0,0.0,0.0,0.0
7.704800605773926,-0.5683635473251343,1.1609470844268799,0.0,0.0,-0.0023688601795583963,-0.22201204299926758,0.0,0.0,-0.4608318813947387,-0.44437028452601096,0.12666945159435272,0.0009751509060151875,0.0,0.0,0.0,0.0
7.706102132797241,-0.5683635473251343,1.1609470844268799,0.0,0.0,-0.0023688601795583963,-0.22201204299926758,0.0,0.0,-0.4612105548137208,-0.44476332965220383,0.1250958889722824,0.003092419821768999,0.0,0.0,0.0,0.0
7.707387685775757,-0.5683635473251343,1.1609470844268799,0.0,0.0,-0.0023688601795583963,-0.22201204299926758,0.0,0.0,-0.4612105548137208,-0.44476332965220383,0.1250958889722824,0.003092419821768999,0.0,0.0,0.0,0.0
7.7086522579193115,-0.5465356111526489,1.1906533241271973,0.0,0.0,-0.0023444117978215218,-0.2221132218837738,0.0,0.0,-0.4616132434958922,-0.4451852118195752,0.12040381878614426,0.005152411758899689,0.0,0.0,0.0,0.0
7.709964275360107,-0.5465356111526489,1.1906533241271973,0.0,0.0,-0.0023444117978215218,-0.2221132218837738,0.0,0.0,-0.4616132434958922,-0.4451852118195752,0.12040381878614426,0.005152411758899689,0.0,0.0,0.0,0.0
7.711328029632568,-0.5465356111526489,1.1906533241271973,0.0,0.0,-0.0023444117978215218,-0.2221132218837738,0.0,0.0,-0.46205904729969577,-0.4457029209728109,0.1186586320400238,0.010101869702339172,0.0,0.0,0.0,0.0
7.712650299072266,-0.5465356111526489,1.1906533241271973,0.0,0.0,-0.0023444117978215218,-0.2221132218837738,0.0,0.0,-0.46205904729969577,-0.4457029209728109,0.1186586320400238,0.010101869702339172,0.0,0.0,0.0,0.0
7.714063405990601,-0.5465356111526489,1.1906533241271973,0.0,0.0,-0.0023444117978215218,-0.2221132218837738,0.0,0.0,-0.4624665109464779,-0.44617269322642517,0.121662437915802,0.0057260142639279366,0.0,0.0,0.0,0.0
7.71536660194397,-0.5465356111526489,1.1906533241271973,0.0,0.0,-0.0023444117978215218,-0.2221132218837738,0.0,0.0,-0.4624665109464779,-0.44617269322642517,0.121662437915802,0.0057260142639279366,0.0,0.0,0.0,0.0
7.716648817062378,-0.5465356111526489,1.1906533241271973,0.0,0.0,-0.0023444117978215218,-0.2221132218837738,0.0,0.0,-0.46290753978567073,-0.44633569741048945,0.11759977042675018,0.006927755195647478,0.0,0.0,0.0,0.0
7.718010902404785,-0.5584251880645752,1.1551986932754517,0.0,0.0,-0.0023509736638516188,-0.22223283350467682,0.0,0.0,-0.46290753978567073,-0.44633569741048945,0.11759977042675018,0.006927755195647478,0.0,0.0,0.0,0.0
7.719442844390869,-0.5584251880645752,1.1551986932754517,0.0,0.0,-0.0023509736638516188,-0.22223283350467682,0.0,0.0,-0.4632047579259993,-0.446930086877768,0.1167702004313469,0.011562556028366089,0.0,0.0,0.0,0.0
7.72081184387207,-0.5584251880645752,1.1551986932754517,0.0,0.0,-0.0023509736638516188,-0.22223283350467682,0.0,0.0,-0.4632047579259993,-0.446930086877768,0.1167702004313469,0.011562556028366089,0.0,0.0,0.0,0.0
7.722219944000244,-0.5584251880645752,1.1551986932754517,0.0,0.0,-0.0023509736638516188,-0.22223283350467682,0.0,0.0,-0.46366493343701354,-0.44712665625424297,0.12109102308750153,0.00581128615885973,0.0,0.0,0.0,0.0
7.723657131195068,-0.5584251880645752,1.1551986932754517,0.0,0.0,-0.0023509736638516188,-0.22223283350467682,0.0,0.0,-0.46366493343701354,-0.44712665625424297,0.12109102308750153,0.00581128615885973,0.0,0.0,0.0,0.0
7.725764274597168,-0.5584251880645752,1.1551986932754517,0.0,0.0,-0.0023509736638516188,-0.22223283350467682,0.0,0.0,-0.4641155590188064,-0.44755808835083577,0.11614133417606354,0.009587835520505905,0.0,0.0,0.0,0.0
7.72815203666687,-0.5620743632316589,1.128836989402771,0.0,0.0,-0.002361313672736287,-0.2223532497882843,0.0,0.0,-0.4644654890233671,-0.4479895204474286,0.11488258838653564,0.010017044842243195,0.0,0.0,0.0,0.0
7.730008840560913,-0.5620743632316589,1.128836989402771,0.0,0.0,-0.002361313672736287,-0.2223532497882843,0.0,0.0,-0.4648442092557278,-0.4485503447222965,0.11390967667102814,0.01568170264363289,0.0,0.0,0.0,0.0
7.731534242630005,-0.5620743632316589,1.128836989402771,0.0,0.0,-0.002361313672736287,-0.2223532497882843,0.0,0.0,-0.4648442092557278,-0.4485503447222965,0.11390967667102814,0.01568170264363289,0.0,0.0,0.0,0.0
7.733574151992798,-0.5620743632316589,1.128836989402771,0.0,0.0,-0.002361313672736287,-0.2223532497882843,0.0,0.0,-0.4653762901161742,-0.4490872473607322,0.11365805566310883,0.01364601869136095,0.0,0.0,0.0,0.0
7.735629558563232,-0.5620743632316589,1.128836989402771,0.0,0.0,-0.002361313672736287,-0.2223532497882843,0.0,0.0,-0.4657550103485349,-0.4495618413923357,0.11362944543361664,0.016478542238473892,0.0,0.0,0.0,0.0
7.737169504165649,-0.5620743632316589,1.128836989402771,0.0,0.0,-0.002361313672736287,-0.2223532497882843,0.0,0.0,-0.4657550103485349,-0.4495618413923357,0.11362944543361664,0.016478542238473892,0.0,0.0,0.0,0.0
7.738708972930908,-0.5682924389839172,0.9759712219238281,0.0,0.0,-0.0023745582439005375,-0.2224963754415512,0.0,0.0,-0.4662583477945598,-0.45007477558096065,0.1094525158405304,0.020083319395780563,0.0,0.0,0.0,0.0
7.7406463623046875,-0.5682924389839172,0.9759712219238281,0.0,0.0,-0.0023745582439005375,-0.2224963754415512,0.0,0.0,-0.46666098966335273,-0.45057329124899637,0.10719218850135803,0.02265824005007744,0.0,0.0,0.0,0.0
7.742159843444824,-0.5682924389839172,0.9759712219238281,0.0,0.0,-0.0023745582439005375,-0.2224963754415512,0.0,0.0,-0.46666098966335273,-0.45057329124899637,0.10719218850135803,0.02265824005007744,0.0,0.0,0.0,0.0
7.743645191192627,-0.5682924389839172,0.9759712219238281,0.0,0.0,-0.0023745582439005375,-0.2224963754415512,0.0,0.0,-0.46703488811772415,-0.4512492296216856,0.1110919639468193,0.022676624357700348,0.0,0.0,0.0,0.0
7.745105981826782,-0.5682924389839172,0.9759712219238281,0.0,0.0,-0.0023745582439005375,-0.2224963754415512,0.0,0.0,-0.46703488811772415,-0.4512492296216856,0.1110919639468193,0.022676624357700348,0.0,0.0,0.0,0.0
7.746495723724365,-0.5682924389839172,0.9759712219238281,0.0,0.0,-0.0023745582439005375,-0.2224963754415512,0.0,0.0,-0.4673464779652634,-0.45176211699693203,0.10840253531932831,0.02427874319255352,0.0,0.0,0.0,0.0
7.748529434204102,-0.5589591264724731,1.0360573530197144,0.0,0.0,-0.0023560882546007633,-0.22266612946987152,0.0,0.0,-0.4677779100618562,-0.4520929003296713,0.10582762211561203,0.025566257536411285,0.0,0.0,0.0,0.0
7.750051736831665,-0.5589591264724731,1.0360573530197144,0.0,0.0,-0.0023560882546007633,-0.22266612946987152,0.0,0.0,-0.4677779100618562,-0.4520929003296713,0.10582762211561203,0.025566257536411285,0.0,0.0,0.0,0.0
7.751482725143433,-0.5589591264724731,1.0360573530197144,0.0,0.0,-0.0023560882546007633,-0.22266612946987152,0.0,0.0,-0.4679792544029419,-0.4525147356836641,0.11068320274353027,0.02276921644806862,0.0,0.0,0.0,0.0
7.752917766571045,-0.5589591264724731,1.0360573530197144,0.0,0.0,-0.0023560882546007633,-0.22266612946987152,0.0,0.0,-0.4679792544029419,-0.4525147356836641,0.11068320274353027,0.02276921644806862,0.0,0.0,0.0,0.0
7.754766225814819,-0.5589591264724731,1.0360573530197144,0.0,0.0,-0.0023560882546007633,-0.22266612946987152,0.0,0.0,-0.46816140525882766,-0.4527113050601391,0.11051159352064133,0.023112650960683823,0.0,0.0,0.0,0.0
7.756385326385498,-0.5589591264724731,1.0360573530197144,0.0,0.0,-0.0023560882546007633,-0.22266612946987152,0.0,0.0,-0.46836274959991336,-0.4530948002571105,0.10930991172790527,0.026603098958730698,0.0,0.0,0.0,0.0
7.75805401802063,-0.5615657567977905,0.8999078869819641,0.0,0.0,-0.0023860521614551544,-0.22287124395370483,0.0,0.0,-0.46836274959991336,-0.4530948002571105,0.10930991172790527,0.026603098958730698,0.0,0.0,0.0,0.0
7.7599992752075195,-0.5615657567977905,0.8999078869819641,0.0,0.0,-0.0023860521614551544,-0.22287124395370483,0.0,0.0,-0.46872227634707403,-0.4533536314270391,0.10642044991254807,0.02694653533399105,0.0,0.0,0.0,0.0
7.7614216804504395,-0.5615657567977905,0.8999078869819641,0.0,0.0,-0.0023860521614551544,-0.22287124395370483,0.0,0.0,-0.4690242694520133,-0.45375149833122125,0.10952761769294739,0.023956431075930595,0.0,0.0,0.0,0.0
7.762837648391724,-0.5615657567977905,0.8999078869819641,0.0,0.0,-0.0023860521614551544,-0.22287124395370483,0.0,0.0,-0.4690242694520133,-0.45375149833122125,0.10952761769294739,0.023956431075930595,0.0,0.0,0.0,0.0
7.764251470565796,-0.5615657567977905,0.8999078869819641,0.0,0.0,-0.0023860521614551544,-0.22287124395370483,0.0,0.0,-0.46921124208588827,-0.4542692542978355,0.10955634713172913,0.02856273204088211,0.0,0.0,0.0,0.0
7.7656495571136475,-0.5615657567977905,0.8999078869819641,0.0,0.0,-0.0023860521614551544,-0.22287124395370483,0.0,0.0,-0.46921124208588827,-0.4542692542978355,0.10955634713172913,0.02856273204088211,0.0,0.0,0.0,0.0
7.767031192779541,-0.5615657567977905,0.8999078869819641,0.0,0.0,-0.0023860521614551544,-0.22287124395370483,0.0,0.0,-0.46942218316957396,-0.45446100189632116,0.10841193050146103,0.02819068916141987,0.0,0.0,0.0,0.0
7.768423318862915,-0.5909003019332886,0.7968973517417908,0.0,0.0,-0.002444453304633498,-0.22308436036109924,0.0,0.0,-0.46942218316957396,-0.45446100189632116,0.10841193050146103,0.02819068916141987,0.0,0.0,0.0,0.0
7.769842863082886,-0.5909003019332886,0.7968973517417908,0.0,0.0,-0.002444453304633498,-0.22308436036109924,0.0,0.0,-0.46970020782470256,-0.4549019839221355,0.10715296864509583,0.03165263682603836,0.0,0.0,0.0,0.0
7.7712414264678955,-0.5909003019332886,0.7968973517417908,0.0,0.0,-0.002444453304633498,-0.22308436036109924,0.0,0.0,-0.46970020782470256,-0.4549019839221355,0.10715296864509583,0.03165263682603836,0.0,0.0,0.0,0.0
7.772706508636475,-0.5909003019332886,0.7968973517417908,0.0,0.0,-0.002444453304633498,-0.22308436036109924,0.0,0.0,-0.4699494890654097,-0.4551512651628426,0.10931584239006042,0.026884229853749275,0.0,0.0,0.0,0.0
7.77407431602478,-0.5909003019332886,0.7968973517417908,0.0,0.0,-0.002444453304633498,-0.22308436036109924,0.0,0.0,-0.4699494890654097,-0.4551512651628426,0.10931584239006042,0.026884229853749275,0.0,0.0,0.0,0.0
7.775444746017456,-0.5909003019332886,0.7968973517417908,0.0,0.0,-0.002444453304633498,-0.22308436036109924,0.0,0.0,-0.4701507865931168,-0.4555299853952033,0.10940184444189072,0.030517728999257088,0.0,0.0,0.0,0.0
7.776830434799194,-0.5909003019332886,0.7968973517417908,0.0,0.0,-0.002444453304633498,-0.22308436036109924,0.0,0.0,-0.4701507865931168,-0.4555299853952033,0.10940184444189072,0.030517728999257088,0.0,0.0,0.0,0.0
7.7784600257873535,-0.5898308753967285,0.7880192399024963,0.0,0.0,-0.002483507851138711,-0.22322872281074524,0.0,0.0,-0.47033298426238107,-0.45565942438685686,0.10820014774799347,0.0291731059551239,0.0,0.0,0.0,0.0
7.7800374031066895,-0.5898308753967285,0.7880192399024963,0.0,0.0,-0.002483507851138711,-0.22322872281074524,0.0,0.0,-0.47054387853268825,-0.4561148249332604,0.10699846595525742,0.03343602642416954,0.0,0.0,0.0,0.0
7.781419038772583,-0.5898308753967285,0.7880192399024963,0.0,0.0,-0.002483507851138711,-0.22322872281074524,0.0,0.0,-0.47054387853268825,-0.4561148249332604,0.10699846595525742,0.03343602642416954,0.0,0.0,0.0,0.0
7.782818078994751,-0.5898308753967285,0.7880192399024963,0.0,0.0,-0.002483507851138711,-0.22322872281074524,0.0,0.0,-0.4706972859741525,-0.4561435683476818,0.11275231093168259,0.02725308947265148,0.0,0.0,0.0,0.0
7.784292221069336,-0.5898308753967285,0.7880192399024963,0.0,0.0,-0.002483507851138711,-0.22322872281074524,0.0,0.0,-0.4706972859741525,-0.4561435683476818,0.11275231093168259,0.02725308947265148,0.0,0.0,0.0,0.0
7.785866022109985,-0.5898308753967285,0.7880192399024963,0.0,0.0,-0.002483507851138711,-0.22322872281074524,0.0,0.0,-0.4708890335726382,-0.4564119962602104,0.11026322096586227,0.028282945975661278,0.0,0.0,0.0,0.0
7.787476062774658,-0.5898308753967285,0.7880192399024963,0.0,0.0,-0.002483507851138711,-0.22322872281074524,0.0,0.0,-0.4708890335726382,-0.4564119962602104,0.11026322096586227,0.028282945975661278,0.0,0.0,0.0,0.0
7.789776563644409,-0.5890304446220398,0.7718083262443542,0.0,0.0,-0.0025044996291399,-0.2233348935842514,0.0,0.0,-0.4708602901582168,-0.4567763447853604,0.11083564162254333,0.031258463859558105,0.0,0.0,0.0,0.0
7.7912232875823975,-0.5890304446220398,0.7718083262443542,0.0,0.0,-0.0025044996291399,-0.2233348935842514,0.0,0.0,-0.47101847256429175,-0.4567907164925711,0.11034922301769257,0.02977078966796398,0.0,0.0,0.0,0.0
7.792652606964111,-0.5890304446220398,0.7718083262443542,0.0,0.0,-0.0025044996291399,-0.2233348935842514,0.0,0.0,-0.47101847256429175,-0.4567907164925711,0.11034922301769257,0.02977078966796398,0.0,0.0,0.0,0.0
7.794057369232178,-0.5890304446220398,0.7718083262443542,0.0,0.0,-0.0025044996291399,-0.2233348935842514,0.0,0.0,-0.4711143463635346,-0.4567475545575604,0.1151355654001236,0.02329610288143158,0.0,0.0,0.0,0.0
7.795691251754761,-0.5890304446220398,0.7718083262443542,0.0,0.0,-0.0025044996291399,-0.2233348935842514,0.0,0.0,-0.4712149951273882,-0.4567475545575604,0.11456335335969925,0.02329610288143158,0.0,0.0,0.0,0.0
7.797058582305908,-0.5890304446220398,0.7718083262443542,0.0,0.0,-0.0025044996291399,-0.2233348935842514,0.0,0.0,-0.4712149951273882,-0.4567475545575604,0.11456335335969925,0.02329610288143158,0.0,0.0,0.0,0.0
7.798522472381592,-0.6009725332260132,0.7441165447235107,0.0,0.0,-0.002558968961238861,-0.22346429526805878,0.0,0.0,-0.4711670582277668,-0.4568578468773925,0.1156507059931755,0.024812614545226097,0.0,0.0,0.0,0.0
7.799890995025635,-0.6009725332260132,0.7441165447235107,0.0,0.0,-0.002558968961238861,-0.22346429526805878,0.0,0.0,-0.4711670582277668,-0.4568578468773925,0.1156507059931755,0.024812614545226097,0.0,0.0,0.0,0.0
7.801223039627075,-0.6009725332260132,0.7441165447235107,0.0,0.0,-0.002558968961238861,-0.22346429526805878,0.0,0.0,-0.4711670582277668,-0.4569488988986461,0.1156507059931755,0.025327544659376144,0.0,0.0,0.0,0.0
7.802563667297363,-0.6009725332260132,0.7441165447235107,0.0,0.0,-0.002558968961238861,-0.22346429526805878,0.0,0.0,-0.4711670582277668,-0.4569488988986461,0.1156507059931755,0.025327544659376144,0.0,0.0,0.0,0.0
7.803896427154541,-0.6009725332260132,0.7441165447235107,0.0,0.0,-0.002558968961238861,-0.22346429526805878,0.0,0.0,-0.4711670582277668,-0.45738515277322817,0.12096399068832397,0.02419140376150608,0.0,0.0,0.0,0.0
7.80524206161499,-0.6009725332260132,0.7441165447235107,0.0,0.0,-0.002558968961238861,-0.22346429526805878,0.0,0.0,-0.4711670582277668,-0.45738515277322817,0.12096399068832397,0.02419140376150608,0.0,0.0,0.0,0.0
7.806579351425171,-0.6009725332260132,0.7441165447235107,0.0,0.0,-0.002558968961238861,-0.22346429526805878,0.0,0.0,-0.471320465669231,-0.4574091212230389,0.1192474514245987,0.022732224315404892,0.0,0.0,0.0,0.0
7.808435440063477,-0.6173170804977417,0.7718977928161621,0.0,0.0,-0.002587426220998168,-0.22356124222278595,0.0,0.0,-0.4714163394684739,-0.45766317742835677,0.11864645779132843,0.02510676346719265,0.0,0.0,0.0,0.0
7.8099493980407715,-0.6173170804977417,0.7718977928161621,0.0,0.0,-0.002587426220998168,-0.22356124222278595,0.0,0.0,-0.4714163394684739,-0.45766317742835677,0.11864645779132843,0.02510676346719265,0.0,0.0,0.0,0.0
7.811278820037842,-0.6173170804977417,0.7718977928161621,0.0,0.0,-0.002587426220998168,-0.22356124222278595,0.0,0.0,-0.47184299660045603,-0.4580035106903175,0.11435503512620926,0.027968009933829308,0.0,0.0,0.0,0.0
7.8126161098480225,-0.6173170804977417,0.7718977928161621,0.0,0.0,-0.002587426220998168,-0.22356124222278595,0.0,0.0,-0.47184299660045603,-0.4580035106903175,0.11435503512620926,0.027968009933829308,0.0,0.0,0.0,0.0
7.813959121704102,-0.6173170804977417,0.7718977928161621,0.0,0.0,-0.002587426220998168,-0.22356124222278595,0.0,0.0,-0.47184299660045603,-0.45802270417551744,0.12144489586353302,0.021078474819660187,0.0,0.0,0.0,0.0
7.815269708633423,-0.6173170804977417,0.7718977928161621,0.0,0.0,-0.002587426220998168,-0.22356124222278595,0.0,0.0,-0.47184299660045603,-0.45802270417551744,0.12144489586353302,0.021078474819660187,0.0,0.0,0.0,0.0
7.816586494445801,-0.6173170804977417,0.7718977928161621,0.0,0.0,-0.002587426220998168,-0.22356124222278595,0.0,0.0,-0.4717806411802453,-0.45805626936792815,0.1226465255022049,0.019962619990110397,0.0,0.0,0.0,0.0
7.817986011505127,-0.6093863248825073,0.8286272883415222,0.0,0.0,-0.0026089863386005163,-0.2236180603504181,0.0,0.0,-0.4717806411802453,-0.45805626936792815,0.1226465255022049,0.019962619990110397,0.0,0.0,0.0,0.0
7.819314241409302,-0.6093863248825073,0.8286272883415222,0.0,0.0,-0.0026089863386005163,-0.2236180603504181,0.0,0.0,-0.47187174001487747,-0.458152143167171,0.1226465255022049,0.02185072749853134,0.0,0.0,0.0,0.0
7.820647716522217,-0.6093863248825073,0.8286272883415222,0.0,0.0,-0.0026089863386005163,-0.2236180603504181,0.0,0.0,-0.47187174001487747,-0.458152143167171,0.1226465255022049,0.02185072749853134,0.0,0.0,0.0,0.0
7.822232484817505,-0.6093863248825073,0.8286272883415222,0.0,0.0,-0.0026089863386005163,-0.2236180603504181,0.0,0.0,-0.47196283884950957,-0.4582527919310246,0.12607142329216003,0.01708114519715309,0.0,0.0,0.0,0.0
7.823540687561035,-0.6093863248825073,0.8286272883415222,0.0,0.0,-0.0026089863386005163,-0.2236180603504181,0.0,0.0,-0.47196283884950957,-0.4582527919310246,0.12607142329216003,0.01708114519715309,0.0,0.0,0.0,0.0
7.825116157531738,-0.6093863248825073,0.8286272883415222,0.0,0.0,-0.0026089863386005163,-0.2236180603504181,0.0,0.0,-0.4722360417266489,-0.4586602555778067,0.12547044456005096,0.02120101824402809,0.0,0.0,0.0,0.0
7.826416015625,-0.6093863248825073,0.8286272883415222,0.0,0.0,-0.0026089863386005163,-0.2236180603504181,0.0,0.0,-0.47243261110312385,-0.4586506588352067,0.12243793904781342,0.01951301470398903,0.0,0.0,0.0,0.0
7.827695846557617,-0.6093863248825073,0.8286272883415222,0.0,0.0,-0.0026089863386005163,-0.2236180603504181,0.0,0.0,-0.47243261110312385,-0.4586506588352067,0.12243793904781342,0.01951301470398903,0.0,0.0,0.0,0.0
7.829201698303223,-0.6385674476623535,0.8733225464820862,0.0,0.0,-0.002674864837899804,-0.22365587949752808,0.0,0.0,-0.4723942709461024,-0.4586794490630067,0.1230100765824318,0.019684843719005585,0.0,0.0,0.0,0.0
7.830477952957153,-0.6385674476623535,0.8733225464820862,0.0,0.0,-0.002674864837899804,-0.22365587949752808,0.0,0.0,-0.4723942709461024,-0.4586794490630067,0.1230100765824318,0.019684843719005585,0.0,0.0,0.0,0.0
7.831740379333496,-0.6385674476623535,0.8733225464820862,0.0,0.0,-0.002674864837899804,-0.22365587949752808,0.0,0.0,-0.4723942709461024,-0.458784872791471,0.1296621859073639,0.01494962815195322,0.0,0.0,0.0,0.0
7.833031892776489,-0.6385674476623535,0.8733225464820862,0.0,0.0,-0.002674864837899804,-0.22365587949752808,0.0,0.0,-0.4723942709461024,-0.458784872791471,0.1296621859073639,0.01494962815195322,0.0,0.0,0.0,0.0
7.834332704544067,-0.6385674476623535,0.8733225464820862,0.0,0.0,-0.002674864837899804,-0.22365587949752808,0.0,0.0,-0.472494919709956,-0.45888556836870315,0.1282317191362381,0.01552183274179697,0.0,0.0,0.0,0.0
7.835594892501831,-0.6385674476623535,0.8733225464820862,0.0,0.0,-0.002674864837899804,-0.22365587949752808,0.0,0.0,-0.472494919709956,-0.45888556836870315,0.1282317191362381,0.01552183274179697,0.0,0.0,0.0,0.0
7.836841106414795,-0.6385674476623535,0.8733225464820862,0.0,0.0,-0.002674864837899804,-0.22365587949752808,0.0,0.0,-0.47259079350919886,-0.45913962457402097,0.12768830358982086,0.01789664849638939,0.0,0.0,0.0,0.0
7.838129758834839,-0.6262239813804626,0.905386209487915,0.0,0.0,-0.002671422204002738,-0.22372937202453613,0.0,0.0,-0.47259079350919886,-0.45913962457402097,0.12768830358982086,0.01789664849638939,0.0,0.0,0.0,0.0
7.839435338973999,-0.6262239813804626,0.905386209487915,0.0,0.0,-0.002671422204002738,-0.22372937202453613,0.0,0.0,-0.4726866673084417,-0.45924027333787454,0.1270873099565506,0.017639100551605225,0.0,0.0,0.0,0.0
7.840731620788574,-0.6262239813804626,0.905386209487915,0.0,0.0,-0.002671422204002738,-0.22372937202453613,0.0,0.0,-0.4726866673084417,-0.45924027333787454,0.1270873099565506,0.017639100551605225,0.0,0.0,0.0,0.0
7.842017650604248,-0.6262239813804626,0.905386209487915,0.0,0.0,-0.002671422204002738,-0.22372937202453613,0.0,0.0,-0.4727010390156524,-0.4592019331808531,0.13230030238628387,0.011252984404563904,0.0,0.0,0.0,0.0
7.843292713165283,-0.6262239813804626,0.905386209487915,0.0,0.0,-0.002671422204002738,-0.22372937202453613,0.0,0.0,-0.4727010390156524,-0.4592019331808531,0.13230030238628387,0.011252984404563904,0.0,0.0,0.0,0.0
7.8446125984191895,-0.6262239813804626,0.905386209487915,0.0,0.0,-0.002671422204002738,-0.22372937202453613,0.0,0.0,-0.4728592214217274,-0.45936011558692813,0.13141348958015442,0.01299832109361887,0.0,0.0,0.0,0.0
7.845911979675293,-0.6262239813804626,0.905386209487915,0.0,0.0,-0.002671422204002738,-0.22372937202453613,0.0,0.0,-0.4728592214217274,-0.45936011558692813,0.13141348958015442,0.01299832109361887,0.0,0.0,0.0,0.0
7.84734034538269,-0.6262239813804626,0.905386209487915,0.0,0.0,-0.002671422204002738,-0.22372937202453613,0.0,0.0,-0.47295991699895956,-0.45945121442156023,0.13084128499031067,0.01357052568346262,0.0,0.0,0.0,0.0
7.848898649215698,-0.6440607309341431,0.9406581521034241,0.0,0.0,-0.0026994808577001095,-0.2237866222858429,0.0,0.0,-0.4730461940556024,-0.4598299346539209,0.13026908040046692,0.01740429550409317,0.0,0.0,0.0,0.0
7.850226640701294,-0.6440607309341431,0.9406581521034241,0.0,0.0,-0.0026994808577001095,-0.2237866222858429,0.0,0.0,-0.4730461940556024,-0.4598299346539209,0.13026908040046692,0.01740429550409317,0.0,0.0,0.0,0.0
7.851513624191284,-0.6440607309341431,0.9406581521034241,0.0,0.0,-0.0026994808577001095,-0.2237866222858429,0.0,0.0,-0.47313247111224527,-0.45984908132574237,0.13516998291015625,0.010586287826299667,0.0,0.0,0.0,0.0
7.852826356887817,-0.6440607309341431,0.9406581521034241,0.0,0.0,-0.0026994808577001095,-0.2237866222858429,0.0,0.0,-0.47313247111224527,-0.45984908132574237,0.13516998291015625,0.010586287826299667,0.0,0.0,0.0,0.0
7.8541436195373535,-0.6440607309341431,0.9406581521034241,0.0,0.0,-0.0026994808577001095,-0.2237866222858429,0.0,0.0,-0.4732139732042774,-0.4599113899325745,0.13468383252620697,0.010958164930343628,0.0,0.0,0.0,0.0
7.855443716049194,-0.6440607309341431,0.9406581521034241,0.0,0.0,-0.0026994808577001095,-0.2237866222858429,0.0,0.0,-0.4732139732042774,-0.4599113899325745,0.13468383252620697,0.010958164930343628,0.0,0.0,0.0,0.0
7.856738805770874,-0.6440607309341431,0.9406581521034241,0.0,0.0,-0.0026994808577001095,-0.2237866222858429,0.0,0.0,-0.47330025026092026,-0.4600072637318174,0.13411162793636322,0.011501871049404144,0.0,0.0,0.0,0.0
7.858224153518677,-0.6440607309341431,0.9406581521034241,0.0,0.0,-0.0026994808577001095,-0.2237866222858429,0.0,0.0,-0.4735303380164274,-0.4603236753573459,0.1319371461868286,0.015163813717663288,0.0,0.0,0.0,0.0
7.860249042510986,-0.6300522089004517,1.0160255432128906,0.0,0.0,-0.0026960186660289764,-0.2238137125968933,0.0,0.0,-0.4735303380164274,-0.4603236753573459,0.1319371461868286,0.015163813717663288,0.0,0.0,0.0,0.0
7.862031936645508,-0.6300522089004517,1.0160255432128906,0.0,0.0,-0.0026960186660289764,-0.2238137125968933,0.0,0.0,-0.4736310335936595,-0.4604914545060209,0.13090728223323822,0.01524964440613985,0.0,0.0,0.0,0.0
7.863466501235962,-0.6300522089004517,1.0160255432128906,0.0,0.0,-0.0026960186660289764,-0.2238137125968933,0.0,0.0,-0.47372690739290235,-0.46042914589918876,0.13693828880786896,0.007875356823205948,0.0,0.0,0.0,0.0
7.864866733551025,-0.6300522089004517,1.0160255432128906,0.0,0.0,-0.0026960186660289764,-0.2238137125968933,0.0,0.0,-0.47372690739290235,-0.46042914589918876,0.13693828880786896,0.007875356823205948,0.0,0.0,0.0,0.0
7.866260528564453,-0.6300522089004517,1.0160255432128906,0.0,0.0,-0.0026960186660289764,-0.2238137125968933,0.0,0.0,-0.4738275561567559,-0.4605154229558316,0.1363660842180252,0.009248536080121994,0.0,0.0,0.0,0.0
7.867675304412842,-0.6300522089004517,1.0160255432128906,0.0,0.0,-0.0026960186660289764,-0.2238137125968933,0.0,0.0,-0.4738275561567559,-0.4605154229558316,0.1363660842180252,0.009248536080121994,0.0,0.0,0.0,0.0
7.869626998901367,-0.632183313369751,1.0671902894973755,0.0,0.0,-0.002708965912461281,-0.2238604575395584,0.0,0.0,-0.4739186549913881,-0.46061129675507445,0.13579387962818146,0.00979224219918251,0.0,0.0,0.0,0.0
7.871534824371338,-0.632183313369751,1.0671902894973755,0.0,0.0,-0.002708965912461281,-0.2238604575395584,0.0,0.0,-0.47392825173398806,-0.46069757381171733,0.13567960262298584,0.010307170450687408,0.0,0.0,0.0,0.0
7.873432159423828,-0.632183313369751,1.0671902894973755,0.0,0.0,-0.002708965912461281,-0.2238604575395584,0.0,0.0,-0.47392825173398806,-0.461057100558878,0.14195089042186737,0.00912688672542572,0.0,0.0,0.0,0.0
7.874988079071045,-0.632183313369751,1.0671902894973755,0.0,0.0,-0.002708965912461281,-0.2238604575395584,0.0,0.0,-0.47392825173398806,-0.461057100558878,0.14195089042186737,0.00912688672542572,0.0,0.0,0.0,0.0
7.8767595291137695,-0.632183313369751,1.0671902894973755,0.0,0.0,-0.002708965912461281,-0.2238604575395584,0.0,0.0,-0.47405286894765236,-0.46110981242311017,0.14040616154670715,0.007381607312709093,0.0,0.0,0.0,0.0
7.878566265106201,-0.6368455290794373,1.1148922443389893,0.0,0.0,-0.002731572836637497,-0.22391080856323242,0.0,0.0,-0.4741583394894952,-0.4610427288516673,0.13977667689323425,0.0061514792032539845,0.0,0.0,0.0,0.0
7.880651950836182,-0.6368455290794373,1.1148922443389893,0.0,0.0,-0.002731572836637497,-0.22391080856323242,0.0,0.0,-0.4741583394894952,-0.4610427288516673,0.13977667689323425,0.0061514792032539845,0.0,0.0,0.0,0.0
7.88353967666626,-0.6368455290794373,1.1148922443389893,0.0,0.0,-0.002731572836637497,-0.22391080856323242,0.0,0.0,-0.47423501980353805,-0.4611769428079316,0.14543049037456512,0.0024717673659324646,0.0,0.0,0.0,0.0
7.88592004776001,-0.6368455290794373,1.1148922443389893,0.0,0.0,-0.002731572836637497,-0.22391080856323242,0.0,0.0,-0.47423501980353805,-0.4611769428079316,0.14543049037456512,0.0024717673659324646,0.0,0.0,0.0,0.0
7.888735294342041,-0.632394015789032,1.1626759767532349,0.0,0.0,-0.0027328096330165863,-0.22396840155124664,0.0,0.0,-0.4744267674020238,-0.46169465196116727,0.14348483085632324,0.0072211213409900665,0.0,0.0,0.0,0.0
7.89056396484375,-0.632394015789032,1.1626759767532349,0.0,0.0,-0.0027328096330165863,-0.22396840155124664,0.0,0.0,-0.4744267674020238,-0.46169465196116727,0.14348483085632324,0.0072211213409900665,0.0,0.0,0.0,0.0
7.892748832702637,-0.632394015789032,1.1626759767532349,0.0,0.0,-0.0027328096330165863,-0.22396840155124664,0.0,0.0,-0.4747143887997523,-0.4617042487037673,0.14544184505939484,0.0002857671643141657,0.0,0.0,0.0,0.0
7.895069599151611,-0.632394015789032,1.1626759767532349,0.0,0.0,-0.0027328096330165863,-0.22396840155124664,0.0,0.0,-0.4749109581762273,-0.4619535299444744,0.14515596628189087,0.002574529964476824,0.0,0.0,0.0,0.0
7.8985395431518555,-0.6595526933670044,1.1968729496002197,0.0,0.0,-0.0027811224572360516,-0.22401413321495056,0.0,0.0,-0.4748486027560166,-0.46202543529390655,0.1471300721168518,0.002174210036173463,0.0,0.0,0.0,0.0
7.900587797164917,-0.6595526933670044,1.1968729496002197,0.0,0.0,-0.0027811224572360516,-0.22401413321495056,0.0,0.0,-0.47494447655525945,-0.4621260840577601,0.14572811126708984,0.002746414393186569,0.0,0.0,0.0,0.0
7.903201341629028,-0.6595526933670044,1.1968729496002197,0.0,0.0,-0.0027811224572360516,-0.22401413321495056,0.0,0.0,-0.4750451721324916,-0.462221957857003,0.1504921019077301,-0.0019890815019607544,0.0,0.0,0.0,0.0
7.905478239059448,-0.6595526933670044,1.1968729496002197,0.0,0.0,-0.0027811224572360516,-0.22401413321495056,0.0,0.0,-0.4751362241537452,-0.46231783165624585,0.14991989731788635,-0.0014453752664849162,0.0,0.0,0.0,0.0
7.9073805809021,-0.6595526933670044,1.1968729496002197,0.0,0.0,-0.0027811224572360516,-0.22401413321495056,0.0,0.0,-0.47515541763894514,-0.4622698947566244,0.1493476927280426,-0.002532731741666794,0.0,0.0,0.0,0.0
7.9094555377960205,-0.6443027853965759,1.287356972694397,0.0,0.0,-0.00276053324341774,-0.2240382432937622,0.0,0.0,-0.47515541763894514,-0.4623466218840458,0.15063509345054626,-0.002532731741666794,0.0,0.0,0.0,0.0
7.911783933639526,-0.6443027853965759,1.287356972694397,0.0,0.0,-0.00276053324341774,-0.2240382432937622,0.0,0.0,-0.47515541763894514,-0.4624376739052994,0.15598833560943604,-0.006054863799363375,0.0,0.0,0.0,0.0
7.913655519485474,-0.6443027853965759,1.287356972694397,0.0,0.0,-0.00276053324341774,-0.2240382432937622,0.0,0.0,-0.47515541763894514,-0.4624376739052994,0.15598833560943604,-0.006054863799363375,0.0,0.0,0.0,0.0
7.916076421737671,-0.6443027853965759,1.287356972694397,0.0,0.0,-0.00276053324341774,-0.2240382432937622,0.0,0.0,-0.47527525988799874,-0.4625383694825315,0.15444333851337433,-0.005454160273075104,0.0,0.0,0.0,0.0
7.9182069301605225,-0.6432729363441467,1.2841235399246216,0.0,0.0,-0.002772808074951172,-0.22411926090717316,0.0,0.0,-0.4753759086518523,-0.4627540855308279,0.15387113392353058,-0.003336947876960039,0.0,0.0,0.0,0.0
7.920024633407593,-0.6432729363441467,1.2841235399246216,0.0,0.0,-0.002772808074951172,-0.22411926090717316,0.0,0.0,-0.47547178245109517,-0.4628882994870922,0.153270423412323,-0.002077985554933548,0.0,0.0,0.0,0.0
7.921716213226318,-0.6432729363441467,1.2841235399246216,0.0,0.0,-0.002772808074951172,-0.22411926090717316,0.0,0.0,-0.47547178245109517,-0.4628882994870922,0.153270423412323,-0.002077985554933548,0.0,0.0,0.0,0.0
7.92361307144165,-0.6432729363441467,1.2841235399246216,0.0,0.0,-0.002772808074951172,-0.22411926090717316,0.0,0.0,-0.4754622325218737,-0.46288347770910293,0.15950174629688263,-0.009568501263856888,0.0,0.0,0.0,0.0
7.925581693649292,-0.6432729363441467,1.2841235399246216,0.0,0.0,-0.002772808074951172,-0.22411926090717316,0.0,0.0,-0.47556288128572727,-0.46288347770910293,0.15807130932807922,-0.009568501263856888,0.0,0.0,0.0,0.0
7.927289962768555,-0.6432729363441467,1.2841235399246216,0.0,0.0,-0.002772808074951172,-0.22411926090717316,0.0,0.0,-0.47565875508497013,-0.46288347770910293,0.1575278788805008,-0.009568501263856888,0.0,0.0,0.0,0.0
7.929467678070068,-0.6454270482063293,1.3628686666488647,0.0,0.0,-0.002788820071145892,-0.22415196895599365,0.0,0.0,-0.475754628884213,-0.46302728840796725,0.15692690014839172,-0.00785166397690773,0.0,0.0,0.0,0.0
7.931250810623169,-0.6454270482063293,1.3628686666488647,0.0,0.0,-0.002788820071145892,-0.22415196895599365,0.0,0.0,-0.475754628884213,-0.46302728840796725,0.15692690014839172,-0.00785166397690773,0.0,0.0,0.0,0.0
7.9331581592559814,-0.6454270482063293,1.3628686666488647,0.0,0.0,-0.002788820071145892,-0.22415196895599365,0.0,0.0,-0.4757690005914237,-0.4631327589498101,0.16302970051765442,-0.012609791941940784,0.0,0.0,0.0,0.0
7.934878587722778,-0.6454270482063293,1.3628686666488647,0.0,0.0,-0.002788820071145892,-0.22415196895599365,0.0,0.0,-0.4759176330682772,-0.4632190360064529,0.16131313145160675,-0.01212336216121912,0.0,0.0,0.0,0.0
7.936591863632202,-0.6454270482063293,1.3628686666488647,0.0,0.0,-0.002788820071145892,-0.22415196895599365,0.0,0.0,-0.47601828183213085,-0.4633005380984851,0.160740926861763,-0.011608432978391647,0.0,0.0,0.0,0.0
7.938368320465088,-0.6466541886329651,1.4393154382705688,0.0,0.0,-0.0027981563471257687,-0.2241719663143158,0.0,0.0,-0.47601828183213085,-0.4633005380984851,0.160740926861763,-0.011608432978391647,0.0,0.0,0.0,0.0
7.940101623535156,-0.6466541886329651,1.4393154382705688,0.0,0.0,-0.0027981563471257687,-0.2241719663143158,0.0,0.0,-0.47610938066676295,-0.4633964118977279,0.16013994812965393,-0.011036228388547897,0.0,0.0,0.0,0.0
7.941812515258789,-0.6466541886329651,1.4393154382705688,0.0,0.0,-0.0027981563471257687,-0.2241719663143158,0.0,0.0,-0.4762052544660058,-0.46349228569697076,0.16496680676937103,-0.01580720767378807,0.0,0.0,0.0,0.0
7.9435296058654785,-0.6466541886329651,1.4393154382705688,0.0,0.0,-0.0027981563471257687,-0.2241719663143158,0.0,0.0,-0.47628193478004865,-0.46364569313843507,0.16448037326335907,-0.0153495566919446,0.0,0.0,0.0,0.0
7.9452595710754395,-0.6466541886329651,1.4393154382705688,0.0,0.0,-0.0027981563471257687,-0.2241719663143158,0.0,0.0,-0.47628193478004865,-0.46364569313843507,0.16448037326335907,-0.0153495566919446,0.0,0.0,0.0,0.0
7.946897506713867,-0.6466541886329651,1.4393154382705688,0.0,0.0,-0.0027981563471257687,-0.2241719663143158,0.0,0.0,-0.4763778085792915,-0.4638470374795207,0.16390816867351532,-0.012803190387785435,0.0,0.0,0.0,0.0
7.948676109313965,-0.643471360206604,1.508660078048706,0.0,0.0,-0.0028050653636455536,-0.22420720756053925,0.0,0.0,-0.4764736823785344,-0.46399084817838504,0.16382239758968353,-0.012002159841358662,0.0,0.0,0.0,0.0
7.950418710708618,-0.643471360206604,1.508660078048706,0.0,0.0,-0.0028050653636455536,-0.22420720756053925,0.0,0.0,-0.4764736823785344,-0.46399084817838504,0.16382239758968353,-0.012002159841358662,0.0,0.0,0.0,0.0
7.952330827713013,-0.643471360206604,1.508660078048706,0.0,0.0,-0.0028050653636455536,-0.22420720756053925,0.0,0.0,-0.47656955617777724,-0.4641154653920493,0.16812260448932648,-0.016215182840824127,0.0,0.0,0.0,0.0
7.954028844833374,-0.643471360206604,1.508660078048706,0.0,0.0,-0.0028050653636455536,-0.22420720756053925,0.0,0.0,-0.4766654299770201,-0.4641106904274386,0.16757917404174805,-0.018303561955690384,0.0,0.0,0.0,0.0
7.955805063247681,-0.643471360206604,1.508660078048706,0.0,0.0,-0.0028050653636455536,-0.22420720756053925,0.0,0.0,-0.4768332091256951,-0.4641873707414815,0.16709274053573608,-0.018303561955690384,0.0,0.0,0.0,0.0
7.957550287246704,-0.643471360206604,1.508660078048706,0.0,0.0,-0.0028050653636455536,-0.22420720756053925,0.0,0.0,-0.4768332091256951,-0.4641873707414815,0.16709274053573608,-0.018303561955690384,0.0,0.0,0.0,0.0
7.9596030712127686,-0.6457856297492981,1.5606430768966675,0.0,0.0,-0.002803355921059847,-0.2242458164691925,0.0,0.0,-0.4770057632389808,-0.4642832445407243,0.16468942165374756,-0.016472451388835907,0.0,0.0,0.0,0.0
7.9617085456848145,-0.6457856297492981,1.5606430768966675,0.0,0.0,-0.002803355921059847,-0.2242458164691925,0.0,0.0,-0.4770585219165915,-0.4645564942312421,0.1652330756187439,-0.01315388921648264,0.0,0.0,0.0,0.0
7.963324308395386,-0.6457856297492981,1.5606430768966675,0.0,0.0,-0.002803355921059847,-0.2242458164691925,0.0,0.0,-0.47712083052342363,-0.46475301679433856,0.1701797991991043,-0.01690031960606575,0.0,0.0,0.0,0.0
7.964996099472046,-0.6457856297492981,1.5606430768966675,0.0,0.0,-0.002803355921059847,-0.2242458164691925,0.0,0.0,-0.47712083052342363,-0.46475301679433856,0.1701797991991043,-0.01690031960606575,0.0,0.0,0.0,0.0
7.966885328292847,-0.6457856297492981,1.5606430768966675,0.0,0.0,-0.002803355921059847,-0.2242458164691925,0.0,0.0,-0.4772214792872772,-0.46479617872934925,0.1696361005306244,-0.018759872764348984,0.0,0.0,0.0,0.0
7.968597173690796,-0.6446245312690735,1.6179685592651367,0.0,0.0,-0.0028109669219702482,-0.2242898941040039,0.0,0.0,-0.4773078031572986,-0.4647242733799171,0.1691211760044098,-0.02001877874135971,0.0,0.0,0.0,0.0
7.970262050628662,-0.6446245312690735,1.6179685592651367,0.0,0.0,-0.0028109669219702482,-0.2242898941040039,0.0,0.0,-0.477513922462995,-0.46487285904339215,0.16703273355960846,-0.01835949718952179,0.0,0.0,0.0,0.0
7.971878290176392,-0.6446245312690735,1.6179685592651367,0.0,0.0,-0.0028109669219702482,-0.2242898941040039,0.0,0.0,-0.477513922462995,-0.46487285904339215,0.16703273355960846,-0.01835949718952179,0.0,0.0,0.0,0.0
7.97383451461792,-0.6446245312690735,1.6179685592651367,0.0,0.0,-0.0028109669219702482,-0.2242898941040039,0.0,0.0,-0.4776241679694486,-0.46496395787802425,0.17123878002166748,-0.0231061689555645,0.0,0.0,0.0,0.0
7.975811719894409,-0.6446245312690735,1.6179685592651367,0.0,0.0,-0.0028109669219702482,-0.2242898941040039,0.0,0.0,-0.4776097962622379,-0.46533785633239566,0.17347019910812378,-0.019215121865272522,0.0,0.0,0.0,0.0
7.977471113204956,-0.6446245312690735,1.6179685592651367,0.0,0.0,-0.0028109669219702482,-0.2242898941040039,0.0,0.0,-0.4776097962622379,-0.46536664656019566,0.17347019910812378,-0.02067429944872856,0.0,0.0,0.0,0.0
7.9793860912323,-0.6423031091690063,1.6678916215896606,0.0,0.0,-0.0028106619138270617,-0.2243509590625763,0.0,0.0,-0.4776097962622379,-0.46536664656019566,0.17347019910812378,-0.02067429944872856,0.0,0.0,0.0,0.0
7.981295824050903,-0.6423031091690063,1.6678916215896606,0.0,0.0,-0.0028106619138270617,-0.2243509590625763,0.0,0.0,-0.4777679786683129,-0.46533785633239566,0.17172515392303467,-0.021704379469156265,0.0,0.0,0.0,0.0
7.983435869216919,-0.6423031091690063,1.6678916215896606,0.0,0.0,-0.0028106619138270617,-0.2243509590625763,0.0,0.0,-0.47785425572495577,-0.4654960387384707,0.17646901309490204,-0.02527652494609356,0.0,0.0,0.0,0.0
7.985263824462891,-0.6423031091690063,1.6678916215896606,0.0,0.0,-0.0028106619138270617,-0.2243509590625763,0.0,0.0,-0.47823775092192716,-0.46582682207120996,0.1726352423429489,-0.02161458134651184,0.0,0.0,0.0,0.0
7.986971855163574,-0.6423031091690063,1.6678916215896606,0.0,0.0,-0.0028106619138270617,-0.2243509590625763,0.0,0.0,-0.4782569444071271,-0.46599937618449566,0.17409414052963257,-0.021414197981357574,0.0,0.0,0.0,0.0
7.988880395889282,-0.6509127616882324,1.6950448751449585,0.0,0.0,-0.002836077706888318,-0.22440630197525024,0.0,0.0,-0.4782569444071271,-0.46599937618449566,0.17409414052963257,-0.021414197981357574,0.0,0.0,0.0,0.0
7.990814208984375,-0.6509127616882324,1.6950448751449585,0.0,0.0,-0.002836077706888318,-0.22440630197525024,0.0,0.0,-0.4783000595287593,-0.4664500017662885,0.17512422800064087,-0.01706549897789955,0.0,0.0,0.0,0.0
7.992621183395386,-0.6509127616882324,1.6950448751449585,0.0,0.0,-0.002836077706888318,-0.22440630197525024,0.0,0.0,-0.4784007551059914,-0.46660340920775273,0.17862345278263092,-0.023168250918388367,0.0,0.0,0.0,0.0
7.994447708129883,-0.6509127616882324,1.6950448751449585,0.0,0.0,-0.002836077706888318,-0.22440630197525024,0.0,0.0,-0.4788513338744057,-0.4665650690507313,0.1729300618171692,-0.02379767782986164,0.0,0.0,0.0,0.0
7.9963037967681885,-0.6509127616882324,1.6950448751449585,0.0,0.0,-0.002836077706888318,-0.22440630197525024,0.0,0.0,-0.4789759979014485,-0.4665650690507313,0.17438897490501404,-0.025056304410099983,0.0,0.0,0.0,0.0
7.998018264770508,-0.6651887893676758,1.7337936162948608,0.0,0.0,-0.0028539125341922045,-0.22445803880691528,0.0,0.0,-0.4789759979014485,-0.4665650690507313,0.17438897490501404,-0.025056304410099983,0.0,0.0,0.0,0.0
7.999812841415405,-0.6651887893676758,1.7337936162948608,0.0,0.0,-0.0028539125341922045,-0.22445803880691528,0.0,0.0,-0.4791485520147343,-0.46671365471420634,0.17335911095142365,-0.02333974465727806,0.0,0.0,0.0,0.0
8.001182317733765,-0.6651887893676758,1.7337936162948608,0.0,0.0,-0.0028539125341922045,-0.22445803880691528,0.0,0.0,-0.4791964889143557,-0.46680475354883844,0.17922721803188324,-0.028205161914229393,0.0,0.0,0.0,0.0
8.002465009689331,-0.6651887893676758,1.7337936162948608,0.0,0.0,-0.0028539125341922045,-0.22445803880691528,0.0,0.0,-0.4791964889143557,-0.46680475354883844,0.17922721803188324,-0.028205161914229393,0.0,0.0,0.0,0.0
8.003745317459106,-0.6651887893676758,1.7337936162948608,0.0,0.0,-0.0028539125341922045,-0.22445803880691528,0.0,0.0,-0.4791437770501235,-0.46713549006819916,0.18037156760692596,-0.02454294078052044,0.0,0.0,0.0,0.0
8.00504994392395,-0.6651887893676758,1.7337936162948608,0.0,0.0,-0.0028539125341922045,-0.22445803880691528,0.0,0.0,-0.4791437770501235,-0.46713549006819916,0.18037156760692596,-0.02454294078052044,0.0,0.0,0.0,0.0
8.006559133529663,-0.6651887893676758,1.7337936162948608,0.0,0.0,-0.0028539125341922045,-0.22445803880691528,0.0,0.0,-0.47924924759196635,-0.4671977986750313,0.17894111573696136,-0.025830566883087158,0.0,0.0,0.0,0.0
8.00790286064148,-0.6576148271560669,1.7591392993927002,0.0,0.0,-0.002856501145288348,-0.22453108429908752,0.0,0.0,-0.47933552464860923,-0.46717865200320985,0.17836891114711761,-0.026774592697620392,0.0,0.0,0.0,0.0
8.009255170822144,-0.6576148271560669,1.7591392993927002,0.0,0.0,-0.002856501145288348,-0.22453108429908752,0.0,0.0,-0.47933552464860923,-0.46717865200320985,0.17836891114711761,-0.026774592697620392,0.0,0.0,0.0,0.0
8.010570526123047,-0.6576148271560669,1.7591392993927002,0.0,0.0,-0.002856501145288348,-0.22453108429908752,0.0,0.0,-0.4794265766698628,-0.46733205944467415,0.1778540015220642,-0.025029538199305534,0.0,0.0,0.0,0.0
8.01190972328186,-0.6576148271560669,1.7591392993927002,0.0,0.0,-0.002856501145288348,-0.22453108429908752,0.0,0.0,-0.4794265766698628,-0.46733205944467415,0.1778540015220642,-0.025029538199305534,0.0,0.0,0.0,0.0
8.013219356536865,-0.6576148271560669,1.7591392993927002,0.0,0.0,-0.002856501145288348,-0.22453108429908752,0.0,0.0,-0.4796518894607592,-0.4678114284408884,0.18111543357372284,-0.02506071701645851,0.0,0.0,0.0,0.0
8.014572143554688,-0.6576148271560669,1.7591392993927002,0.0,0.0,-0.002856501145288348,-0.22453108429908752,0.0,0.0,-0.4796518894607592,-0.4678114284408884,0.18111543357372284,-0.02506071701645851,0.0,0.0,0.0,0.0
8.01626992225647,-0.6576148271560669,1.7591392993927002,0.0,0.0,-0.002856501145288348,-0.22453108429908752,0.0,0.0,-0.47983404031664495,-0.4678114284408884,0.17997102439403534,-0.027578474953770638,0.0,0.0,0.0,0.0
8.017992496490479,-0.6415113806724548,1.7699875831604004,0.0,0.0,-0.0028540054336190224,-0.22459591925144196,0.0,0.0,-0.4800162379859092,-0.4677922349556884,0.178883895277977,-0.02849400043487549,0.0,0.0,0.0,0.0
8.0193452835083,-0.6415113806724548,1.7699875831604004,0.0,0.0,-0.0028540054336190224,-0.22459591925144196,0.0,0.0,-0.4800162379859092,-0.4677922349556884,0.178883895277977,-0.02849400043487549,0.0,0.0,0.0,0.0
8.020686626434326,-0.6415113806724548,1.7699875831604004,0.0,0.0,-0.0028540054336190224,-0.22459591925144196,0.0,0.0,-0.4801025150425521,-0.4679073022401313,0.17919844388961792,-0.027006270363926888,0.0,0.0,0.0,0.0
8.0222806930542,-0.6415113806724548,1.7699875831604004,0.0,0.0,-0.0028540054336190224,-0.22459591925144196,0.0,0.0,-0.48032782783344846,-0.4679887575187848,0.18238027393817902,-0.03181580454111099,0.0,0.0,0.0,0.0
8.023756265640259,-0.6415113806724548,1.7699875831604004,0.0,0.0,-0.0028540054336190224,-0.22459591925144196,0.0,0.0,-0.48032782783344846,-0.4679887575187848,0.18238027393817902,-0.03181580454111099,0.0,0.0,0.0,0.0
8.025075197219849,-0.6415113806724548,1.7699875831604004,0.0,0.0,-0.0028540054336190224,-0.22459591925144196,0.0,0.0,-0.4803997331828806,-0.4682763789165134,0.18280938267707825,-0.028554240241646767,0.0,0.0,0.0,0.0
8.026437997817993,-0.6415113806724548,1.7699875831604004,0.0,0.0,-0.0028540054336190224,-0.22459591925144196,0.0,0.0,-0.4803997331828806,-0.4682763789165134,0.18280938267707825,-0.028554240241646767,0.0,0.0,0.0,0.0
8.028122425079346,-0.6579124927520752,1.8424485921859741,0.0,0.0,-0.002881195629015565,-0.22465310990810394,0.0,0.0,-0.48046681675432346,-0.4684633515503884,0.18238022923469543,-0.028239581733942032,0.0,0.0,0.0,0.0
8.029482126235962,-0.6579124927520752,1.8424485921859741,0.0,0.0,-0.002881195629015565,-0.22465310990810394,0.0,0.0,-0.48055309381096634,-0.4684825450355884,0.18186528980731964,-0.028897786512970924,0.0,0.0,0.0,0.0
8.030862808227539,-0.6579124927520752,1.8424485921859741,0.0,0.0,-0.002881195629015565,-0.22465310990810394,0.0,0.0,-0.48055309381096634,-0.4684825450355884,0.18186528980731964,-0.028897786512970924,0.0,0.0,0.0,0.0
8.032829761505127,-0.6579124927520752,1.8424485921859741,0.0,0.0,-0.002881195629015565,-0.22465310990810394,0.0,0.0,-0.4809941226501592,-0.46889478364698123,0.1830899864435196,-0.029295535758137703,0.0,0.0,0.0,0.0
8.034280061721802,-0.6579124927520752,1.8424485921859741,0.0,0.0,-0.002881195629015565,-0.22465310990810394,0.0,0.0,-0.4809941226501592,-0.46889478364698123,0.1830899864435196,-0.029295535758137703,0.0,0.0,0.0,0.0
8.035712242126465,-0.6579124927520752,1.8424485921859741,0.0,0.0,-0.002881195629015565,-0.22465310990810394,0.0,0.0,-0.4811043681566127,-0.4690625627956562,0.18303266167640686,-0.030010677874088287,0.0,0.0,0.0,0.0
8.037119388580322,-0.6579124927520752,1.8424485921859741,0.0,0.0,-0.002881195629015565,-0.22465310990810394,0.0,0.0,-0.4811043681566127,-0.4690625627956562,0.18303266167640686,-0.030010677874088287,0.0,0.0,0.0,0.0
8.039266109466553,-0.6541673541069031,1.8674476146697998,0.0,0.0,-0.0028852683026343584,-0.22471995651721954,0.0,0.0,-0.4813153092402984,-0.4691920017873098,0.18188825249671936,-0.02918115258216858,0.0,0.0,0.0,0.0
8.040840864181519,-0.6541673541069031,1.8674476146697998,0.0,0.0,-0.0028852683026343584,-0.22471995651721954,0.0,0.0,-0.4816508675376484,-0.46947002644243835,0.17899879813194275,-0.028093738481402397,0.0,0.0,0.0,0.0
8.04227089881897,-0.6541673541069031,1.8674476146697998,0.0,0.0,-0.0028852683026343584,-0.22471995651721954,0.0,0.0,-0.4816508675376484,-0.46947002644243835,0.17899879813194275,-0.028093738481402397,0.0,0.0,0.0,0.0
8.043741703033447,-0.6541673541069031,1.8674476146697998,0.0,0.0,-0.0028852683026343584,-0.22471995651721954,0.0,0.0,-0.481770709786702,-0.46967614574813477,0.18454335629940033,-0.031718909740448,0.0,0.0,0.0,0.0
8.045893669128418,-0.6541673541069031,1.8674476146697998,0.0,0.0,-0.0028852683026343584,-0.22471995651721954,0.0,0.0,-0.48206310614904124,-0.4701507397797383,0.18191121518611908,-0.027169885113835335,0.0,0.0,0.0,0.0
8.047677040100098,-0.6541673541069031,1.8674476146697998,0.0,0.0,-0.0028852683026343584,-0.22471995651721954,0.0,0.0,-0.48206310614904124,-0.4701507397797383,0.18191121518611908,-0.027169885113835335,0.0,0.0,0.0,0.0
8.049443244934082,-0.6454616785049438,1.9268561601638794,0.0,0.0,-0.002850168151780963,-0.22475787997245789,0.0,0.0,-0.48250895676622335,-0.4705678001691204,0.1784207671880722,-0.02479529194533825,0.0,0.0,0.0,0.0
8.051238298416138,-0.6454616785049438,1.9268561601638794,0.0,0.0,-0.002850168151780963,-0.22475787997245789,0.0,0.0,-0.48283491832097336,-0.47092250513829187,0.1761319488286972,-0.02339322119951248,0.0,0.0,0.0,0.0
8.052761554718018,-0.6454616785049438,1.9268561601638794,0.0,0.0,-0.002850168151780963,-0.22475787997245789,0.0,0.0,-0.48283491832097336,-0.47092250513829187,0.1761319488286972,-0.02339322119951248,0.0,0.0,0.0,0.0
8.054795265197754,-0.6454616785049438,1.9268561601638794,0.0,0.0,-0.002850168151780963,-0.22475787997245789,0.0,0.0,-0.4831177179407126,-0.4712005297934204,0.18098166584968567,-0.02701420709490776,0.0,0.0,0.0,0.0
8.056280612945557,-0.6454616785049438,1.9268561601638794,0.0,0.0,-0.002850168151780963,-0.22475787997245789,0.0,0.0,-0.48364502383654834,-0.47165593033982395,0.17631837725639343,-0.02286583185195923,0.0,0.0,0.0,0.0
8.059181928634644,-0.6595366597175598,1.9111132621765137,0.0,0.0,-0.002878298982977867,-0.224845290184021,0.0,0.0,-0.48419629818219473,-0.4720394255367954,0.17334279417991638,-0.021377988159656525,0.0,0.0,0.0,0.0
8.061629295349121,-0.6595366597175598,1.9111132621765137,0.0,0.0,-0.002878298982977867,-0.224845290184021,0.0,0.0,-0.4849489168689268,-0.47289751476537034,0.1665334403514862,-0.012594536878168583,0.0,0.0,0.0,0.0
8.064152240753174,-0.6595366597175598,1.9111132621765137,0.0,0.0,-0.002878298982977867,-0.224845290184021,0.0,0.0,-0.4856535986560375,-0.47368847360912386,0.16790390014648438,-0.012963618151843548,0.0,0.0,0.0,0.0
8.06659722328186,-0.6595366597175598,1.9111132621765137,0.0,0.0,-0.002878298982977867,-0.224845290184021,0.0,0.0,-0.4863774271149696,-0.4744794324528774,0.1627541035413742,-0.007928385399281979,0.0,0.0,0.0,0.0
8.068757057189941,-0.6545089483261108,1.9459995031356812,0.0,0.0,-0.002879894571378827,-0.2249322384595871,0.0,0.0,-0.4873074216929767,-0.4755963528513809,0.15820524096488953,-0.0013765868498012424,0.0,0.0,0.0,0.0
8.070580959320068,-0.6545089483261108,1.9459995031356812,0.0,0.0,-0.002879894571378827,-0.2249322384595871,0.0,0.0,-0.48829012813521594,-0.47654071913659873,0.1496792882680893,0.00468883803114295,0.0,0.0,0.0,0.0
8.072177171707153,-0.6545089483261108,1.9459995031356812,0.0,0.0,-0.002879894571378827,-0.2249322384595871,0.0,0.0,-0.48829012813521594,-0.47654071913659873,0.1496792882680893,0.00468883803114295,0.0,0.0,0.0,0.0
8.073854207992554,-0.6545089483261108,1.9459995031356812,0.0,0.0,-0.002879894571378827,-0.2249322384595871,0.0,0.0,-0.48943583876151947,-0.4781130400815058,0.14619475603103638,0.010835399851202965,0.0,0.0,0.0,0.0
8.075663089752197,-0.6545089483261108,1.9459995031356812,0.0,0.0,-0.002879894571378827,-0.2249322384595871,0.0,0.0,-0.48943583876151947,-0.4781130400815058,0.14619475603103638,0.010835399851202965,0.0,0.0,0.0,0.0
8.077255725860596,-0.6545089483261108,1.9459995031356812,0.0,0.0,-0.002879894571378827,-0.2249322384595871,0.0,0.0,-0.49083555877976226,-0.479776459861045,0.13772602379322052,0.026227649301290512,0.0,0.0,0.0,0.0
8.07926058769226,-0.6598795056343079,1.8724589347839355,0.0,0.0,-0.0029019098728895187,-0.22509221732616425,0.0,0.0,-0.4922353256113836,-0.4817802129025449,0.12934327125549316,0.03775779902935028,0.0,0.0,0.0,0.0
8.081369638442993,-0.6598795056343079,1.8724589347839355,0.0,0.0,-0.0029019098728895187,-0.22509221732616425,0.0,0.0,-0.49358238057877285,-0.4837887877220341,0.12053143233060837,0.04708461835980415,0.0,0.0,0.0,0.0
8.083016157150269,-0.6598795056343079,1.8724589347839355,0.0,0.0,-0.0029019098728895187,-0.22509221732616425,0.0,0.0,-0.49358238057877285,-0.4837887877220341,0.12053143233060837,0.04708461835980415,0.0,0.0,0.0,0.0
8.08454704284668,-0.6598795056343079,1.8724589347839355,0.0,0.0,-0.0029019098728895187,-0.22509221732616425,0.0,0.0,-0.4951115395886692,-0.4854138205311733,0.11682607978582382,0.05273407697677612,0.0,0.0,0.0,0.0
8.08647871017456,-0.6598795056343079,1.8724589347839355,0.0,0.0,-0.0029019098728895187,-0.22509221732616425,0.0,0.0,-0.4960846492883085,-0.4866937451137411,0.11179067194461823,0.05825568735599518,0.0,0.0,0.0,0.0
8.088283061981201,-0.6665099263191223,1.6300300359725952,0.0,0.0,-0.0029000958893448114,-0.2253725230693817,0.0,0.0,-0.4960846492883085,-0.4866937451137411,0.11179067194461823,0.05825568735599518,0.0,0.0,0.0,0.0
8.090444564819336,-0.6665099263191223,1.6300300359725952,0.0,0.0,-0.0029000958893448114,-0.2253725230693817,0.0,0.0,-0.4966694888263656,-0.48745113876508395,0.11184800416231155,0.05845601111650467,0.0,0.0,0.0,0.0
8.09215784072876,-0.6665099263191223,1.6300300359725952,0.0,0.0,-0.0029000958893448114,-0.2253725230693817,0.0,0.0,-0.49684686471764056,-0.48779151884042316,0.11955885589122772,0.053463079035282135,0.0,0.0,0.0,0.0
8.093935489654541,-0.6665099263191223,1.6300300359725952,0.0,0.0,-0.0029000958893448114,-0.2253725230693817,0.0,0.0,-0.49700504712371557,-0.48774358194080175,0.12044584006071091,0.04985824599862099,0.0,0.0,0.0,0.0
8.09603238105774,-0.6665099263191223,1.6300300359725952,0.0,0.0,-0.0029000958893448114,-0.2253725230693817,0.0,0.0,-0.49693796355227265,-0.48773398519820177,0.1215616837143898,0.04762653633952141,0.0,0.0,0.0,0.0
8.09856629371643,-0.6792157292366028,1.2232203483581543,0.0,0.0,-0.0029785630758851767,-0.22582916915416718,0.0,0.0,-0.49693796355227265,-0.48773398519820177,0.12244843691587448,0.04762653633952141,0.0,0.0,0.0,0.0
8.100615739822388,-0.6792157292366028,1.2232203483581543,0.0,0.0,-0.0029785630758851767,-0.22582916915416718,0.0,0.0,-0.49693796355227265,-0.48773398519820177,0.12244843691587448,0.04762653633952141,0.0,0.0,0.0,0.0
8.1025550365448,-0.6792157292366028,1.2232203483581543,0.0,0.0,-0.0029785630758851767,-0.22582916915416718,0.0,0.0,-0.49693796355227265,-0.48773398519820177,0.12244843691587448,0.04762653633952141,0.0,0.0,0.0,0.0
8.104961395263672,-0.6792157292366028,1.2232203483581543,0.0,0.0,-0.0029785630758851767,-0.22582916915416718,0.0,0.0,-0.49693796355227265,-0.48773398519820177,0.12781564891338348,0.04225792735815048,0.0,0.0,0.0,0.0
8.107247114181519,-0.6792157292366028,1.2232203483581543,0.0,0.0,-0.0029785630758851767,-0.22582916915416718,0.0,0.0,-0.49693796355227265,-0.48773398519820177,0.12781564891338348,0.04225792735815048,0.0,0.0,0.0,0.0
8.109689235687256,-0.7432228326797485,0.4913797676563263,0.0,0.0,-0.0032087371218949556,-0.22667448222637177,0.0,0.0,-0.49693796355227265,-0.48773398519820177,0.12781564891338348,0.04225792735815048,0.0,0.0,0.0,0.0
8.112340688705444,-0.7432228326797485,0.4913797676563263,0.0,0.0,-0.0032087371218949556,-0.22667448222637177,0.0,0.0,-0.49693796355227265,-0.48773398519820177,0.1332060545682907,0.036869198083877563,0.0,0.0,0.0,0.0
8.114227771759033,-0.7432228326797485,0.4913797676563263,0.0,0.0,-0.0032087371218949556,-0.22667448222637177,0.0,0.0,-0.49693796355227265,-0.48773398519820177,0.1332060545682907,0.036869198083877563,0.0,0.0,0.0,0.0
8.116333723068237,-0.7432228326797485,0.4913797676563263,0.0,0.0,-0.0032087371218949556,-0.22667448222637177,0.0,0.0,-0.49693796355227265,-0.48773398519820177,0.1332060545682907,0.036869198083877563,0.0,0.0,0.0,0.0
8.11844778060913,-0.736433207988739,0.6746997833251953,0.0,0.0,-0.0032313698902726173,-0.22677958011627197,0.0,0.0,-0.49693796355227265,-0.48773398519820177,0.1332060545682907,0.036869198083877563,0.0,0.0,0.0,0.0
8.120662450790405,-0.736433207988739,0.6746997833251953,0.0,0.0,-0.0032313698902726173,-0.22677958011627197,0.0,0.0,-0.49693796355227265,-0.48773398519820177,0.1332060545682907,0.036869198083877563,0.0,0.0,0.0,0.0
8.122469663619995,-0.736433207988739,0.6746997833251953,0.0,0.0,-0.0032313698902726173,-0.22677958011627197,0.0,0.0,-0.49693796355227265,-0.48773398519820177,0.13856180012226105,0.03151176497340202,0.0,0.0,0.0,0.0
8.124291181564331,-0.736433207988739,0.6746997833251953,0.0,0.0,-0.0032313698902726173,-0.22677958011627197,0.0,0.0,-0.49693796355227265,-0.48773398519820177,0.13856180012226105,0.03151176497340202,0.0,0.0,0.0,0.0
8.126136779785156,-0.736433207988739,0.6746997833251953,0.0,0.0,-0.0032313698902726173,-0.22677958011627197,0.0,0.0,-0.49693796355227265,-0.48773398519820177,0.13856180012226105,0.03151176497340202,0.0,0.0,0.0,0.0
8.128279447555542,-0.7388489246368408,0.7791471481323242,0.0,0.0,-0.0032313698902726173,-0.22677958011627197,0.0,0.0,-0.49693796355227265,-0.48773398519820177,0.13856180012226105,0.03151176497340202,0.0,0.0,0.0,0.0
8.13050103187561,-0.7388489246368408,0.7791471481323242,0.0,0.0,-0.0032313698902726173,-0.22677958011627197,0.0,0.0,-0.49693796355227265,-0.48773398519820177,0.13856180012226105,0.03151176497340202,0.0,0.0,0.0,0.0
8.1322603225708,-0.7388489246368408,0.7791471481323242,0.0,0.0,-0.0032313698902726173,-0.22677958011627197,0.0,0.0,-0.49693796355227265,-0.48773398519820177,0.14391784369945526,0.02615712769329548,0.0,0.0,0.0,0.0
8.13402533531189,-0.7388489246368408,0.7791471481323242,0.0,0.0,-0.0032313698902726173,-0.22677958011627197,0.0,0.0,-0.49693796355227265,-0.48773398519820177,0.14391784369945526,0.02615712769329548,0.0,0.0,0.0,0.0
8.135654926300049,-0.7388489246368408,0.7791471481323242,0.0,0.0,-0.0032313698902726173,-0.22677958011627197,0.0,0.0,-0.49693796355227265,-0.48773398519820177,0.14391784369945526,0.02615712769329548,0.0,0.0,0.0,0.0
8.137119770050049,-0.7388489246368408,0.7791471481323242,0.0,0.0,-0.0032313698902726173,-0.22677958011627197,0.0,0.0,-0.49693796355227265,-0.48773398519820177,0.14391784369945526,0.02615712769329548,0.0,0.0,0.0,0.0
8.138495445251465,-0.7374767661094666,0.8759633898735046,0.0,0.0,-0.0032313698902726173,-0.22677958011627197,0.0,0.0,-0.49693796355227265,-0.48773398519820177,0.14391784369945526,0.02615712769329548,0.0,0.0,0.0,0.0
8.139896631240845,-0.7374767661094666,0.8759633898735046,0.0,0.0,-0.0032313698902726173,-0.22677958011627197,0.0,0.0,-0.49693796355227265,-0.48773398519820177,0.14391784369945526,0.02615712769329548,0.0,0.0,0.0,0.0
8.14157247543335,-0.7374767661094666,0.8759633898735046,0.0,0.0,-0.0032313698902726173,-0.22677958011627197,0.0,0.0,-0.49693796355227265,-0.48773398519820177,0.14929957687854767,0.020775385200977325,0.0,0.0,0.0,0.0
8.142913341522217,-0.7374767661094666,0.8759633898735046,0.0,0.0,-0.0032313698902726173,-0.22677958011627197,0.0,0.0,-0.49693796355227265,-0.48773398519820177,0.14929957687854767,0.020775385200977325,0.0,0.0,0.0,0.0
8.144368648529053,-0.7374767661094666,0.8759633898735046,0.0,0.0,-0.0032313698902726173,-0.22677958011627197,0.0,0.0,-0.49693796355227265,-0.48773398519820177,0.14929957687854767,0.020775385200977325,0.0,0.0,0.0,0.0
8.145732164382935,-0.7374767661094666,0.8759633898735046,0.0,0.0,-0.0032313698902726173,-0.22677958011627197,0.0,0.0,-0.49693796355227265,-0.48773398519820177,0.14929957687854767,0.020775385200977325,0.0,0.0,0.0,0.0
8.1472327709198,-0.7374767661094666,0.8759633898735046,0.0,0.0,-0.0032313698902726173,-0.22677958011627197,0.0,0.0,-0.49693796355227265,-0.48773398519820177,0.14929957687854767,0.020775385200977325,0.0,0.0,0.0,0.0
8.149245500564575,-0.7360982894897461,0.9721869826316833,0.0,0.0,-0.0032313698902726173,-0.22677958011627197,0.0,0.0,-0.49693796355227265,-0.48773398519820177,0.14929957687854767,0.020775385200977325,0.0,0.0,0.0,0.0
8.151021957397461,-0.7360982894897461,0.9721869826316833,0.0,0.0,-0.0032313698902726173,-0.22677958011627197,0.0,0.0,-0.49693796355227265,-0.48773398519820177,0.14929957687854767,0.020775385200977325,0.0,0.0,0.0,0.0
8.153165578842163,-0.7360982894897461,0.9721869826316833,0.0,0.0,-0.0032313698902726173,-0.22677958011627197,0.0,0.0,-0.4970769524731477,-0.48773398519820177,0.15296503901481628,0.015421025454998016,0.0,0.0,0.0,0.0
8.155312776565552,-0.7360982894897461,0.9721869826316833,0.0,0.0,-0.0032313698902726173,-0.22677958011627197,0.0,0.0,-0.49718242301499055,-0.48773398519820177,0.1523640751838684,0.015421025454998016,0.0,0.0,0.0,0.0
8.157085418701172,-0.7360982894897461,0.9721869826316833,0.0,0.0,-0.0032313698902726173,-0.22677958011627197,0.0,0.0,-0.4972782968142334,-0.48773398519820177,0.15182062983512878,0.015421025454998016,0.0,0.0,0.0,0.0
8.159101963043213,-0.7347337603569031,1.0683884620666504,0.0,0.0,-0.0032313698902726173,-0.22677958011627197,0.0,0.0,-0.4972447316218227,-0.48773398519820177,0.15282194316387177,0.015421025454998016,0.0,0.0,0.0,0.0
8.160833597183228,-0.7347337603569031,1.0683884620666504,0.0,0.0,-0.0032313698902726173,-0.22677958011627197,0.0,0.0,-0.4972447316218227,-0.48773398519820177,0.15282194316387177,0.015421025454998016,0.0,0.0,0.0,0.0
8.162899494171143,-0.7347337603569031,1.0683884620666504,0.0,0.0,-0.0032313698902726173,-0.22677958011627197,0.0,0.0,-0.4972447316218227,-0.48773398519820177,0.15819501876831055,0.01004934310913086,0.0,0.0,0.0,0.0
8.1646409034729,-0.7347337603569031,1.0683884620666504,0.0,0.0,-0.0032313698902726173,-0.22677958011627197,0.0,0.0,-0.4972447316218227,-0.48773398519820177,0.15819501876831055,0.01004934310913086,0.0,0.0,0.0,0.0
8.166329383850098,-0.7347337603569031,1.0683884620666504,0.0,0.0,-0.0032313698902726173,-0.22677958011627197,0.0,0.0,-0.4972447316218227,-0.48773398519820177,0.15819501876831055,0.01004934310913086,0.0,0.0,0.0,0.0
8.16824197769165,-0.733356237411499,1.1650638580322266,0.0,0.0,-0.0032313698902726173,-0.22677958011627197,0.0,0.0,-0.4972447316218227,-0.48773398519820177,0.15819501876831055,0.01004934310913086,0.0,0.0,0.0,0.0
8.16993522644043,-0.733356237411499,1.1650638580322266,0.0,0.0,-0.0032313698902726173,-0.22677958011627197,0.0,0.0,-0.4972447316218227,-0.4878921676042767,0.15819501876831055,0.011851676739752293,0.0,0.0,0.0,0.0
8.171447277069092,-0.733356237411499,1.1650638580322266,0.0,0.0,-0.0032313698902726173,-0.22677958011627197,0.0,0.0,-0.4972447316218227,-0.4878921676042767,0.15819501876831055,0.011851676739752293,0.0,0.0,0.0,0.0
8.173173666000366,-0.733356237411499,1.1650638580322266,0.0,0.0,-0.0032313698902726173,-0.22677958011627197,0.0,0.0,-0.4973406054210655,-0.4881750140373946,0.16213764250278473,0.007052198518067598,0.0,0.0,0.0,0.0
8.174586534500122,-0.733356237411499,1.1650638580322266,0.0,0.0,-0.0032313698902726173,-0.22677958011627197,0.0,0.0,-0.49743170425569766,-0.4883571648932803,0.16162243485450745,0.011429674923419952,0.0,0.0,0.0,0.0
8.176031827926636,-0.733356237411499,1.1650638580322266,0.0,0.0,-0.0032313698902726173,-0.22677958011627197,0.0,0.0,-0.49743170425569766,-0.4883571648932803,0.16162243485450745,0.011429674923419952,0.0,0.0,0.0,0.0
8.177473545074463,-0.733356237411499,1.1650638580322266,0.0,0.0,-0.0032313698902726173,-0.22677958011627197,0.0,0.0,-0.49753235301955123,-0.48849620062753385,0.1610502302646637,0.009570121765136719,0.0,0.0,0.0,0.0
8.179630517959595,-0.7222905158996582,1.2404738664627075,0.0,0.0,-0.0032038248609751463,-0.226793572306633,0.0,0.0,-0.4975515465047512,-0.488697498155241,0.16042102873325348,0.012030434794723988,0.0,0.0,0.0,0.0
8.181090593338013,-0.7222905158996582,1.2404738664627075,0.0,0.0,-0.0032038248609751463,-0.226793572306633,0.0,0.0,-0.4975515465047512,-0.488697498155241,0.16042102873325348,0.012030434794723988,0.0,0.0,0.0,0.0
8.182524681091309,-0.7222905158996582,1.2404738664627075,0.0,0.0,-0.0032038248609751463,-0.226793572306633,0.0,0.0,-0.4976713887538048,-0.48865438303360886,0.16560803353786469,0.006098058540374041,0.0,0.0,0.0,0.0
8.183985471725464,-0.7222905158996582,1.2404738664627075,0.0,0.0,-0.0032038248609751463,-0.226793572306633,0.0,0.0,-0.4976713887538048,-0.48865438303360886,0.16560803353786469,0.006098058540374041,0.0,0.0,0.0,0.0
8.185448408126831,-0.7222905158996582,1.2404738664627075,0.0,0.0,-0.0032038248609751463,-0.226793572306633,0.0,0.0,-0.49777203751765836,-0.48865438303360886,0.16500703990459442,0.004782155156135559,0.0,0.0,0.0,0.0
8.186959743499756,-0.7222905158996582,1.2404738664627075,0.0,0.0,-0.0032038248609751463,-0.226793572306633,0.0,0.0,-0.49777203751765836,-0.48865438303360886,0.16500703990459442,0.004782155156135559,0.0,0.0,0.0,0.0
8.189221620559692,-0.722923755645752,1.3411095142364502,0.0,0.0,-0.0031968445982784033,-0.22679714858531952,0.0,0.0,-0.4978679113169012,-0.48865438303360886,0.16440634429454803,0.004782155156135559,0.0,0.0,0.0,0.0
8.190668106079102,-0.722923755645752,1.3411095142364502,0.0,0.0,-0.0031968445982784033,-0.22679714858531952,0.0,0.0,-0.49785831457430124,-0.48865438303360886,0.1652933657169342,0.004782155156135559,0.0,0.0,0.0,0.0
8.192113637924194,-0.722923755645752,1.3411095142364502,0.0,0.0,-0.0031968445982784033,-0.22679714858531952,0.0,0.0,-0.49785831457430124,-0.48865438303360886,0.1652933657169342,0.004782155156135559,0.0,0.0,0.0,0.0
8.193536043167114,-0.722923755645752,1.3411095142364502,0.0,0.0,-0.0031968445982784033,-0.22679714858531952,0.0,0.0,-0.49785831457430124,-0.4887646285400624,0.17067483067512512,0.0008867495926097035,0.0,0.0,0.0,0.0
8.19565463066101,-0.722923755645752,1.3411095142364502,0.0,0.0,-0.0031968445982784033,-0.22679714858531952,0.0,0.0,-0.49785831457430124,-0.488865277303916,0.17067483067512512,0.0014589540660381317,0.0,0.0,0.0,0.0
8.198063850402832,-0.7434091567993164,1.3600513935089111,0.0,0.0,-0.0032469662837684155,-0.226841539144516,0.0,0.0,-0.4980069470511548,-0.48896115110315885,0.16898676753044128,0.0020596571266651154,0.0,0.0,0.0,0.0
8.200107097625732,-0.7434091567993164,1.3600513935089111,0.0,0.0,-0.0032469662837684155,-0.226841539144516,0.0,0.0,-0.4980932241077976,-0.48896115110315885,0.16841456294059753,0.001229904592037201,0.0,0.0,0.0,0.0
8.202244997024536,-0.7434091567993164,1.3600513935089111,0.0,0.0,-0.0032469662837684155,-0.226841539144516,0.0,0.0,-0.49818432294242976,-0.48896115110315885,0.17327551543712616,-0.0041445717215538025,0.0,0.0,0.0,0.0
8.204364776611328,-0.7434091567993164,1.3600513935089111,0.0,0.0,-0.0032469662837684155,-0.226841539144516,0.0,0.0,-0.49818432294242976,-0.48896115110315885,0.17327551543712616,-0.0041445717215538025,0.0,0.0,0.0,0.0
8.206970691680908,-0.7434091567993164,1.3600513935089111,0.0,0.0,-0.0032469662837684155,-0.226841539144516,0.0,0.0,-0.4981651294572298,-0.48896115110315885,0.1742195338010788,-0.0041445717215538025,0.0,0.0,0.0,0.0
8.209785461425781,-0.7361364364624023,1.4437475204467773,0.0,0.0,-0.003253938863053918,-0.2268713116645813,0.0,0.0,-0.49831371512070477,-0.48912893025183385,0.17253147065639496,-0.002341959625482559,0.0,0.0,0.0,0.0
8.212476968765259,-0.7361364364624023,1.4437475204467773,0.0,0.0,-0.003253938863053918,-0.2268713116645813,0.0,0.0,-0.4984144106979369,-0.4895028755195838,0.17190200090408325,0.001577586168423295,0.0,0.0,0.0,0.0
8.214997053146362,-0.7361364364624023,1.4437475204467773,0.0,0.0,-0.003253938863053918,-0.2268713116645813,0.0,0.0,-0.4988410210165405,-0.48958915257622665,0.173086479306221,-0.0036409306339919567,0.0,0.0,0.0,0.0
8.21751356124878,-0.7361364364624023,1.4437475204467773,0.0,0.0,-0.003253938863053918,-0.2268713116645813,0.0,0.0,-0.4988362460519297,-0.48957478086901596,0.1748032569885254,-0.0058723618276417255,0.0,0.0,0.0,0.0
8.220237493515015,-0.734178900718689,1.5360784530639648,0.0,0.0,-0.003245412837713957,-0.22688797116279602,0.0,0.0,-0.49877871240970834,-0.48957478086901596,0.17594760656356812,-0.0058723618276417255,0.0,0.0,0.0,0.0
8.222732067108154,-0.734178900718689,1.5360784530639648,0.0,0.0,-0.003245412837713957,-0.22688797116279602,0.0,0.0,-0.49877871240970834,-0.4897329632750909,0.17594760656356812,-0.004098527133464813,0.0,0.0,0.0,0.0
8.224919557571411,-0.734178900718689,1.5360784530639648,0.0,0.0,-0.003245412837713957,-0.22688797116279602,0.0,0.0,-0.49877871240970834,-0.48983843381693376,0.1813150942325592,-0.00889381393790245,0.0,0.0,0.0,0.0
8.22641110420227,-0.734178900718689,1.5360784530639648,0.0,0.0,-0.003245412837713957,-0.22688797116279602,0.0,0.0,-0.49877871240970834,-0.4899343076161766,0.1813150942325592,-0.008264612406492233,0.0,0.0,0.0,0.0
8.22799563407898,-0.7224949598312378,1.6045112609863281,0.0,0.0,-0.0032311133109033108,-0.22691726684570312,0.0,0.0,-0.49877871240970834,-0.4899343076161766,0.1813150942325592,-0.008264612406492233,0.0,0.0,0.0,0.0
8.22956109046936,-0.7224949598312378,1.6045112609863281,0.0,0.0,-0.0032311133109033108,-0.22691726684570312,0.0,0.0,-0.49877871240970834,-0.48988154893856595,0.1813150942325592,-0.009408965706825256,0.0,0.0,0.0,0.0
8.231355905532837,-0.7224949598312378,1.6045112609863281,0.0,0.0,-0.0032311133109033108,-0.22691726684570312,0.0,0.0,-0.4988985546587619,-0.48988154893856595,0.18514595925807953,-0.014784839935600758,0.0,0.0,0.0,0.0
8.232892274856567,-0.7224949598312378,1.6045112609863281,0.0,0.0,-0.0032311133109033108,-0.22691726684570312,0.0,0.0,-0.4988985546587619,-0.48988154893856595,0.18514595925807953,-0.014784839935600758,0.0,0.0,0.0,0.0
8.234785556793213,-0.7224949598312378,1.6045112609863281,0.0,0.0,-0.0032311133109033108,-0.22691726684570312,0.0,0.0,-0.49903276861502616,-0.4900732965370517,0.1844022125005722,-0.012839176692068577,0.0,0.0,0.0,0.0
8.236590147018433,-0.7224949598312378,1.6045112609863281,0.0,0.0,-0.0032311133109033108,-0.22691726684570312,0.0,0.0,-0.49903276861502616,-0.4900732965370517,0.1844022125005722,-0.012839176692068577,0.0,0.0,0.0,0.0
8.239229440689087,-0.7237549424171448,1.598475694656372,0.0,0.0,-0.003228883957490325,-0.2269887924194336,0.0,0.0,-0.49921974124890117,-0.4901835420435052,0.18371544778347015,-0.012152698822319508,0.0,0.0,0.0,0.0
8.241040229797363,-0.7237549424171448,1.598475694656372,0.0,0.0,-0.003228883957490325,-0.2269887924194336,0.0,0.0,-0.49939711714017615,-0.4904807601838338,0.18091176450252533,-0.009549055248498917,0.0,0.0,0.0,0.0
8.242666006088257,-0.7237549424171448,1.598475694656372,0.0,0.0,-0.003228883957490325,-0.2269887924194336,0.0,0.0,-0.49939711714017615,-0.4904807601838338,0.18091176450252533,-0.009549055248498917,0.0,0.0,0.0,0.0
8.244234085083008,-0.7237549424171448,1.598475694656372,0.0,0.0,-0.003228883957490325,-0.2269887924194336,0.0,0.0,-0.499670366830694,-0.490643764367898,0.18520888686180115,-0.015248415060341358,0.0,0.0,0.0,0.0
8.245792150497437,-0.7237549424171448,1.598475694656372,0.0,0.0,-0.003228883957490325,-0.2269887924194336,0.0,0.0,-0.499670366830694,-0.490643764367898,0.18520888686180115,-0.015248415060341358,0.0,0.0,0.0,0.0
8.248059749603271,-0.733733594417572,1.6285314559936523,0.0,0.0,-0.003252436174079776,-0.22699297964572906,0.0,0.0,-0.4997566438873368,-0.4908546586382052,0.18543794751167297,-0.012702049687504768,0.0,0.0,0.0,0.0
8.249739408493042,-0.733733594417572,1.6285314559936523,0.0,0.0,-0.003252436174079776,-0.22699297964572906,0.0,0.0,-0.49969911024511543,-0.49080194677397304,0.1865822970867157,-0.013331473805010319,0.0,0.0,0.0,0.0
8.251245737075806,-0.733733594417572,1.6285314559936523,0.0,0.0,-0.003252436174079776,-0.22699297964572906,0.0,0.0,-0.49969911024511543,-0.49080194677397304,0.1865822970867157,-0.013331473805010319,0.0,0.0,0.0,0.0
8.252730369567871,-0.733733594417572,1.6285314559936523,0.0,0.0,-0.003252436174079776,-0.22699297964572906,0.0,0.0,-0.49969911024511543,-0.49080194677397304,0.19196094572544098,-0.02005482092499733,0.0,0.0,0.0,0.0
8.25468897819519,-0.733733594417572,1.6285314559936523,0.0,0.0,-0.003252436174079776,-0.22699297964572906,0.0,0.0,-0.49969911024511543,-0.49080194677397304,0.19196094572544098,-0.02005482092499733,0.0,0.0,0.0,0.0
8.256268978118896,-0.733733594417572,1.6285314559936523,0.0,0.0,-0.003252436174079776,-0.22699297964572906,0.0,0.0,-0.49969911024511543,-0.49080194677397304,0.19196094572544098,-0.02005482092499733,0.0,0.0,0.0,0.0
8.258030652999878,-0.7245445251464844,1.8071508407592773,0.0,0.0,-0.003255843883380294,-0.2270078957080841,0.0,0.0,-0.49969911024511543,-0.49080194677397304,0.19196094572544098,-0.02005482092499733,0.0,0.0,0.0,0.0
8.259750604629517,-0.7245445251464844,1.8071508407592773,0.0,0.0,-0.003255843883380294,-0.2270078957080841,0.0,0.0,-0.49969911024511543,-0.49080194677397304,0.19196094572544098,-0.02005482092499733,0.0,0.0,0.0,0.0
8.262695550918579,-0.7245445251464844,1.8071508407592773,0.0,0.0,-0.003255843883380294,-0.2270078957080841,0.0,0.0,-0.4998908578436011,-0.490950532437448,0.1953973025083542,-0.02372000552713871,0.0,0.0,0.0,0.0
8.264384269714355,-0.7245445251464844,1.8071508407592773,0.0,0.0,-0.003255843883380294,-0.2270078957080841,0.0,0.0,-0.4998908578436011,-0.490950532437448,0.1953973025083542,-0.02372000552713871,0.0,0.0,0.0,0.0
8.265845537185669,-0.7245445251464844,1.8071508407592773,0.0,0.0,-0.003255843883380294,-0.2270078957080841,0.0,0.0,-0.49998195667823325,-0.49104163127208017,0.19482509791851044,-0.023176297545433044,0.0,0.0,0.0,0.0
8.267608880996704,-0.7245445251464844,1.8071508407592773,0.0,0.0,-0.003255843883380294,-0.2270078957080841,0.0,0.0,-0.5001784792413296,-0.4912429756131659,0.1928221732378006,-0.02108786255121231,0.0,0.0,0.0,0.0
8.269360542297363,-0.7224355340003967,1.812096118927002,0.0,0.0,-0.003256038762629032,-0.22709323465824127,0.0,0.0,-0.5001784792413296,-0.4912429756131659,0.1928221732378006,-0.02108786255121231,0.0,0.0,0.0,0.0
8.270800352096558,-0.7224355340003967,1.812096118927002,0.0,0.0,-0.003256038762629032,-0.22709323465824127,0.0,0.0,-0.5003175149755832,-0.491463466626073,0.19150620698928833,-0.01988617703318596,0.0,0.0,0.0,0.0
8.272290706634521,-0.7224355340003967,1.812096118927002,0.0,0.0,-0.003256038762629032,-0.22709323465824127,0.0,0.0,-0.5003175149755832,-0.491463466626073,0.19150620698928833,-0.01988617703318596,0.0,0.0,0.0,0.0
8.27461838722229,-0.7224355340003967,1.812096118927002,0.0,0.0,-0.003256038762629032,-0.22709323465824127,0.0,0.0,-0.5004229387040475,-0.491650439259948,0.19760873913764954,-0.024184418842196465,0.0,0.0,0.0,0.0
8.276756525039673,-0.7224355340003967,1.812096118927002,0.0,0.0,-0.003256038762629032,-0.22709323465824127,0.0,0.0,-0.5005188125032903,-0.49192846391507655,0.19706504046916962,-0.021638330072164536,0.0,0.0,0.0,0.0
8.278802394866943,-0.7293533682823181,1.9161651134490967,0.0,0.0,-0.003270860994234681,-0.22710339725017548,0.0,0.0,-0.5009023077002618,-0.4920435311995194,0.19317398965358734,-0.021352171897888184,0.0,0.0,0.0,0.0
8.280423402786255,-0.7293533682823181,1.9161651134490967,0.0,0.0,-0.003270860994234681,-0.22710339725017548,0.0,0.0,-0.5009023077002618,-0.4920435311995194,0.19317398965358734,-0.021352171897888184,0.0,0.0,0.0,0.0
8.282504081726074,-0.7293533682823181,1.9161651134490967,0.0,0.0,-0.003270860994234681,-0.22710339725017548,0.0,0.0,-0.5009550663778725,-0.49211061477096224,0.1944328397512436,-0.02352660708129406,0.0,0.0,0.0,0.0
8.28403925895691,-0.7293533682823181,1.9161651134490967,0.0,0.0,-0.003270860994234681,-0.22710339725017548,0.0,0.0,-0.5009262761500725,-0.4922113103481944,0.20080164074897766,-0.02700710855424404,0.0,0.0,0.0,0.0
8.28580093383789,-0.7293533682823181,1.9161651134490967,0.0,0.0,-0.003270860994234681,-0.22710339725017548,0.0,0.0,-0.5009262761500725,-0.4922113103481944,0.20080164074897766,-0.02700710855424404,0.0,0.0,0.0,0.0
8.288218259811401,-0.7274057269096375,1.9800119400024414,0.0,0.0,-0.0032662064768373966,-0.22712242603302002,0.0,0.0,-0.5010077782421046,-0.4923167340766587,0.20080164074897766,-0.026349131017923355,0.0,0.0,0.0,0.0
8.289706468582153,-0.7274057269096375,1.9800119400024414,0.0,0.0,-0.0032662064768373966,-0.22712242603302002,0.0,0.0,-0.5011036520413475,-0.4925420468675551,0.19891323149204254,-0.024174639955163002,0.0,0.0,0.0,0.0
8.291857719421387,-0.7274057269096375,1.9800119400024414,0.0,0.0,-0.0032662064768373966,-0.22712242603302002,0.0,0.0,-0.5011947508759796,-0.49265229237400865,0.2037426084280014,-0.028347428888082504,0.0,0.0,0.0,0.0
8.293442964553833,-0.7274057269096375,1.9800119400024414,0.0,0.0,-0.0032662064768373966,-0.22712242603302002,0.0,0.0,-0.5011947508759796,-0.49265229237400865,0.2037426084280014,-0.028347428888082504,0.0,0.0,0.0,0.0
8.294938325881958,-0.7274057269096375,1.9800119400024414,0.0,0.0,-0.0032662064768373966,-0.22712242603302002,0.0,0.0,-0.5013912734390761,-0.49264274244478723,0.2017972320318222,-0.030607640743255615,0.0,0.0,0.0,0.0
8.296422719955444,-0.7274057269096375,1.9800119400024414,0.0,0.0,-0.0032662064768373966,-0.22712242603302002,0.0,0.0,-0.5013912734390761,-0.49264274244478723,0.2017972320318222,-0.030607640743255615,0.0,0.0,0.0,0.0
8.298779726028442,-0.734348714351654,2.0044496059417725,0.0,0.0,-0.003286258317530155,-0.22719067335128784,0.0,0.0,-0.5015350841379403,-0.4931221114410015,0.2005382627248764,-0.024427885189652443,0.0,0.0,0.0,0.0
8.300468444824219,-0.734348714351654,2.0044496059417725,0.0,0.0,-0.003286258317530155,-0.22719067335128784,0.0,0.0,-0.5016309579371832,-0.49355831850220505,0.20251236855983734,-0.021824464201927185,0.0,0.0,0.0,0.0
8.302546739578247,-0.734348714351654,2.0044496059417725,0.0,0.0,-0.003286258317530155,-0.22719067335128784,0.0,0.0,-0.5020144531341546,-0.4937980030003122,0.2017858773469925,-0.026646800339221954,0.0,0.0,0.0,0.0
8.304278373718262,-0.734348714351654,2.0044496059417725,0.0,0.0,-0.003286258317530155,-0.22719067335128784,0.0,0.0,-0.5020144531341546,-0.4937980030003122,0.2017858773469925,-0.026646800339221954,0.0,0.0,0.0,0.0
8.306420803070068,-0.734348714351654,2.0044496059417725,0.0,0.0,-0.003286258317530155,-0.22719067335128784,0.0,0.0,-0.5023596081741045,-0.49389387679955504,0.19972588121891022,-0.02773381769657135,0.0,0.0,0.0,0.0
8.308072328567505,-0.7349343299865723,2.058755874633789,0.0,0.0,-0.0032936707139015198,-0.22724978625774384,0.0,0.0,-0.5024698536805582,-0.4938699083497443,0.20026950538158417,-0.028706621378660202,0.0,0.0,0.0,0.0
8.309799671173096,-0.7349343299865723,2.058755874633789,0.0,0.0,-0.0032936707139015198,-0.22724978625774384,0.0,0.0,-0.5025513557725902,-0.4939993473413979,0.2024439126253128,-0.027104336768388748,0.0,0.0,0.0,0.0
8.311398267745972,-0.7349343299865723,2.058755874633789,0.0,0.0,-0.0032936707139015198,-0.22724978625774384,0.0,0.0,-0.5025513557725902,-0.4939993473413979,0.2024439126253128,-0.027104336768388748,0.0,0.0,0.0,0.0
8.312840700149536,-0.7349343299865723,2.058755874633789,0.0,0.0,-0.0032936707139015198,-0.22724978625774384,0.0,0.0,-0.5026376328292331,-0.4944211826953907,0.20591995120048523,-0.02757640741765499,0.0,0.0,0.0,0.0
8.314296245574951,-0.7349343299865723,2.058755874633789,0.0,0.0,-0.0032936707139015198,-0.22724978625774384,0.0,0.0,-0.5026376328292331,-0.4944211826953907,0.20591995120048523,-0.02757640741765499,0.0,0.0,0.0,0.0
8.315751314163208,-0.7349343299865723,2.058755874633789,0.0,0.0,-0.0032936707139015198,-0.22724978625774384,0.0,0.0,-0.5029252542269617,-0.4948382430847728,0.20397454500198364,-0.025087540969252586,0.0,0.0,0.0,0.0
8.317188501358032,-0.7349343299865723,2.058755874633789,0.0,0.0,-0.0032936707139015198,-0.22724978625774384,0.0,0.0,-0.5029252542269617,-0.4948382430847728,0.20397454500198364,-0.025087540969252586,0.0,0.0,0.0,0.0
8.319929122924805,-0.7227429747581482,2.1000585556030273,0.0,0.0,-0.003290545428171754,-0.22729967534542084,0.0,0.0,-0.5033902515159653,-0.4952840468885764,0.20011217892169952,-0.023142043501138687,0.0,0.0,0.0,0.0
8.321467876434326,-0.7227429747581482,2.1000585556030273,0.0,0.0,-0.003290545428171754,-0.22729967534542084,0.0,0.0,-0.5033902515159653,-0.4952840468885764,0.20011217892169952,-0.023142043501138687,0.0,0.0,0.0,0.0
8.322965621948242,-0.7227429747581482,2.1000585556030273,0.0,0.0,-0.003290545428171754,-0.22729967534542084,0.0,0.0,-0.5034621568653974,-0.4957154789851692,0.20770245790481567,-0.024667887017130852,0.0,0.0,0.0,0.0
8.325087785720825,-0.7227429747581482,2.1000585556030273,0.0,0.0,-0.003290545428171754,-0.22729967534542084,0.0,0.0,-0.5035628056292509,-0.4957490441775799,0.2057855725288391,-0.02744324691593647,0.0,0.0,0.0,0.0
8.326656341552734,-0.7227429747581482,2.1000585556030273,0.0,0.0,-0.003290545428171754,-0.22729967534542084,0.0,0.0,-0.5035628056292509,-0.4957490441775799,0.2057855725288391,-0.02744324691593647,0.0,0.0,0.0,0.0
8.328214883804321,-0.7262084484100342,2.0561704635620117,0.0,0.0,-0.0033245400991290808,-0.22742265462875366,0.0,0.0,-0.5041236767174974,-0.4958305462696121,0.19997762143611908,-0.026928318664431572,0.0,0.0,0.0,0.0
8.330195426940918,-0.7262084484100342,2.0561704635620117,0.0,0.0,-0.0033245400991290808,-0.22742265462875366,0.0,0.0,-0.504401701372626,-0.49657356821374415,0.19911926984786987,-0.018516797572374344,0.0,0.0,0.0,0.0
8.331767320632935,-0.7262084484100342,2.0561704635620117,0.0,0.0,-0.0033245400991290808,-0.22742265462875366,0.0,0.0,-0.504401701372626,-0.49657356821374415,0.19911926984786987,-0.018516797572374344,0.0,0.0,0.0,0.0
8.333191156387329,-0.7262084484100342,2.0561704635620117,0.0,0.0,-0.0033245400991290808,-0.22742265462875366,0.0,0.0,-0.5046126424563117,-0.49685636783348347,0.2028757482767105,-0.023816844448447227,0.0,0.0,0.0,0.0
8.334575891494751,-0.7262084484100342,2.0561704635620117,0.0,0.0,-0.0033245400991290808,-0.22742265462875366,0.0,0.0,-0.5046126424563117,-0.49685636783348347,0.2028757482767105,-0.023816844448447227,0.0,0.0,0.0,0.0
8.335938453674316,-0.7262084484100342,2.0561704635620117,0.0,0.0,-0.0033245400991290808,-0.22742265462875366,0.0,0.0,-0.5049386040110616,-0.496995403567737,0.2012164443731308,-0.024532267823815346,0.0,0.0,0.0,0.0
8.337353229522705,-0.7262084484100342,2.0561704635620117,0.0,0.0,-0.0033245400991290808,-0.22742265462875366,0.0,0.0,-0.505341292693233,-0.497163182716412,0.19804085791110992,-0.02347363345324993,0.0,0.0,0.0,0.0
8.33918809890747,-0.7556226253509521,2.0714478492736816,0.0,0.0,-0.003368834964931011,-0.22750595211982727,0.0,0.0,-0.505341292693233,-0.497163182716412,0.19804085791110992,-0.02347363345324993,0.0,0.0,0.0,0.0
8.34063982963562,-0.7556226253509521,2.0714478492736816,0.0,0.0,-0.003368834964931011,-0.22750595211982727,0.0,0.0,-0.5058637768110794,-0.4980068534243977,0.19426430761814117,-0.015291163697838783,0.0,0.0,0.0,0.0
8.34248685836792,-0.7556226253509521,2.0714478492736816,0.0,0.0,-0.003368834964931011,-0.22750595211982727,0.0,0.0,-0.5062952089076722,-0.49861566141226554,0.1984012871980667,-0.018798653036355972,0.0,0.0,0.0,0.0
8.344122886657715,-0.7556226253509521,2.0714478492736816,0.0,0.0,-0.003368834964931011,-0.22750595211982727,0.0,0.0,-0.5062952089076722,-0.49861566141226554,0.1984012871980667,-0.018798653036355972,0.0,0.0,0.0,0.0
8.345619201660156,-0.7556226253509521,2.0714478492736816,0.0,0.0,-0.003368834964931011,-0.22750595211982727,0.0,0.0,-0.506832111546108,-0.499425813741219,0.19410979747772217,-0.010244249366223812,0.0,0.0,0.0,0.0
8.347582817077637,-0.7556226253509521,2.0714478492736816,0.0,0.0,-0.003368834964931011,-0.22750595211982727,0.0,0.0,-0.507762106124115,-0.5003366148340261,0.1846395879983902,-0.002919974736869335,0.0,0.0,0.0,0.0
8.350337505340576,-0.7520852088928223,2.109282970428467,0.0,0.0,-0.0034012014511972666,-0.22759154438972473,0.0,0.0,-0.5088933982298293,-0.5017171881804475,0.17648577690124512,0.0051768324337899685,0.0,0.0,0.0,0.0
8.352003574371338,-0.7520852088928223,2.109282970428467,0.0,0.0,-0.0034012014511972666,-0.22759154438972473,0.0,0.0,-0.5088933982298293,-0.5017171881804475,0.17648577690124512,0.0051768324337899685,0.0,0.0,0.0,0.0
8.353991508483887,-0.7520852088928223,2.109282970428467,0.0,0.0,-0.0034012014511972666,-0.22759154438972473,0.0,0.0,-0.5099911719565113,-0.5030690181124474,0.17532970011234283,0.011654479429125786,0.0,0.0,0.0,0.0
8.355635166168213,-0.7520852088928223,2.109282970428467,0.0,0.0,-0.0034012014511972666,-0.22759154438972473,0.0,0.0,-0.5112662747610899,-0.5048762017774724,0.16654635965824127,0.02361338958144188,0.0,0.0,0.0,0.0
8.357248067855835,-0.7520852088928223,2.109282970428467,0.0,0.0,-0.0034012014511972666,-0.22759154438972473,0.0,0.0,-0.5112662747610899,-0.5048762017774724,0.16654635965824127,0.02361338958144188,0.0,0.0,0.0,0.0
8.358773231506348,-0.7556325197219849,2.050975799560547,0.0,0.0,-0.003409507917240262,-0.22771133482456207,0.0,0.0,-0.5133275614448112,-0.5070957176806472,0.14915138483047485,0.03892002999782562,0.0,0.0,0.0,0.0
8.360302209854126,-0.7556325197219849,2.050975799560547,0.0,0.0,-0.003409507917240262,-0.22771133482456207,0.0,0.0,-0.5133275614448112,-0.5070957176806472,0.14915138483047485,0.03892002999782562,0.0,0.0,0.0,0.0
8.36260724067688,-0.7556325197219849,2.050975799560547,0.0,0.0,-0.003409507917240262,-0.22771133482456207,0.0,0.0,-0.5156668727836611,-0.50952130607614,0.1346745640039444,0.05514197051525116,0.0,0.0,0.0,0.0
8.364723443984985,-0.7556325197219849,2.050975799560547,0.0,0.0,-0.003409507917240262,-0.22771133482456207,0.0,0.0,-0.5172583872137682,-0.5117455969439256,0.13157007098197937,0.06202128529548645,0.0,0.0,0.0,0.0
8.366402864456177,-0.7556325197219849,2.050975799560547,0.0,0.0,-0.003409507917240262,-0.22771133482456207,0.0,0.0,-0.5189889373781288,-0.5132843526964219,0.12341631948947906,0.07020386308431625,0.0,0.0,0.0,0.0
8.368748664855957,-0.7585515975952148,1.9662820100784302,0.0,0.0,-0.003421119414269924,-0.22790242731571198,0.0,0.0,-0.5199956122701788,-0.5147512030994862,0.11840936541557312,0.07910159230232239,0.0,0.0,0.0,0.0
8.370568037033081,-0.7585515975952148,1.9662820100784302,0.0,0.0,-0.003421119414269924,-0.22790242731571198,0.0,0.0,-0.5199956122701788,-0.5147512030994862,0.11840936541557312,0.07910159230232239,0.0,0.0,0.0,0.0
8.372333526611328,-0.7585515975952148,1.9662820100784302,0.0,0.0,-0.003421119414269924,-0.22790242731571198,0.0,0.0,-0.5205660332876466,-0.5150963581394362,0.11858125030994415,0.07283605635166168,0.0,0.0,0.0,0.0
8.373968124389648,-0.7585515975952148,1.9662820100784302,0.0,0.0,-0.003421119414269924,-0.22790242731571198,0.0,0.0,-0.5205900017374573,-0.515350414344754,0.1303655356168747,0.06502993404865265,0.0,0.0,0.0,0.0
8.375833749771118,-0.7585515975952148,1.9662820100784302,0.0,0.0,-0.003421119414269924,-0.22790242731571198,0.0,0.0,-0.5205900017374573,-0.515350414344754,0.1303655356168747,0.06502993404865265,0.0,0.0,0.0,0.0
8.378153324127197,-0.7959569692611694,1.4865851402282715,0.0,0.0,-0.003514423966407776,-0.22835364937782288,0.0,0.0,-0.5205612583230358,-0.515369607829954,0.1308806836605072,0.06262645125389099,0.0,0.0,0.0,0.0
8.380031108856201,-0.7959569692611694,1.4865851402282715,0.0,0.0,-0.003514423966407776,-0.22835364937782288,0.0,0.0,-0.5202161032830859,-0.5151011799174254,0.13674555718898773,0.061682429164648056,0.0,0.0,0.0,0.0
8.3822922706604,-0.7959569692611694,1.4865851402282715,0.0,0.0,-0.003514423966407776,-0.22835364937782288,0.0,0.0,-0.5200818893268215,-0.514847076898729,0.142482191324234,0.051681529730558395,0.0,0.0,0.0,0.0
8.384018421173096,-0.7959569692611694,1.4865851402282715,0.0,0.0,-0.003514423966407776,-0.22835364937782288,0.0,0.0,-0.5200818893268215,-0.514847076898729,0.142482191324234,0.051681529730558395,0.0,0.0,0.0,0.0
8.387135982513428,-0.7959569692611694,1.4865851402282715,0.0,0.0,-0.003514423966407776,-0.22835364937782288,0.0,0.0,-0.5200195807199894,-0.5148806420911397,0.14079418778419495,0.05354108661413193,0.0,0.0,0.0,0.0
8.38960599899292,-0.8341929912567139,0.6409406065940857,0.0,0.0,-0.0036895370576530695,-0.22923541069030762,0.0,0.0,-0.5200195807199894,-0.5148806420911397,0.14079418778419495,0.05354108661413193,0.0,0.0,0.0,0.0
8.391923666000366,-0.8341929912567139,0.6409406065940857,0.0,0.0,-0.0036895370576530695,-0.22923541069030762,0.0,0.0,-0.5200195807199894,-0.5148806420911397,0.14613290131092072,0.048202093690633774,0.0,0.0,0.0,0.0
8.393495559692383,-0.8341929912567139,0.6409406065940857,0.0,0.0,-0.0036895370576530695,-0.22923541069030762,0.0,0.0,-0.5200195807199894,-0.5148806420911397,0.14613290131092072,0.048202093690633774,0.0,0.0,0.0,0.0
8.394883155822754,-0.8341929912567139,0.6409406065940857,0.0,0.0,-0.0036895370576530695,-0.22923541069030762,0.0,0.0,-0.5200195807199894,-0.5148806420911397,0.14613290131092072,0.048202093690633774,0.0,0.0,0.0,0.0
8.396291971206665,-0.8341929912567139,0.6409406065940857,0.0,0.0,-0.0036895370576530695,-0.22923541069030762,0.0,0.0,-0.5200195807199894,-0.5148806420911397,0.14613290131092072,0.048202093690633774,0.0,0.0,0.0,0.0
8.398006677627563,-0.8411572575569153,0.6035984754562378,0.0,0.0,-0.003727090312168002,-0.22961914539337158,0.0,0.0,-0.5200195807199894,-0.5148806420911397,0.14613290131092072,0.048202093690633774,0.0,0.0,0.0,0.0
8.399651050567627,-0.8411572575569153,0.6035984754562378,0.0,0.0,-0.003727090312168002,-0.22961914539337158,0.0,0.0,-0.5205852267728466,-0.5148806420911397,0.1403537392616272,0.048202093690633774,0.0,0.0,0.0,0.0
8.401033878326416,-0.8411572575569153,0.6035984754562378,0.0,0.0,-0.003727090312168002,-0.22961914539337158,0.0,0.0,-0.5205852267728466,-0.5148806420911397,0.1403537392616272,0.048202093690633774,0.0,0.0,0.0,0.0
8.402409553527832,-0.8411572575569153,0.6035984754562378,0.0,0.0,-0.003727090312168002,-0.22961914539337158,0.0,0.0,-0.5206187919652573,-0.5148806420911397,0.14716309309005737,0.04279632121324539,0.0,0.0,0.0,0.0
8.403785705566406,-0.8411572575569153,0.6035984754562378,0.0,0.0,-0.003727090312168002,-0.22961914539337158,0.0,0.0,-0.5206187919652573,-0.5148806420911397,0.14716309309005737,0.04279632121324539,0.0,0.0,0.0,0.0
8.405582189559937,-0.8411572575569153,0.6035984754562378,0.0,0.0,-0.003727090312168002,-0.22961914539337158,0.0,0.0,-0.5205612583230358,-0.5148806420911397,0.1483074426651001,0.04279632121324539,0.0,0.0,0.0,0.0
8.407069206237793,-0.8411572575569153,0.6035984754562378,0.0,0.0,-0.003727090312168002,-0.22961914539337158,0.0,0.0,-0.5205612583230358,-0.5148806420911397,0.1483074426651001,0.04279632121324539,0.0,0.0,0.0,0.0
8.40938687324524,-0.8275790214538574,0.8131142854690552,0.0,0.0,-0.0037377045955508947,-0.22956138849258423,0.0,0.0,-0.5205612583230358,-0.5148806420911397,0.1483074426651001,0.04279632121324539,0.0,0.0,0.0,0.0
8.411257982254028,-0.8275790214538574,0.8131142854690552,0.0,0.0,-0.0037377045955508947,-0.22956138849258423,0.0,0.0,-0.5205612583230358,-0.5148806420911397,0.1483074426651001,0.04279632121324539,0.0,0.0,0.0,0.0
8.41271424293518,-0.8275790214538574,0.8131142854690552,0.0,0.0,-0.0037377045955508947,-0.22956138849258423,0.0,0.0,-0.5205612583230358,-0.5148806420911397,0.1483074426651001,0.04279632121324539,0.0,0.0,0.0,0.0
8.414605140686035,-0.8275790214538574,0.8131142854690552,0.0,0.0,-0.0037377045955508947,-0.22956138849258423,0.0,0.0,-0.5205612583230358,-0.5148806420911397,0.15377160906791687,0.03733355551958084,0.0,0.0,0.0,0.0
8.416057109832764,-0.8275790214538574,0.8131142854690552,0.0,0.0,-0.0037377045955508947,-0.22956138849258423,0.0,0.0,-0.5205612583230358,-0.5148806420911397,0.15377160906791687,0.03733355551958084,0.0,0.0,0.0,0.0
8.417434453964233,-0.8275790214538574,0.8131142854690552,0.0,0.0,-0.0037377045955508947,-0.22956138849258423,0.0,0.0,-0.5205612583230358,-0.5148806420911397,0.15377160906791687,0.03733355551958084,0.0,0.0,0.0,0.0
8.418829441070557,-0.8319327235221863,0.8977075219154358,0.0,0.0,-0.0037377045955508947,-0.22956138849258423,0.0,0.0,-0.5205612583230358,-0.5148806420911397,0.15377160906791687,0.03733355551958084,0.0,0.0,0.0,0.0
8.420399904251099,-0.8319327235221863,0.8977075219154358,0.0,0.0,-0.0037377045955508947,-0.22956138849258423,0.0,0.0,-0.5205612583230358,-0.5148806420911397,0.15377160906791687,0.03733355551958084,0.0,0.0,0.0,0.0
8.42176866531372,-0.8319327235221863,0.8977075219154358,0.0,0.0,-0.0037377045955508947,-0.22956138849258423,0.0,0.0,-0.5205612583230358,-0.5148806420911397,0.15377160906791687,0.03733355551958084,0.0,0.0,0.0,0.0
8.42330813407898,-0.8319327235221863,0.8977075219154358,0.0,0.0,-0.0037377045955508947,-0.22956138849258423,0.0,0.0,-0.5205612583230358,-0.5148806420911397,0.15919022262096405,0.03191353753209114,0.0,0.0,0.0,0.0
8.424962997436523,-0.8319327235221863,0.8977075219154358,0.0,0.0,-0.0037377045955508947,-0.22956138849258423,0.0,0.0,-0.5205612583230358,-0.5148806420911397,0.15919022262096405,0.03191353753209114,0.0,0.0,0.0,0.0
8.426331520080566,-0.8319327235221863,0.8977075219154358,0.0,0.0,-0.0037377045955508947,-0.22956138849258423,0.0,0.0,-0.5205612583230358,-0.5148806420911397,0.15919022262096405,0.03191353753209114,0.0,0.0,0.0,0.0
8.427746772766113,-0.8319327235221863,0.8977075219154358,0.0,0.0,-0.0037377045955508947,-0.22956138849258423,0.0,0.0,-0.5205612583230358,-0.5148806420911397,0.15919022262096405,0.03191353753209114,0.0,0.0,0.0,0.0
8.429933786392212,-0.812096893787384,0.9553053975105286,0.0,0.0,-0.003669491270557046,-0.22959566116333008,0.0,0.0,-0.5205612583230358,-0.5148806420911397,0.15919022262096405,0.03191353753209114,0.0,0.0,0.0,0.0
8.431365728378296,-0.812096893787384,0.9553053975105286,0.0,0.0,-0.003669491270557046,-0.22959566116333008,0.0,0.0,-0.5205612583230358,-0.5148806420911397,0.15919022262096405,0.03191353753209114,0.0,0.0,0.0,0.0
8.432825326919556,-0.812096893787384,0.9553053975105286,0.0,0.0,-0.003669491270557046,-0.22959566116333008,0.0,0.0,-0.5205612583230358,-0.5148806420911397,0.15919022262096405,0.03191353753209114,0.0,0.0,0.0,0.0
8.43424391746521,-0.812096893787384,0.9553053975105286,0.0,0.0,-0.003669491270557046,-0.22959566116333008,0.0,0.0,-0.5205612583230358,-0.5148806420911397,0.1646001785993576,0.026503579691052437,0.0,0.0,0.0,0.0
8.43562650680542,-0.812096893787384,0.9553053975105286,0.0,0.0,-0.003669491270557046,-0.22959566116333008,0.0,0.0,-0.5205612583230358,-0.5148806420911397,0.1646001785993576,0.026503579691052437,0.0,0.0,0.0,0.0
8.437556982040405,-0.812096893787384,0.9553053975105286,0.0,0.0,-0.003669491270557046,-0.22959566116333008,0.0,0.0,-0.5205612583230358,-0.5148806420911397,0.1646001785993576,0.026503579691052437,0.0,0.0,0.0,0.0
8.440064430236816,-0.8153256177902222,1.0643657445907593,0.0,0.0,-0.0036760091315954924,-0.22959236800670624,0.0,0.0,-0.5205612583230358,-0.5148806420911397,0.1646001785993576,0.026503579691052437,0.0,0.0,0.0,0.0
8.441485166549683,-0.8153256177902222,1.0643657445907593,0.0,0.0,-0.0036760091315954924,-0.22959236800670624,0.0,0.0,-0.5205612583230358,-0.5148806420911397,0.16999897360801697,0.026503579691052437,0.0,0.0,0.0,0.0
8.442845821380615,-0.8153256177902222,1.0643657445907593,0.0,0.0,-0.0036760091315954924,-0.22959236800670624,0.0,0.0,-0.5205612583230358,-0.5148806420911397,0.16999897360801697,0.026503579691052437,0.0,0.0,0.0,0.0
8.44416856765747,-0.8153256177902222,1.0643657445907593,0.0,0.0,-0.0036760091315954924,-0.22959236800670624,0.0,0.0,-0.5205612583230358,-0.5148806420911397,0.16999897360801697,0.02110479399561882,0.0,0.0,0.0,0.0
8.445566177368164,-0.8153256177902222,1.0643657445907593,0.0,0.0,-0.0036760091315954924,-0.22959236800670624,0.0,0.0,-0.5205612583230358,-0.5148806420911397,0.16999897360801697,0.02110479399561882,0.0,0.0,0.0,0.0
8.446993827819824,-0.8153256177902222,1.0643657445907593,0.0,0.0,-0.0036760091315954924,-0.22959236800670624,0.0,0.0,-0.5205612583230358,-0.5148806420911397,0.16999897360801697,0.02110479399561882,0.0,0.0,0.0,0.0
8.448487997055054,-0.813753068447113,1.1622018814086914,0.0,0.0,-0.0036760091315954924,-0.22959236800670624,0.0,0.0,-0.5205612583230358,-0.5148806420911397,0.16999897360801697,0.02110479399561882,0.0,0.0,0.0,0.0
8.449930667877197,-0.813753068447113,1.1622018814086914,0.0,0.0,-0.0036760091315954924,-0.22959236800670624,0.0,0.0,-0.5205612583230358,-0.5148806420911397,0.16999897360801697,0.02110479399561882,0.0,0.0,0.0,0.0
8.45160698890686,-0.813753068447113,1.1622018814086914,0.0,0.0,-0.0036760091315954924,-0.22959236800670624,0.0,0.0,-0.5206667288648786,-0.5148806420911397,0.17393852770328522,0.015706010162830353,0.0,0.0,0.0,0.0
8.452990531921387,-0.813753068447113,1.1622018814086914,0.0,0.0,-0.0036760091315954924,-0.22959236800670624,0.0,0.0,-0.5206667288648786,-0.5148806420911397,0.17393852770328522,0.015706010162830353,0.0,0.0,0.0,0.0
8.454554796218872,-0.813753068447113,1.1622018814086914,0.0,0.0,-0.0036760091315954924,-0.22959236800670624,0.0,0.0,-0.5207865711139322,-0.5148806420911397,0.17325177788734436,0.015706010162830353,0.0,0.0,0.0,0.0
8.45620059967041,-0.813753068447113,1.1622018814086914,0.0,0.0,-0.0036760091315954924,-0.22959236800670624,0.0,0.0,-0.5207865711139322,-0.5148806420911397,0.17325177788734436,0.015706010162830353,0.0,0.0,0.0,0.0
8.457704544067383,-0.813753068447113,1.1622018814086914,0.0,0.0,-0.0036760091315954924,-0.22959236800670624,0.0,0.0,-0.5208919948423966,-0.5152977024805219,0.17259378731250763,0.020598359405994415,0.0,0.0,0.0,0.0
8.459648370742798,-0.8121892809867859,1.25986909866333,0.0,0.0,-0.0036760091315954924,-0.22959236800670624,0.0,0.0,-0.521136501118493,-0.515360011087354,0.1703050285577774,0.02074146643280983,0.0,0.0,0.0,0.0
8.461229085922241,-0.8121892809867859,1.25986909866333,0.0,0.0,-0.0036760091315954924,-0.22959236800670624,0.0,0.0,-0.521136501118493,-0.515360011087354,0.1703050285577774,0.02074146643280983,0.0,0.0,0.0,0.0
8.462644815444946,-0.8121892809867859,1.25986909866333,0.0,0.0,-0.0036760091315954924,-0.22959236800670624,0.0,0.0,-0.5212084064679251,-0.5153456393801433,0.17608708143234253,0.013071299530565739,0.0,0.0,0.0,0.0
8.4640793800354,-0.8121892809867859,1.25986909866333,0.0,0.0,-0.0036760091315954924,-0.22959236800670624,0.0,0.0,-0.5212084064679251,-0.5153456393801433,0.17608708143234253,0.013071299530565739,0.0,0.0,0.0,0.0
8.465843915939331,-0.8121892809867859,1.25986909866333,0.0,0.0,-0.0036760091315954924,-0.22959236800670624,0.0,0.0,-0.5211748412755144,-0.5153456393801433,0.17714565992355347,0.013071299530565739,0.0,0.0,0.0,0.0
8.467239141464233,-0.8121892809867859,1.25986909866333,0.0,0.0,-0.0036760091315954924,-0.22959236800670624,0.0,0.0,-0.5211748412755144,-0.5153456393801433,0.17714565992355347,0.013071299530565739,0.0,0.0,0.0,0.0
8.468656778335571,-0.8106288313865662,1.3573346138000488,0.0,0.0,-0.0036760091315954924,-0.22959236800670624,0.0,0.0,-0.5211748412755144,-0.5153456393801433,0.17714565992355347,0.013071299530565739,0.0,0.0,0.0,0.0
8.470664978027344,-0.8106288313865662,1.3573346138000488,0.0,0.0,-0.0036760091315954924,-0.22959236800670624,0.0,0.0,-0.5211748412755144,-0.5153456393801433,0.17714565992355347,0.013071299530565739,0.0,0.0,0.0,0.0
8.472071886062622,-0.8106288313865662,1.3573346138000488,0.0,0.0,-0.0036760091315954924,-0.22959236800670624,0.0,0.0,-0.5211748412755144,-0.5153456393801433,0.18255282938480377,0.007665530312806368,0.0,0.0,0.0,0.0
8.473482370376587,-0.8106288313865662,1.3573346138000488,0.0,0.0,-0.0036760091315954924,-0.22959236800670624,0.0,0.0,-0.5211748412755144,-0.5153456393801433,0.18255282938480377,0.007665530312806368,0.0,0.0,0.0,0.0
8.474860668182373,-0.8106288313865662,1.3573346138000488,0.0,0.0,-0.0036760091315954924,-0.22959236800670624,0.0,0.0,-0.5211748412755144,-0.5153456393801433,0.18255282938480377,0.007665530312806368,0.0,0.0,0.0,0.0
8.476471900939941,-0.8106288313865662,1.3573346138000488,0.0,0.0,-0.0036760091315954924,-0.22959236800670624,0.0,0.0,-0.5211748412755144,-0.5154894500790076,0.18255282938480377,0.00935358926653862,0.0,0.0,0.0,0.0
8.478238582611084,-0.8001501560211182,1.4352240562438965,0.0,0.0,-0.003650370519608259,-0.2296052724123001,0.0,0.0,-0.5211748412755144,-0.5154894500790076,0.18255282938480377,0.00935358926653862,0.0,0.0,0.0,0.0
8.479758501052856,-0.8001501560211182,1.4352240562438965,0.0,0.0,-0.003650370519608259,-0.2296052724123001,0.0,0.0,-0.5213282487169787,-0.5155900988428611,0.1808362752199173,0.00992579385638237,0.0,0.0,0.0,0.0
8.481192827224731,-0.8001501560211182,1.4352240562438965,0.0,0.0,-0.003650370519608259,-0.2296052724123001,0.0,0.0,-0.5213282487169787,-0.5155900988428611,0.1808362752199173,0.00992579385638237,0.0,0.0,0.0,0.0
8.482662439346313,-0.8001501560211182,1.4352240562438965,0.0,0.0,-0.003650370519608259,-0.2296052724123001,0.0,0.0,-0.5214288974808322,-0.5156907944200932,0.185608372092247,0.005123522132635117,0.0,0.0,0.0,0.0
8.484752655029297,-0.8001501560211182,1.4352240562438965,0.0,0.0,-0.003650370519608259,-0.2296052724123001,0.0,0.0,-0.5215295930580643,-0.5156524542630718,0.18500766158103943,0.004093721508979797,0.0,0.0,0.0,0.0
8.486255168914795,-0.8001501560211182,1.4352240562438965,0.0,0.0,-0.003650370519608259,-0.2296052724123001,0.0,0.0,-0.5215295930580643,-0.5156524542630718,0.18500766158103943,0.004093721508979797,0.0,0.0,0.0,0.0
8.487882852554321,-0.8001501560211182,1.4352240562438965,0.0,0.0,-0.003650370519608259,-0.2296052724123001,0.0,0.0,-0.5215631114370965,-0.5157914431839469,0.18612325191497803,0.0057530030608177185,0.0,0.0,0.0,0.0
8.490104675292969,-0.8044659495353699,1.4944111108779907,0.0,0.0,-0.0036599370650947094,-0.22965236008167267,0.0,0.0,-0.5216589852363394,-0.5158873169831897,0.1842351257801056,0.0063537065871059895,0.0,0.0,0.0,0.0
8.492098569869995,-0.8044659495353699,1.4944111108779907,0.0,0.0,-0.0036599370650947094,-0.22965236008167267,0.0,0.0,-0.5217548590355823,-0.5159735940398326,0.1891072541475296,0.0014530867338180542,0.0,0.0,0.0,0.0
8.493745803833008,-0.8044659495353699,1.4944111108779907,0.0,0.0,-0.0036599370650947094,-0.22965236008167267,0.0,0.0,-0.5217548590355823,-0.5159735940398326,0.1891072541475296,0.0014530867338180542,0.0,0.0,0.0,0.0
8.495885372161865,-0.8044659495353699,1.4944111108779907,0.0,0.0,-0.0036599370650947094,-0.22965236008167267,0.0,0.0,-0.5218459578702144,-0.5159592223326218,0.18853504955768585,0.0005087815225124359,0.0,0.0,0.0,0.0
8.497314214706421,-0.8044659495353699,1.4944111108779907,0.0,0.0,-0.0036599370650947094,-0.22965236008167267,0.0,0.0,-0.521788424227993,-0.5160454993892647,0.1897081881761551,0.0005087815225124359,0.0,0.0,0.0,0.0
8.498733520507812,-0.802916407585144,1.592027187347412,0.0,0.0,-0.0036599370650947094,-0.22965236008167267,0.0,0.0,-0.521788424227993,-0.5160454993892647,0.1897081881761551,0.0005087815225124359,0.0,0.0,0.0,0.0
8.500730752944946,-0.802916407585144,1.592027187347412,0.0,0.0,-0.0036599370650947094,-0.22965236008167267,0.0,0.0,-0.5219370567048465,-0.5161461949664968,0.18799161911010742,0.0024256668984889984,0.0,0.0,0.0,0.0
8.50242829322815,-0.802916407585144,1.592027187347412,0.0,0.0,-0.0036599370650947094,-0.22965236008167267,0.0,0.0,-0.5220281087261001,-0.5165104966782682,0.19285228848457336,0.0008852410246618092,0.0,0.0,0.0,0.0
8.50425100326538,-0.802916407585144,1.592027187347412,0.0,0.0,-0.0036599370650947094,-0.22965236008167267,0.0,0.0,-0.5221239825253429,-0.5165919987703004,0.19228008389472961,0.0010280687129125,0.0,0.0,0.0,0.0
8.505843162536621,-0.802916407585144,1.592027187347412,0.0,0.0,-0.0036599370650947094,-0.22965236008167267,0.0,0.0,-0.5221239825253429,-0.5165919987703004,0.19228008389472961,0.0010280687129125,0.0,0.0,0.0,0.0
8.50766372680664,-0.802916407585144,1.592027187347412,0.0,0.0,-0.0036599370650947094,-0.22965236008167267,0.0,0.0,-0.5220952391109215,-0.5166735008623325,0.1932813823223114,0.00019859528401866555,0.0,0.0,0.0,0.0
8.509709596633911,-0.7970932126045227,1.6464544534683228,0.0,0.0,-0.0036549894139170647,-0.22968906164169312,0.0,0.0,-0.5220952391109215,-0.5167789714041754,0.1932813823223114,0.0007992984028533101,0.0,0.0,0.0,0.0
8.511276960372925,-0.7970932126045227,1.6464544534683228,0.0,0.0,-0.0036549894139170647,-0.22968906164169312,0.0,0.0,-0.5220952391109215,-0.5167789714041754,0.1932813823223114,0.0007992984028533101,0.0,0.0,0.0,0.0
8.512751579284668,-0.7970932126045227,1.6464544534683228,0.0,0.0,-0.0036549894139170647,-0.22968906164169312,0.0,0.0,-0.5222294530671857,-0.5168843951326396,0.19703207910060883,-0.0039540790021419525,0.0,0.0,0.0,0.0
8.514362335205078,-0.7970932126045227,1.6464544534683228,0.0,0.0,-0.0036549894139170647,-0.22968906164169312,0.0,0.0,-0.5223301018310393,-0.5168796201680289,0.19645985960960388,-0.004783831536769867,0.0,0.0,0.0,0.0
8.515827178955078,-0.7970932126045227,1.6464544534683228,0.0,0.0,-0.0036549894139170647,-0.22968906164169312,0.0,0.0,-0.5223301018310393,-0.5168796201680289,0.19645985960960388,-0.004783831536769867,0.0,0.0,0.0,0.0
8.517212629318237,-0.7970932126045227,1.6464544534683228,0.0,0.0,-0.0036549894139170647,-0.22968906164169312,0.0,0.0,-0.5224259756302821,-0.5168796201680289,0.1958591490983963,-0.004783831536769867,0.0,0.0,0.0,0.0
8.518539190292358,-0.795703649520874,1.7107746601104736,0.0,0.0,-0.0036544434260576963,-0.22972360253334045,0.0,0.0,-0.5224259756302821,-0.5168796201680289,0.1958591490983963,-0.004783831536769867,0.0,0.0,0.0,0.0
8.519859790802002,-0.795703649520874,1.7107746601104736,0.0,0.0,-0.0036544434260576963,-0.22972360253334045,0.0,0.0,-0.5224020071804715,-0.5168796201680289,0.19683197140693665,-0.004783831536769867,0.0,0.0,0.0,0.0
8.521186113357544,-0.795703649520874,1.7107746601104736,0.0,0.0,-0.0036544434260576963,-0.22972360253334045,0.0,0.0,-0.5224020071804715,-0.5168796201680289,0.19683197140693665,-0.004783831536769867,0.0,0.0,0.0,0.0
8.522496223449707,-0.795703649520874,1.7107746601104736,0.0,0.0,-0.0036544434260576963,-0.22972360253334045,0.0,0.0,-0.5224020071804715,-0.5169658972246718,0.2022363245487213,-0.008815303444862366,0.0,0.0,0.0,0.0
8.523943662643433,-0.795703649520874,1.7107746601104736,0.0,0.0,-0.0036544434260576963,-0.22972360253334045,0.0,0.0,-0.5224020071804715,-0.5169658972246718,0.2022363245487213,-0.008815303444862366,0.0,0.0,0.0,0.0
8.525261878967285,-0.795703649520874,1.7107746601104736,0.0,0.0,-0.0036544434260576963,-0.22972360253334045,0.0,0.0,-0.5225218494295251,-0.5170617710239146,0.20071984827518463,-0.00827159732580185,0.0,0.0,0.0,0.0
8.526541471481323,-0.795703649520874,1.7107746601104736,0.0,0.0,-0.0036544434260576963,-0.22972360253334045,0.0,0.0,-0.5225218494295251,-0.5170617710239146,0.20071984827518463,-0.00827159732580185,0.0,0.0,0.0,0.0
8.52791976928711,-0.8133023381233215,1.7405110597610474,0.0,0.0,-0.003696003695949912,-0.2297733724117279,0.0,0.0,-0.5226177232287679,-0.5171576448231575,0.20011912286281586,-0.007699393201619387,0.0,0.0,0.0,0.0
8.52922773361206,-0.8133023381233215,1.7405110597610474,0.0,0.0,-0.003696003695949912,-0.2297733724117279,0.0,0.0,-0.5226177232287679,-0.5171576448231575,0.20011912286281586,-0.007699393201619387,0.0,0.0,0.0,0.0
8.530776739120483,-0.8133023381233215,1.7405110597610474,0.0,0.0,-0.003696003695949912,-0.2297733724117279,0.0,0.0,-0.5227999208980322,-0.5173973293212646,0.19957543909549713,-0.00543912872672081,0.0,0.0,0.0,0.0
8.532095193862915,-0.8133023381233215,1.7405110597610474,0.0,0.0,-0.003696003695949912,-0.2297733724117279,0.0,0.0,-0.5229820717539179,-0.5176801757543824,0.20254798233509064,-0.009784586727619171,0.0,0.0,0.0,0.0
8.533366680145264,-0.8133023381233215,1.7405110597610474,0.0,0.0,-0.003696003695949912,-0.2297733724117279,0.0,0.0,-0.5229820717539179,-0.5176801757543824,0.20254798233509064,-0.009784586727619171,0.0,0.0,0.0,0.0
8.534648418426514,-0.8133023381233215,1.7405110597610474,0.0,0.0,-0.003696003695949912,-0.2297733724117279,0.0,0.0,-0.52305397710335,-0.5178527298676682,0.20297707617282867,-0.008153747767210007,0.0,0.0,0.0,0.0
8.535921096801758,-0.8133023381233215,1.7405110597610474,0.0,0.0,-0.003696003695949912,-0.2297733724117279,0.0,0.0,-0.52305397710335,-0.5178527298676682,0.20297707617282867,-0.008153747767210007,0.0,0.0,0.0,0.0
8.537176847457886,-0.8133023381233215,1.7405110597610474,0.0,0.0,-0.003696003695949912,-0.2297733724117279,0.0,0.0,-0.5230156369463286,-0.517800018003436,0.2040068805217743,-0.00881195068359375,0.0,0.0,0.0,0.0
8.538467645645142,-0.8045742511749268,1.830751657485962,0.0,0.0,-0.0037058121524751186,-0.22980055212974548,0.0,0.0,-0.5230156369463286,-0.517800018003436,0.2040068805217743,-0.00881195068359375,0.0,0.0,0.0,0.0
8.539756536483765,-0.8045742511749268,1.830751657485962,0.0,0.0,-0.0037058121524751186,-0.22980055212974548,0.0,0.0,-0.5231066889675822,-0.5178910700246896,0.20263369381427765,-0.008754674345254898,0.0,0.0,0.0,0.0
8.541044235229492,-0.8045742511749268,1.830751657485962,0.0,0.0,-0.0037058121524751186,-0.22980055212974548,0.0,0.0,-0.5231066889675822,-0.5178910700246896,0.20263369381427765,-0.008754674345254898,0.0,0.0,0.0,0.0
8.542369604110718,-0.8045742511749268,1.830751657485962,0.0,0.0,-0.0037058121524751186,-0.22980055212974548,0.0,0.0,-0.523202562766825,-0.517977393894711,0.20748011767864227,-0.013658368028700352,0.0,0.0,0.0,0.0
8.543674230575562,-0.8045742511749268,1.830751657485962,0.0,0.0,-0.0037058121524751186,-0.22980055212974548,0.0,0.0,-0.523202562766825,-0.517977393894711,0.20748011767864227,-0.013658368028700352,0.0,0.0,0.0,0.0
8.545206785202026,-0.8045742511749268,1.830751657485962,0.0,0.0,-0.0037058121524751186,-0.22980055212974548,0.0,0.0,-0.5232936616014572,-0.5180732676939539,0.20693640410900116,-0.01311466284096241,0.0,0.0,0.0,0.0
8.546475410461426,-0.8045742511749268,1.830751657485962,0.0,0.0,-0.0037058121524751186,-0.22980055212974548,0.0,0.0,-0.5233895354007,-0.5182410468426288,0.20639297366142273,-0.012542457319796085,0.0,0.0,0.0,0.0
8.547883987426758,-0.8067379593849182,1.9008443355560303,0.0,0.0,-0.003705049864947796,-0.22982126474380493,0.0,0.0,-0.5233895354007,-0.5182410468426288,0.20639297366142273,-0.012542457319796085,0.0,0.0,0.0,0.0
8.549150466918945,-0.8067379593849182,1.9008443355560303,0.0,0.0,-0.003705049864947796,-0.22982126474380493,0.0,0.0,-0.5234710374927322,-0.518442344370336,0.20587803423404694,-0.01011064276099205,0.0,0.0,0.0,0.0
8.550408363342285,-0.8067379593849182,1.9008443355560303,0.0,0.0,-0.003705049864947796,-0.22982126474380493,0.0,0.0,-0.5234710374927322,-0.518442344370336,0.20587803423404694,-0.01011064276099205,0.0,0.0,0.0,0.0
8.55164647102356,-0.8067379593849182,1.9008443355560303,0.0,0.0,-0.003705049864947796,-0.22982126474380493,0.0,0.0,-0.5235716862565857,-0.518480731340736,0.21069902181625366,-0.016048885881900787,0.0,0.0,0.0,0.0
8.552892923355103,-0.8067379593849182,1.9008443355560303,0.0,0.0,-0.003705049864947796,-0.22982126474380493,0.0,0.0,-0.5235716862565857,-0.518480731340736,0.21069902181625366,-0.016048885881900787,0.0,0.0,0.0,0.0
8.554213523864746,-0.8067379593849182,1.9008443355560303,0.0,0.0,-0.003705049864947796,-0.22982126474380493,0.0,0.0,-0.5236627850912178,-0.5184136009559146,0.2101268321275711,-0.017279013991355896,0.0,0.0,0.0,0.0
8.555484771728516,-0.8067379593849182,1.9008443355560303,0.0,0.0,-0.003705049864947796,-0.22982126474380493,0.0,0.0,-0.5236627850912178,-0.5184136009559146,0.2101268321275711,-0.017279013991355896,0.0,0.0,0.0,0.0
8.556753635406494,-0.8067379593849182,1.9008443355560303,0.0,0.0,-0.003705049864947796,-0.22982126474380493,0.0,0.0,-0.5237490621478607,-0.5184136009559146,0.20961163938045502,-0.017279013991355896,0.0,0.0,0.0,0.0
8.558000802993774,-0.8162350654602051,1.920715093612671,0.0,0.0,-0.0037359928246587515,-0.2298940122127533,0.0,0.0,-0.5237490621478607,-0.5184136009559146,0.20961163938045502,-0.017279013991355896,0.0,0.0,0.0,0.0
8.559247970581055,-0.8162350654602051,1.920715093612671,0.0,0.0,-0.0037359928246587515,-0.2298940122127533,0.0,0.0,-0.5238353392045035,-0.5185621866193896,0.20912547409534454,-0.015562456101179123,0.0,0.0,0.0,0.0
8.56052565574646,-0.8162350654602051,1.920715093612671,0.0,0.0,-0.0037359928246587515,-0.2298940122127533,0.0,0.0,-0.5238353392045035,-0.5185621866193896,0.20912547409534454,-0.015562456101179123,0.0,0.0,0.0,0.0
8.561811447143555,-0.8162350654602051,1.920715093612671,0.0,0.0,-0.0037359928246587515,-0.2298940122127533,0.0,0.0,-0.5239264380391356,-0.5188306613452967,0.21395178139209747,-0.020387358963489532,0.0,0.0,0.0,0.0
8.56305742263794,-0.8162350654602051,1.920715093612671,0.0,0.0,-0.0037359928246587515,-0.2298940122127533,0.0,0.0,-0.5239264380391356,-0.5188306613452967,0.21395178139209747,-0.020387358963489532,0.0,0.0,0.0,0.0
8.564302206039429,-0.8162350654602051,1.920715093612671,0.0,0.0,-0.0037359928246587515,-0.2298940122127533,0.0,0.0,-0.5239359879683572,-0.5190367806509931,0.21472425758838654,-0.015981383621692657,0.0,0.0,0.0,0.0
8.56557011604309,-0.8162350654602051,1.920715093612671,0.0,0.0,-0.0037359928246587515,-0.2298940122127533,0.0,0.0,-0.5239359879683572,-0.5190367806509931,0.21472425758838654,-0.015981383621692657,0.0,0.0,0.0,0.0
8.566856145858765,-0.8162350654602051,1.920715093612671,0.0,0.0,-0.0037359928246587515,-0.2298940122127533,0.0,0.0,-0.5240702487379999,-0.5190847175506146,0.21309348940849304,-0.01784093677997589,0.0,0.0,0.0,0.0
8.56811261177063,-0.8104947209358215,2.00130558013916,0.0,0.0,-0.0037341592833399773,-0.22991950809955597,0.0,0.0,-0.5240702487379999,-0.5190847175506146,0.21309348940849304,-0.01784093677997589,0.0,0.0,0.0,0.0
8.569363117218018,-0.8104947209358215,2.00130558013916,0.0,0.0,-0.0037341592833399773,-0.22991950809955597,0.0,0.0,-0.5241661225372428,-0.5190271839083931,0.21254976093769073,-0.019014067947864532,0.0,0.0,0.0,0.0
8.570632219314575,-0.8104947209358215,2.00130558013916,0.0,0.0,-0.0037341592833399773,-0.22991950809955597,0.0,0.0,-0.5241661225372428,-0.5190271839083931,0.21254976093769073,-0.019014067947864532,0.0,0.0,0.0,0.0
8.572176694869995,-0.8104947209358215,2.00130558013916,0.0,0.0,-0.0037341592833399773,-0.22991950809955597,0.0,0.0,-0.5242619963364856,-0.519151847935436,0.21737074851989746,-0.02289075404405594,0.0,0.0,0.0,0.0
8.573490858078003,-0.8104947209358215,2.00130558013916,0.0,0.0,-0.0037341592833399773,-0.22991950809955597,0.0,0.0,-0.5243339016859178,-0.5192428999566896,0.21831479668617249,-0.02231854945421219,0.0,0.0,0.0,0.0
8.574786186218262,-0.8104947209358215,2.00130558013916,0.0,0.0,-0.0037341592833399773,-0.22991950809955597,0.0,0.0,-0.5243339016859178,-0.5192428999566896,0.21831479668617249,-0.02231854945421219,0.0,0.0,0.0,0.0
8.576234817504883,-0.8104947209358215,2.00130558013916,0.0,0.0,-0.0037341592833399773,-0.22991950809955597,0.0,0.0,-0.5244201787425606,-0.5196120234464502,0.21645517647266388,-0.018542055040597916,0.0,0.0,0.0,0.0
8.577588081359863,-0.8104947209358215,2.00130558013916,0.0,0.0,-0.0037341592833399773,-0.22991950809955597,0.0,0.0,-0.5244201787425606,-0.5196120234464502,0.21645517647266388,-0.018542055040597916,0.0,0.0,0.0,0.0
8.57944631576538,-0.8050647377967834,2.067819595336914,0.0,0.0,-0.0037315075751394033,-0.22995884716510773,0.0,0.0,-0.5245064557992035,-0.5198564829091681,0.21588295698165894,-0.01691121608018875,0.0,0.0,0.0,0.0
8.580819845199585,-0.8050647377967834,2.067819595336914,0.0,0.0,-0.0037315075751394033,-0.22995884716510773,0.0,0.0,-0.5246023295984463,-0.5200194870932323,0.21536804735660553,-0.016853883862495422,0.0,0.0,0.0,0.0
8.582230567932129,-0.8050647377967834,2.067819595336914,0.0,0.0,-0.0037315075751394033,-0.22995884716510773,0.0,0.0,-0.5246023295984463,-0.5200194870932323,0.21536804735660553,-0.016853883862495422,0.0,0.0,0.0,0.0
8.583663940429688,-0.8050647377967834,2.067819595336914,0.0,0.0,-0.0037315075751394033,-0.22995884716510773,0.0,0.0,-0.5246694599832677,-0.5201872662419074,0.22040864825248718,-0.02132367342710495,0.0,0.0,0.0,0.0
8.5855553150177,-0.8050647377967834,2.067819595336914,0.0,0.0,-0.0037315075751394033,-0.22995884716510773,0.0,0.0,-0.5247653337825107,-0.5202735432985502,0.21986493468284607,-0.021638497710227966,0.0,0.0,0.0,0.0
8.587076187133789,-0.8050647377967834,2.067819595336914,0.0,0.0,-0.0037315075751394033,-0.22995884716510773,0.0,0.0,-0.5247653337825107,-0.5202735432985502,0.21986493468284607,-0.021638497710227966,0.0,0.0,0.0,0.0
8.58855128288269,-0.8296525478363037,2.0983965396881104,0.0,0.0,-0.003772563533857465,-0.23000778257846832,0.0,0.0,-0.5248563858037643,-0.520359820355193,0.2192927449941635,-0.021152067929506302,0.0,0.0,0.0,0.0
8.590095520019531,-0.8296525478363037,2.0983965396881104,0.0,0.0,-0.003772563533857465,-0.23000778257846832,0.0,0.0,-0.5248563858037643,-0.520359820355193,0.2192927449941635,-0.021152067929506302,0.0,0.0,0.0,0.0
8.592041492462158,-0.8296525478363037,2.0983965396881104,0.0,0.0,-0.003772563533857465,-0.23000778257846832,0.0,0.0,-0.5250816985946606,-0.5204556941544359,0.21717551350593567,-0.020551364868879318,0.0,0.0,0.0,0.0
8.593525409698486,-0.8296525478363037,2.0983965396881104,0.0,0.0,-0.003772563533857465,-0.23000778257846832,0.0,0.0,-0.5251775723939035,-0.5207960742297751,0.22184786200523376,-0.022303853183984756,0.0,0.0,0.0,0.0
8.595033168792725,-0.8296525478363037,2.0983965396881104,0.0,0.0,-0.003772563533857465,-0.23000778257846832,0.0,0.0,-0.5251775723939035,-0.5207960742297751,0.22184786200523376,-0.022303853183984756,0.0,0.0,0.0,0.0
8.597042083740234,-0.8296525478363037,2.0983965396881104,0.0,0.0,-0.003772563533857465,-0.23000778257846832,0.0,0.0,-0.5254364503772107,-0.5208775763218073,0.2204173356294632,-0.022046472877264023,0.0,0.0,0.0,0.0
8.5987548828125,-0.8163268566131592,2.187957525253296,0.0,0.0,-0.0037510632537305355,-0.23004154860973358,0.0,0.0,-0.5255131306912535,-0.5208679795792073,0.22073188424110413,-0.024277905002236366,0.0,0.0,0.0,0.0
8.600897073745728,-0.8163268566131592,2.187957525253296,0.0,0.0,-0.0037510632537305355,-0.23004154860973358,0.0,0.0,-0.5256042295258856,-0.5213041866404109,0.2201884537935257,-0.019700434058904648,0.0,0.0,0.0,0.0
8.602477550506592,-0.8163268566131592,2.187957525253296,0.0,0.0,-0.0037510632537305355,-0.23004154860973358,0.0,0.0,-0.5256042295258856,-0.5213041866404109,0.2201884537935257,-0.019700434058904648,0.0,0.0,0.0,0.0
8.604015827178955,-0.8163268566131592,2.187957525253296,0.0,0.0,-0.0037510632537305355,-0.23004154860973358,0.0,0.0,-0.5257001033251284,-0.5216014047807395,0.2250150442123413,-0.02412630431354046,0.0,0.0,0.0,0.0
8.605519771575928,-0.8163268566131592,2.187957525253296,0.0,0.0,-0.0037510632537305355,-0.23004154860973358,0.0,0.0,-0.5257001033251284,-0.5216014047807395,0.2250150442123413,-0.02412630431354046,0.0,0.0,0.0,0.0
8.608102560043335,-0.8286473155021667,2.198671340942383,0.0,0.0,-0.0038222779985517263,-0.23011121153831482,0.0,0.0,-0.5259062226308249,-0.5219992716849216,0.2229551076889038,-0.019606053829193115,0.0,0.0,0.0,0.0
8.609611749649048,-0.8286473155021667,2.198671340942383,0.0,0.0,-0.0038222779985517263,-0.23011121153831482,0.0,0.0,-0.5263424296920284,-0.5221526791263859,0.21869218349456787,-0.020349696278572083,0.0,0.0,0.0,0.0
8.611303567886353,-0.8286473155021667,2.198671340942383,0.0,0.0,-0.0038222779985517263,-0.23011121153831482,0.0,0.0,-0.5267259248889998,-0.5227806337860751,0.2159169465303421,-0.014255941845476627,0.0,0.0,0.0,0.0
8.612827062606812,-0.8286473155021667,2.198671340942383,0.0,0.0,-0.0038222779985517263,-0.23011121153831482,0.0,0.0,-0.5267259248889998,-0.5227806337860751,0.2159169465303421,-0.014255941845476627,0.0,0.0,0.0,0.0
8.614285707473755,-0.8286473155021667,2.198671340942383,0.0,0.0,-0.0038222779985517263,-0.23011121153831482,0.0,0.0,-0.5270279179939391,-0.5235141058009858,0.22094909846782684,-0.014653299935162067,0.0,0.0,0.0,0.0
8.615828037261963,-0.8286473155021667,2.198671340942383,0.0,0.0,-0.0038222779985517263,-0.23011121153831482,0.0,0.0,-0.5270279179939391,-0.5235141058009858,0.22094909846782684,-0.014653299935162067,0.0,0.0,0.0,0.0
8.618074893951416,-0.8299298882484436,2.2208855152130127,0.0,0.0,-0.003834828734397888,-0.23017281293869019,0.0,0.0,-0.5272724242700355,-0.5239359411549785,0.21940430998802185,-0.012192875146865845,0.0,0.0,0.0,0.0
8.620149612426758,-0.8299298882484436,2.2208855152130127,0.0,0.0,-0.003834828734397888,-0.23017281293869019,0.0,0.0,-0.5278860072225141,-0.5245734925572678,0.2140827625989914,-0.007729566656053066,0.0,0.0,0.0,0.0
8.621787786483765,-0.8299298882484436,2.2208855152130127,0.0,0.0,-0.003834828734397888,-0.23017281293869019,0.0,0.0,-0.5283749729613283,-0.5251583320953249,0.2166372686624527,-0.00994071364402771,0.0,0.0,0.0,0.0
8.623288631439209,-0.8299298882484436,2.2208855152130127,0.0,0.0,-0.003834828734397888,-0.23017281293869019,0.0,0.0,-0.5283749729613283,-0.5251583320953249,0.2166372686624527,-0.00994071364402771,0.0,0.0,0.0,0.0
8.624894857406616,-0.8299298882484436,2.2208855152130127,0.0,0.0,-0.003834828734397888,-0.23017281293869019,0.0,0.0,-0.5288495201795533,-0.5259157257466678,0.2137477695941925,-0.004533603321760893,0.0,0.0,0.0,0.0
8.626919746398926,-0.8299298882484436,2.2208855152130127,0.0,0.0,-0.003834828734397888,-0.23017281293869019,0.0,0.0,-0.5295685736738747,-0.5268936572242963,0.20745334029197693,0.0010741135338321328,0.0,0.0,0.0,0.0
8.628660440444946,-0.8344143033027649,2.2665319442749023,0.0,0.0,-0.0038686594925820827,-0.2302456796169281,0.0,0.0,-0.5295685736738747,-0.5268936572242963,0.20745334029197693,0.0010741135338321328,0.0,0.0,0.0,0.0
8.63021206855774,-0.8344143033027649,2.2665319442749023,0.0,0.0,-0.0038686594925820827,-0.2302456796169281,0.0,0.0,-0.5305417301868925,-0.5278667669239355,0.20164558291435242,0.007110761012881994,0.0,0.0,0.0,0.0
8.631699800491333,-0.8344143033027649,2.2665319442749023,0.0,0.0,-0.0038686594925820827,-0.2302456796169281,0.0,0.0,-0.5305417301868925,-0.5278667669239355,0.20164558291435242,0.007110761012881994,0.0,0.0,0.0,0.0
8.63319993019104,-0.8344143033027649,2.2665319442749023,0.0,0.0,-0.0038686594925820827,-0.2302456796169281,0.0,0.0,-0.5313278672526568,-0.529645207174539,0.2018914669752121,0.015819838270545006,0.0,0.0,0.0,0.0
8.635019063949585,-0.8344143033027649,2.2665319442749023,0.0,0.0,-0.0038686594925820827,-0.2302456796169281,0.0,0.0,-0.5323728823017282,-0.5309682936921175,0.19531115889549255,0.025576042011380196,0.0,0.0,0.0,0.0
8.636994361877441,-0.8344143033027649,2.2665319442749023,0.0,0.0,-0.0038686594925820827,-0.2302456796169281,0.0,0.0,-0.5323728823017282,-0.5309682936921175,0.19531115889549255,0.025576042011380196,0.0,0.0,0.0,0.0
8.638548851013184,-0.8400149345397949,2.0957279205322266,0.0,0.0,-0.003888393985107541,-0.23036733269691467,0.0,0.0,-0.5339452500600138,-0.532598148279246,0.18329501152038574,0.03664819896221161,0.0,0.0,0.0,0.0
8.640130281448364,-0.8400149345397949,2.0957279205322266,0.0,0.0,-0.003888393985107541,-0.23036733269691467,0.0,0.0,-0.5339452500600138,-0.532598148279246,0.18329501152038574,0.03664819896221161,0.0,0.0,0.0,0.0
8.641677856445312,-0.8400149345397949,2.0957279205322266,0.0,0.0,-0.003888393985107541,-0.23036733269691467,0.0,0.0,-0.5356038480615637,-0.5345347709359245,0.17139311134815216,0.047491252422332764,0.0,0.0,0.0,0.0
8.64319896697998,-0.8400149345397949,2.0957279205322266,0.0,0.0,-0.003888393985107541,-0.23036733269691467,0.0,0.0,-0.5356038480615637,-0.5345347709359245,0.17139311134815216,0.047491252422332764,0.0,0.0,0.0,0.0
8.645298957824707,-0.8400149345397949,2.0957279205322266,0.0,0.0,-0.003888393985107541,-0.23036733269691467,0.0,0.0,-0.537099488692428,-0.5360783484664101,0.1687089502811432,0.05083345249295235,0.0,0.0,0.0,0.0
8.646922588348389,-0.8400149345397949,2.0957279205322266,0.0,0.0,-0.003888393985107541,-0.23036733269691467,0.0,0.0,-0.5382164090909314,-0.5371761221930922,0.16192848980426788,0.058500997722148895,0.0,0.0,0.0,0.0
8.648494482040405,-0.860781729221344,2.0648603439331055,0.0,0.0,-0.003976155072450638,-0.23058846592903137,0.0,0.0,-0.5382164090909314,-0.5371761221930922,0.16192848980426788,0.058500997722148895,0.0,0.0,0.0,0.0
8.650053977966309,-0.860781729221344,2.0648603439331055,0.0,0.0,-0.003976155072450638,-0.23058846592903137,0.0,0.0,-0.5391368069263385,-0.5380485363154993,0.16015465557575226,0.06038937717676163,0.0,0.0,0.0,0.0
8.651594400405884,-0.860781729221344,2.0648603439331055,0.0,0.0,-0.003976155072450638,-0.23058846592903137,0.0,0.0,-0.5391368069263385,-0.5380485363154993,0.16015465557575226,0.06038937717676163,0.0,0.0,0.0,0.0
8.6532301902771,-0.860781729221344,2.0648603439331055,0.0,0.0,-0.003976155072450638,-0.23058846592903137,0.0,0.0,-0.5393621197172349,-0.5382019437569636,0.1689550280570984,0.04912840574979782,0.0,0.0,0.0,0.0
8.654776096343994,-0.860781729221344,2.0648603439331055,0.0,0.0,-0.003976155072450638,-0.23058846592903137,0.0,0.0,-0.5393621197172349,-0.5382019437569636,0.1689550280570984,0.04912840574979782,0.0,0.0,0.0,0.0
8.65725064277649,-0.860781729221344,2.0648603439331055,0.0,0.0,-0.003976155072450638,-0.23058846592903137,0.0,0.0,-0.5396161759225528,-0.5384224815832493,0.16826850175857544,0.04961460828781128,0.0,0.0,0.0,0.0
8.659321308135986,-0.873154878616333,1.7764217853546143,0.0,0.0,-0.004043325316160917,-0.23085671663284302,0.0,0.0,-0.5395826107301421,-0.5383553511984279,0.17012804746627808,0.047554727643728256,0.0,0.0,0.0,0.0
8.660833358764648,-0.873154878616333,1.7764217853546143,0.0,0.0,-0.004043325316160917,-0.23085671663284302,0.0,0.0,-0.5395826107301421,-0.5383553511984279,0.17012804746627808,0.047554727643728256,0.0,0.0,0.0,0.0
8.662877559661865,-0.873154878616333,1.7764217853546143,0.0,0.0,-0.004043325316160917,-0.23085671663284302,0.0,0.0,-0.5395826107301421,-0.5383553511984279,0.1755494773387909,0.04213331267237663,0.0,0.0,0.0,0.0
8.664515495300293,-0.873154878616333,1.7764217853546143,0.0,0.0,-0.004043325316160917,-0.23085671663284302,0.0,0.0,-0.5395826107301421,-0.5383553511984279,0.1755494773387909,0.04213331267237663,0.0,0.0,0.0,0.0
8.66640329360962,-0.873154878616333,1.7764217853546143,0.0,0.0,-0.004043325316160917,-0.23085671663284302,0.0,0.0,-0.5395826107301421,-0.5383553511984279,0.1755494773387909,0.04213331267237663,0.0,0.0,0.0,0.0
8.669522762298584,-0.9246147274971008,1.1402560472488403,0.0,0.0,-0.004240559414029121,-0.2315007895231247,0.0,0.0,-0.5395826107301421,-0.5383553511984279,0.1755494773387909,0.04213331267237663,0.0,0.0,0.0,0.0
8.671880722045898,-0.9246147274971008,1.1402560472488403,0.0,0.0,-0.004240559414029121,-0.2315007895231247,0.0,0.0,-0.5395826107301421,-0.5383553511984279,0.1755494773387909,0.04213331267237663,0.0,0.0,0.0,0.0
8.674509525299072,-0.9246147274971008,1.1402560472488403,0.0,0.0,-0.004240559414029121,-0.2315007895231247,0.0,0.0,-0.5395826107301421,-0.5383553511984279,0.18104493618011475,0.03663785755634308,0.0,0.0,0.0,0.0
8.676680326461792,-0.9246147274971008,1.1402560472488403,0.0,0.0,-0.004240559414029121,-0.2315007895231247,0.0,0.0,-0.5395826107301421,-0.5383553511984279,0.18104493618011475,0.03663785755634308,0.0,0.0,0.0,0.0
8.678666591644287,-0.9202023148536682,1.1042107343673706,0.0,0.0,-0.004237441346049309,-0.23191030323505402,0.0,0.0,-0.5395826107301421,-0.5383553511984279,0.18104493618011475,0.03663785755634308,0.0,0.0,0.0,0.0
8.680228471755981,-0.9202023148536682,1.1042107343673706,0.0,0.0,-0.004237441346049309,-0.23191030323505402,0.0,0.0,-0.5395826107301421,-0.5383553511984279,0.18104493618011475,0.03663785755634308,0.0,0.0,0.0,0.0
8.681756258010864,-0.9202023148536682,1.1042107343673706,0.0,0.0,-0.004237441346049309,-0.23191030323505402,0.0,0.0,-0.5395826107301421,-0.5383553511984279,0.18104493618011475,0.03663785755634308,0.0,0.0,0.0,0.0
8.683463335037231,-0.9202023148536682,1.1042107343673706,0.0,0.0,-0.004237441346049309,-0.23191030323505402,0.0,0.0,-0.5395826107301421,-0.5383553511984279,0.1864747256040573,0.031206386163830757,0.0,0.0,0.0,0.0
8.685575246810913,-0.9202023148536682,1.1042107343673706,0.0,0.0,-0.004237441346049309,-0.23191030323505402,0.0,0.0,-0.5395826107301421,-0.5383553511984279,0.1864747256040573,0.031206386163830757,0.0,0.0,0.0,0.0
8.687567472457886,-0.9202023148536682,1.1042107343673706,0.0,0.0,-0.004237441346049309,-0.23191030323505402,0.0,0.0,-0.5396688877867849,-0.5383553511984279,0.1864747256040573,0.031206386163830757,0.0,0.0,0.0,0.0
8.689427852630615,-0.916179358959198,1.2274858951568604,0.0,0.0,-0.004230075981467962,-0.23193103075027466,0.0,0.0,-0.5396688877867849,-0.5383553511984279,0.1864747256040573,0.031206386163830757,0.0,0.0,0.0,0.0
8.69094729423523,-0.916179358959198,1.2274858951568604,0.0,0.0,-0.004230075981467962,-0.23193103075027466,0.0,0.0,-0.539769583364017,-0.5383553511984279,0.18452933430671692,0.031206386163830757,0.0,0.0,0.0,0.0
8.692501306533813,-0.916179358959198,1.2274858951568604,0.0,0.0,-0.004230075981467962,-0.23193103075027466,0.0,0.0,-0.539769583364017,-0.5383553511984279,0.18452933430671692,0.031206386163830757,0.0,0.0,0.0,0.0
8.694709062576294,-0.916179358959198,1.2274858951568604,0.0,0.0,-0.004230075981467962,-0.23193103075027466,0.0,0.0,-0.5398798288704706,-0.5384320315124708,0.18928970396518707,0.025789443403482437,0.0,0.0,0.0,0.0
8.69629955291748,-0.916179358959198,1.2274858951568604,0.0,0.0,-0.004230075981467962,-0.23193103075027466,0.0,0.0,-0.5398894256130706,-0.5385327270897029,0.19006218016147614,0.027649052441120148,0.0,0.0,0.0,0.0
8.699172019958496,-0.914360761642456,1.3271974325180054,0.0,0.0,-0.004230075981467962,-0.23193103075027466,0.0,0.0,-0.5398894256130706,-0.5386333758535565,0.19006218016147614,0.02827853336930275,0.0,0.0,0.0,0.0
8.701468229293823,-0.914360761642456,1.3271974325180054,0.0,0.0,-0.004230075981467962,-0.23193103075027466,0.0,0.0,-0.5400523829837564,-0.5386621660813564,0.1882883459329605,0.0288507342338562,0.0,0.0,0.0,0.0
8.703509092330933,-0.914360761642456,1.3271974325180054,0.0,0.0,-0.004230075981467962,-0.23193103075027466,0.0,0.0,-0.5400523829837564,-0.5386621660813564,0.1882883459329605,0.0288507342338562,0.0,0.0,0.0,0.0
8.70547604560852,-0.914360761642456,1.3271974325180054,0.0,0.0,-0.004230075981467962,-0.23193103075027466,0.0,0.0,-0.5401578535255992,-0.5386621660813564,0.19312050938606262,0.0221877358853817,0.0,0.0,0.0,0.0
8.707505226135254,-0.914360761642456,1.3271974325180054,0.0,0.0,-0.004230075981467962,-0.23193103075027466,0.0,0.0,-0.5402585022894528,-0.5386621660813564,0.1924625188112259,0.0221877358853817,0.0,0.0,0.0,0.0
8.7103750705719,-0.9125564098358154,1.4257324934005737,0.0,0.0,-0.004230075981467962,-0.23193103075027466,0.0,0.0,-0.5401961936826206,-0.5388778821296528,0.19366414844989777,0.023789742961525917,0.0,0.0,0.0,0.0
8.712148904800415,-0.9125564098358154,1.4257324934005737,0.0,0.0,-0.004230075981467962,-0.23193103075027466,0.0,0.0,-0.5402920674818635,-0.5389833058581172,0.19774645566940308,0.019505750387907028,0.0,0.0,0.0,0.0
8.713671445846558,-0.9125564098358154,1.4257324934005737,0.0,0.0,-0.004230075981467962,-0.23193103075027466,0.0,0.0,-0.5402920674818635,-0.5389833058581172,0.19774645566940308,0.019505750387907028,0.0,0.0,0.0,0.0
8.715161323547363,-0.9125564098358154,1.4257324934005737,0.0,0.0,-0.004230075981467962,-0.23193103075027466,0.0,0.0,-0.5403879412811063,-0.5392278121342136,0.19714578986167908,0.021823011338710785,0.0,0.0,0.0,0.0
8.716713428497314,-0.9125564098358154,1.4257324934005737,0.0,0.0,-0.004230075981467962,-0.23193103075027466,0.0,0.0,-0.5403879412811063,-0.5392278121342136,0.19714578986167908,0.021823011338710785,0.0,0.0,0.0,0.0
8.718501091003418,-0.9000616669654846,1.500179648399353,0.0,0.0,-0.004204791970551014,-0.23195211589336395,0.0,0.0,-0.5404934118229492,-0.5393236859334565,0.19657358527183533,0.021479688584804535,0.0,0.0,0.0,0.0
8.720432996749878,-0.9000616669654846,1.500179648399353,0.0,0.0,-0.004204791970551014,-0.23195211589336395,0.0,0.0,-0.5407810332206777,-0.53942433469731,0.19408449530601501,0.022051893174648285,0.0,0.0,0.0,0.0
8.722004652023315,-0.9000616669654846,1.500179648399353,0.0,0.0,-0.004204791970551014,-0.23195211589336395,0.0,0.0,-0.5407810332206777,-0.53942433469731,0.19408449530601501,0.022051893174648285,0.0,0.0,0.0,0.0
8.723663091659546,-0.9000616669654846,1.500179648399353,0.0,0.0,-0.004204791970551014,-0.23195211589336395,0.0,0.0,-0.540944037404742,-0.5399324939213243,0.19976036250591278,0.02247137948870659,0.0,0.0,0.0,0.0
8.725228309631348,-0.9000616669654846,1.500179648399353,0.0,0.0,-0.004204791970551014,-0.23195211589336395,0.0,0.0,-0.540944037404742,-0.5399324939213243,0.19976036250591278,0.02247137948870659,0.0,0.0,0.0,0.0
8.726722478866577,-0.9000616669654846,1.500179648399353,0.0,0.0,-0.004204791970551014,-0.23195211589336395,0.0,0.0,-0.5411645284176492,-0.5400187709779671,0.19718550145626068,0.01972479745745659,0.0,0.0,0.0,0.0
8.728334665298462,-0.9094743132591248,1.4635818004608154,0.0,0.0,-0.004211941733956337,-0.23197416961193085,0.0,0.0,-0.5411645284176492,-0.5400187709779671,0.19718550145626068,0.01972479745745659,0.0,0.0,0.0,0.0
8.729841470718384,-0.9094743132591248,1.4635818004608154,0.0,0.0,-0.004211941733956337,-0.23197416961193085,0.0,0.0,-0.5413658727587348,-0.5402392619908742,0.19604109227657318,0.02235693857073784,0.0,0.0,0.0,0.0
8.731398820877075,-0.9094743132591248,1.4635818004608154,0.0,0.0,-0.004211941733956337,-0.23197416961193085,0.0,0.0,-0.5414521498153777,-0.5404070411395493,0.196270152926445,0.02330102026462555,0.0,0.0,0.0,0.0
8.73293685913086,-0.9094743132591248,1.4635818004608154,0.0,0.0,-0.004211941733956337,-0.23197416961193085,0.0,0.0,-0.5414521498153777,-0.5404070411395493,0.196270152926445,0.02330102026462555,0.0,0.0,0.0,0.0
8.734992265701294,-0.9094743132591248,1.4635818004608154,0.0,0.0,-0.004211941733956337,-0.23197416961193085,0.0,0.0,-0.5416966092780956,-0.5405077367167813,0.19939665496349335,0.018944106996059418,0.0,0.0,0.0,0.0
8.73699402809143,-0.9094743132591248,1.4635818004608154,0.0,0.0,-0.004211941733956337,-0.23197416961193085,0.0,0.0,-0.541773336405517,-0.5405029149387921,0.19979725778102875,0.016826950013637543,0.0,0.0,0.0,0.0
8.738795518875122,-0.9066712856292725,1.6343445777893066,0.0,0.0,-0.004221905954182148,-0.23200488090515137,0.0,0.0,-0.5417301744705063,-0.5405029149387921,0.20085585117340088,0.016826950013637543,0.0,0.0,0.0,0.0
8.740772008895874,-0.9066712856292725,1.6343445777893066,0.0,0.0,-0.004221905954182148,-0.23200488090515137,0.0,0.0,-0.5417301744705063,-0.540589191995435,0.20085585117340088,0.016826950013637543,0.0,0.0,0.0,0.0
8.742419958114624,-0.9066712856292725,1.6343445777893066,0.0,0.0,-0.004221905954182148,-0.23200488090515137,0.0,0.0,-0.5417301744705063,-0.540589191995435,0.20085585117340088,0.016826950013637543,0.0,0.0,0.0,0.0
8.743902444839478,-0.9066712856292725,1.6343445777893066,0.0,0.0,-0.004221905954182148,-0.23200488090515137,0.0,0.0,-0.5417301744705063,-0.5409631372631849,0.20628033578395844,0.014692806638777256,0.0,0.0,0.0,0.0
8.745494842529297,-0.9066712856292725,1.6343445777893066,0.0,0.0,-0.004221905954182148,-0.23200488090515137,0.0,0.0,-0.5418692102047599,-0.5411260946338706,0.20462076365947723,0.018068701028823853,0.0,0.0,0.0,0.0
8.746984004974365,-0.9066712856292725,1.6343445777893066,0.0,0.0,-0.004221905954182148,-0.23200488090515137,0.0,0.0,-0.5418692102047599,-0.5411260946338706,0.20462076365947723,0.018068701028823853,0.0,0.0,0.0,0.0
8.748758792877197,-0.9276723265647888,1.6265654563903809,0.0,0.0,-0.004258040338754654,-0.2320924699306488,0.0,0.0,-0.5421712033096991,-0.5413034705251456,0.20124492049217224,0.017896927893161774,0.0,0.0,0.0,0.0
8.750767230987549,-0.9276723265647888,1.6265654563903809,0.0,0.0,-0.004258040338754654,-0.2320924699306488,0.0,0.0,-0.5423629509081848,-0.5414952181236313,0.1995282918214798,0.019041337072849274,0.0,0.0,0.0,0.0
8.752232551574707,-0.9276723265647888,1.6265654563903809,0.0,0.0,-0.004258040338754654,-0.2320924699306488,0.0,0.0,-0.5423629509081848,-0.5414952181236313,0.1995282918214798,0.019041337072849274,0.0,0.0,0.0,0.0
8.753682136535645,-0.9276723265647888,1.6265654563903809,0.0,0.0,-0.004258040338754654,-0.2320924699306488,0.0,0.0,-0.5425499235420598,-0.5414233127741992,0.20521844923496246,0.011464487761259079,0.0,0.0,0.0,0.0
8.755730390548706,-0.9276723265647888,1.6265654563903809,0.0,0.0,-0.004258040338754654,-0.2320924699306488,0.0,0.0,-0.5426553472705241,-0.5415863169582634,0.20407404005527496,0.013295600190758705,0.0,0.0,0.0,0.0
8.757215738296509,-0.9276723265647888,1.6265654563903809,0.0,0.0,-0.004258040338754654,-0.2320924699306488,0.0,0.0,-0.5426553472705241,-0.5415863169582634,0.20407404005527496,0.013295600190758705,0.0,0.0,0.0,0.0
8.758782863616943,-0.9024752378463745,1.6778651475906372,0.0,0.0,-0.004229452461004257,-0.23217009007930756,0.0,0.0,-0.5426505723059134,-0.541677368979517,0.20621968805789948,0.013810528442263603,0.0,0.0,0.0,0.0
8.760348558425903,-0.9024752378463745,1.6778651475906372,0.0,0.0,-0.004229452461004257,-0.23217009007930756,0.0,0.0,-0.5426505723059134,-0.5417732427787599,0.20621968805789948,0.014354233630001545,0.0,0.0,0.0,0.0
8.761775970458984,-0.9024752378463745,1.6778651475906372,0.0,0.0,-0.004229452461004257,-0.23217009007930756,0.0,0.0,-0.5426505723059134,-0.5417732427787599,0.20621968805789948,0.014354233630001545,0.0,0.0,0.0,0.0
8.76403522491455,-0.9024752378463745,1.6778651475906372,0.0,0.0,-0.004229452461004257,-0.23217009007930756,0.0,0.0,-0.5428087547119884,-0.5417301276571277,0.2098901867866516,0.007849931716918945,0.0,0.0,0.0,0.0
8.765470266342163,-0.9024752378463745,1.6778651475906372,0.0,0.0,-0.004229452461004257,-0.23217009007930756,0.0,0.0,-0.5428998535466205,-0.542022524019467,0.20937523245811462,0.009480714797973633,0.0,0.0,0.0,0.0
8.766921520233154,-0.9024752378463745,1.6778651475906372,0.0,0.0,-0.004229452461004257,-0.23217009007930756,0.0,0.0,-0.5428998535466205,-0.542022524019467,0.20937523245811462,0.009480714797973633,0.0,0.0,0.0,0.0
8.769686698913574,-0.927381694316864,1.7112542390823364,0.0,0.0,-0.0042912946082651615,-0.23220856487751007,0.0,0.0,-0.5432497835511811,-0.5423820507666277,0.20648550987243652,0.01257056463509798,0.0,0.0,0.0,0.0
8.771215915679932,-0.927381694316864,1.7112542390823364,0.0,0.0,-0.0042912946082651615,-0.23220856487751007,0.0,0.0,-0.5432497835511811,-0.5423820507666277,0.20648550987243652,0.01257056463509798,0.0,0.0,0.0,0.0
8.772586584091187,-0.927381694316864,1.7112542390823364,0.0,0.0,-0.0042912946082651615,-0.23220856487751007,0.0,0.0,-0.5433120921580133,-0.5424635528586599,0.21230192482471466,0.007612389512360096,0.0,0.0,0.0,0.0
8.774285793304443,-0.927381694316864,1.7112542390823364,0.0,0.0,-0.0042912946082651615,-0.23220856487751007,0.0,0.0,-0.5433888192854347,-0.5425498299153028,0.2118442952632904,0.008184593170881271,0.0,0.0,0.0,0.0
8.775900840759277,-0.927381694316864,1.7112542390823364,0.0,0.0,-0.0042912946082651615,-0.23220856487751007,0.0,0.0,-0.5433888192854347,-0.5425498299153028,0.2118442952632904,0.008184593170881271,0.0,0.0,0.0,0.0
8.777270555496216,-0.927381694316864,1.7112542390823364,0.0,0.0,-0.0042912946082651615,-0.23220856487751007,0.0,0.0,-0.5434894680492883,-0.5428997599198634,0.2112148106098175,0.011818037368357182,0.0,0.0,0.0,0.0
8.778675317764282,-0.9037736654281616,1.749329924583435,0.0,0.0,-0.004254793748259544,-0.23227785527706146,0.0,0.0,-0.5434894680492883,-0.5428997599198634,0.2112148106098175,0.011818037368357182,0.0,0.0,0.0,0.0
8.780085325241089,-0.9037736654281616,1.749329924583435,0.0,0.0,-0.004254793748259544,-0.23227785527706146,0.0,0.0,-0.5439017066606812,-0.5429668903046848,0.20712344348430634,0.011989922262728214,0.0,0.0,0.0,0.0
8.781512022018433,-0.9037736654281616,1.749329924583435,0.0,0.0,-0.004254793748259544,-0.23227785527706146,0.0,0.0,-0.5439017066606812,-0.5429668903046848,0.20712344348430634,0.011989922262728214,0.0,0.0,0.0,0.0
8.783578634262085,-0.9037736654281616,1.749329924583435,0.0,0.0,-0.004254793748259544,-0.23227785527706146,0.0,0.0,-0.544007177202524,-0.543048392396717,0.21409790217876434,0.004271417856216431,0.0,0.0,0.0,0.0
8.785064220428467,-0.9037736654281616,1.749329924583435,0.0,0.0,-0.004254793748259544,-0.23227785527706146,0.0,0.0,-0.5441797781291883,-0.5434222908510884,0.2117806375026703,0.010365396738052368,0.0,0.0,0.0,0.0
8.786803483963013,-0.9037736654281616,1.749329924583435,0.0,0.0,-0.004254793748259544,-0.23227785527706146,0.0,0.0,-0.5442372649580312,-0.5435900699997633,0.21226701140403748,0.011051930487155914,0.0,0.0,0.0,0.0
8.788342237472534,-0.9083235263824463,1.8324649333953857,0.0,0.0,-0.004277746193110943,-0.23231492936611176,0.0,0.0,-0.5442372649580312,-0.5435900699997633,0.21226701140403748,0.011051930487155914,0.0,0.0,0.0,0.0
8.789812088012695,-0.9083235263824463,1.8324649333953857,0.0,0.0,-0.004277746193110943,-0.23231492936611176,0.0,0.0,-0.5444817712341276,-0.5438872881400919,0.20997823774814606,0.012768546119332314,0.0,0.0,0.0,0.0
8.791240215301514,-0.9083235263824463,1.8324649333953857,0.0,0.0,-0.004277746193110943,-0.23231492936611176,0.0,0.0,-0.5444817712341276,-0.5438872881400919,0.20997823774814606,0.012768546119332314,0.0,0.0,0.0,0.0
8.793043375015259,-0.9083235263824463,1.8324649333953857,0.0,0.0,-0.004277746193110943,-0.23231492936611176,0.0,0.0,-0.5446543253474133,-0.5442276214020526,0.21440108120441437,0.008887723088264465,0.0,0.0,0.0,0.0
8.794596672058105,-0.9083235263824463,1.8324649333953857,0.0,0.0,-0.004277746193110943,-0.23231492936611176,0.0,0.0,-0.5448460729458989,-0.5442372181446526,0.21325670182704926,0.00728577421978116,0.0,0.0,0.0,0.0
8.795962572097778,-0.9083235263824463,1.8324649333953857,0.0,0.0,-0.004277746193110943,-0.23231492936611176,0.0,0.0,-0.5448460729458989,-0.5442372181446526,0.21325670182704926,0.00728577421978116,0.0,0.0,0.0,0.0
8.797408819198608,-0.9083235263824463,1.8324649333953857,0.0,0.0,-0.004277746193110943,-0.23231492936611176,0.0,0.0,-0.5448748631736989,-0.5443234952012955,0.21520227193832397,0.007800702471286058,0.0,0.0,0.0,0.0
8.79906177520752,-0.912473201751709,1.8670092821121216,0.0,0.0,-0.004283208400011063,-0.2323707789182663,0.0,0.0,-0.5448748631736989,-0.5443234952012955,0.21520227193832397,0.007800702471286058,0.0,0.0,0.0,0.0
8.800846815109253,-0.912473201751709,1.8670092821121216,0.0,0.0,-0.004283208400011063,-0.2323707789182663,0.0,0.0,-0.5449707369729418,-0.5448412043545312,0.21337120234966278,0.013780185021460056,0.0,0.0,0.0,0.0
8.802258491516113,-0.912473201751709,1.8670092821121216,0.0,0.0,-0.004283208400011063,-0.2323707789182663,0.0,0.0,-0.5450666107721847,-0.545114454045049,0.21818043291568756,0.008686278015375137,0.0,0.0,0.0,0.0
8.803687572479248,-0.912473201751709,1.8670092821121216,0.0,0.0,-0.004283208400011063,-0.2323707789182663,0.0,0.0,-0.5450666107721847,-0.545114454045049,0.21818043291568756,0.008686278015375137,0.0,0.0,0.0,0.0
8.80514907836914,-0.912473201751709,1.8670092821121216,0.0,0.0,-0.004283208400011063,-0.2323707789182663,0.0,0.0,-0.545378200619724,-0.5451431974594705,0.21466125547885895,0.0072558787651360035,0.0,0.0,0.0,0.0
8.806594848632812,-0.912473201751709,1.8670092821121216,0.0,0.0,-0.004283208400011063,-0.2323707789182663,0.0,0.0,-0.545378200619724,-0.5451431974594705,0.21466125547885895,0.0072558787651360035,0.0,0.0,0.0,0.0
8.808140277862549,-0.9214977025985718,1.84722900390625,0.0,0.0,-0.004294373095035553,-0.23246215283870697,0.0,0.0,-0.5455507547330096,-0.5453781069929668,0.21446087956428528,0.009458865970373154,0.0,0.0,0.0,0.0
8.80965781211853,-0.9214977025985718,1.84722900390625,0.0,0.0,-0.004294373095035553,-0.23246215283870697,0.0,0.0,-0.5455507547330096,-0.5453781069929668,0.21446087956428528,0.009458865970373154,0.0,0.0,0.0,0.0
8.8118257522583,-0.9214977025985718,1.84722900390625,0.0,0.0,-0.004294373095035553,-0.23246215283870697,0.0,0.0,-0.5457520990740954,-0.545459609084999,0.2132594883441925,0.009144041687250137,0.0,0.0,0.0,0.0
8.813407182693481,-0.9214977025985718,1.84722900390625,0.0,0.0,-0.004294373095035553,-0.23246215283870697,0.0,0.0,-0.5457185338816847,-0.5457184402549276,0.2192986160516739,0.006139073986560106,0.0,0.0,0.0,0.0
8.814985275268555,-0.9214977025985718,1.84722900390625,0.0,0.0,-0.004294373095035553,-0.23246215283870697,0.0,0.0,-0.5458575696159382,-0.5458814444389919,0.21895520389080048,0.0070546576753258705,0.0,0.0,0.0,0.0
8.816538333892822,-0.9214977025985718,1.84722900390625,0.0,0.0,-0.004294373095035553,-0.23246215283870697,0.0,0.0,-0.5458575696159382,-0.5458814444389919,0.21895520389080048,0.0070546576753258705,0.0,0.0,0.0,0.0
8.81808614730835,-0.9133577346801758,1.888916015625,0.0,0.0,-0.004313176963478327,-0.23254333436489105,0.0,0.0,-0.5463417135767632,-0.5460923855226776,0.21366220712661743,0.008313339203596115,0.0,0.0,0.0,0.0
8.819618463516235,-0.9133577346801758,1.888916015625,0.0,0.0,-0.004313176963478327,-0.23254333436489105,0.0,0.0,-0.5463417135767632,-0.5460923855226776,0.21366220712661743,0.008313339203596115,0.0,0.0,0.0,0.0
8.821523189544678,-0.9133577346801758,1.888916015625,0.0,0.0,-0.004313176963478327,-0.23254333436489105,0.0,0.0,-0.5463609070619632,-0.5464519122698382,0.21592262387275696,0.009515024721622467,0.0,0.0,0.0,0.0
8.823007583618164,-0.9133577346801758,1.888916015625,0.0,0.0,-0.004313176963478327,-0.23254333436489105,0.0,0.0,-0.5464423623406167,-0.5466484348329347,0.22094030678272247,0.007444080431014299,0.0,0.0,0.0,0.0
8.824452638626099,-0.9133577346801758,1.888916015625,0.0,0.0,-0.004313176963478327,-0.23254333436489105,0.0,0.0,-0.5464423623406167,-0.5466484348329347,0.22094030678272247,0.007444080431014299,0.0,0.0,0.0,0.0
8.826054573059082,-0.9133577346801758,1.888916015625,0.0,0.0,-0.004313176963478327,-0.23254333436489105,0.0,0.0,-0.5465430579178489,-0.5468162139816096,0.2203393578529358,0.007072259206324816,0.0,0.0,0.0,0.0
8.828057765960693,-0.9183386564254761,1.902587652206421,0.0,0.0,-0.004358125850558281,-0.23262161016464233,0.0,0.0,-0.5468977628870203,-0.5472668395634025,0.21664860844612122,0.011964664794504642,0.0,0.0,0.0,0.0
8.830096006393433,-0.9183386564254761,1.902587652206421,0.0,0.0,-0.004358125850558281,-0.23262161016464233,0.0,0.0,-0.5468977628870203,-0.5472668395634025,0.21664860844612122,0.011964664794504642,0.0,0.0,0.0,0.0
8.832329511642456,-0.9183386564254761,1.902587652206421,0.0,0.0,-0.004358125850558281,-0.23262161016464233,0.0,0.0,-0.547089510485506,-0.5475832043755525,0.21541844308376312,0.01253664679825306,0.0,0.0,0.0,0.0
8.833947896957397,-0.9183386564254761,1.902587652206421,0.0,0.0,-0.004358125850558281,-0.23262161016464233,0.0,0.0,-0.5473483884688132,-0.5479379561581025,0.2200932651758194,0.009263791143894196,0.0,0.0,0.0,0.0
8.835721254348755,-0.9183386564254761,1.902587652206421,0.0,0.0,-0.004358125850558281,-0.23262161016464233,0.0,0.0,-0.5475497328098988,-0.5480242332147452,0.2189488559961319,0.00894896686077118,0.0,0.0,0.0,0.0
8.838451862335205,-0.9346243739128113,1.944197416305542,0.0,0.0,-0.004389449488371611,-0.2326880395412445,0.0,0.0,-0.5477175119585739,-0.5485179739181703,0.21789047122001648,0.013440997339785099,0.0,0.0,0.0,0.0
8.840162992477417,-0.9346243739128113,1.944197416305542,0.0,0.0,-0.004389449488371611,-0.2326880395412445,0.0,0.0,-0.5477175119585739,-0.5485179739181703,0.21789047122001648,0.013440997339785099,0.0,0.0,0.0,0.0
8.842182397842407,-0.9346243739128113,1.944197416305542,0.0,0.0,-0.004389449488371611,-0.2326880395412445,0.0,0.0,-0.5479092595570595,-0.5489637777219738,0.21674609184265137,0.017188768833875656,0.0,0.0,0.0,0.0
8.84401559829712,-0.9346243739128113,1.944197416305542,0.0,0.0,-0.004389449488371611,-0.2326880395412445,0.0,0.0,-0.5482016559193988,-0.5491363786486381,0.2196434736251831,0.0099983811378479,0.0,0.0,0.0,0.0
8.846038341522217,-0.9346243739128113,1.944197416305542,0.0,0.0,-0.004389449488371611,-0.2326880395412445,0.0,0.0,-0.5486666532084024,-0.5496540878018737,0.2162100374698639,0.01563476398587227,0.0,0.0,0.0,0.0
8.847643613815308,-0.9346243739128113,1.944197416305542,0.0,0.0,-0.004389449488371611,-0.2326880395412445,0.0,0.0,-0.5486666532084024,-0.5496540878018737,0.2162100374698639,0.01563476398587227,0.0,0.0,0.0,0.0
8.849687099456787,-0.9440531134605408,1.9593281745910645,0.0,0.0,-0.004412105772644281,-0.232761949300766,0.0,0.0,-0.5488440290996773,-0.5499944210638346,0.2166966050863266,0.016836225986480713,0.0,0.0,0.0,0.0
8.851848363876343,-0.9440531134605408,1.9593281745910645,0.0,0.0,-0.004412105772644281,-0.232761949300766,0.0,0.0,-0.5491172787901952,-0.5503779162608059,0.2138068825006485,0.018209517002105713,0.0,0.0,0.0,0.0
8.853356122970581,-0.9440531134605408,1.9593281745910645,0.0,0.0,-0.004412105772644281,-0.232761949300766,0.0,0.0,-0.5491172787901952,-0.5503779162608059,0.2138068825006485,0.018209517002105713,0.0,0.0,0.0,0.0
8.855623245239258,-0.9440531134605408,1.9593281745910645,0.0,0.0,-0.004412105772644281,-0.232761949300766,0.0,0.0,-0.5495007739871666,-0.5508621070350095,0.21740327775478363,0.017445813864469528,0.0,0.0,0.0,0.0
8.8570876121521,-0.9440531134605408,1.9593281745910645,0.0,0.0,-0.004412105772644281,-0.232761949300766,0.0,0.0,-0.5498603007343273,-0.5515907104585523,0.2157151848077774,0.02325352281332016,0.0,0.0,0.0,0.0
8.858728885650635,-0.947797417640686,1.9359114170074463,0.0,0.0,-0.004459034651517868,-0.2328817993402481,0.0,0.0,-0.5501431003540665,-0.5516674375859737,0.21368396282196045,0.020592771470546722,0.0,0.0,0.0,0.0
8.860412836074829,-0.947797417640686,1.9359114170074463,0.0,0.0,-0.004459034651517868,-0.2328817993402481,0.0,0.0,-0.5501431003540665,-0.5516674375859737,0.21368396282196045,0.020592771470546722,0.0,0.0,0.0,0.0
8.862802028656006,-0.947797417640686,1.9359114170074463,0.0,0.0,-0.004459034651517868,-0.2328817993402481,0.0,0.0,-0.5506512595780808,-0.5522522771240308,0.20879153907299042,0.025599731132388115,0.0,0.0,0.0,0.0
8.864348888397217,-0.947797417640686,1.9359114170074463,0.0,0.0,-0.004459034651517868,-0.2328817993402481,0.0,0.0,-0.5512216805955487,-0.5528466665913093,0.21105128526687622,0.025142302736639977,0.0,0.0,0.0,0.0
8.865849494934082,-0.947797417640686,1.9359114170074463,0.0,0.0,-0.004459034651517868,-0.2328817993402481,0.0,0.0,-0.5512216805955487,-0.5528466665913093,0.21105128526687622,0.025142302736639977,0.0,0.0,0.0,0.0
8.86815595626831,-0.9484062194824219,1.9258571863174438,0.0,0.0,-0.004501412156969309,-0.23299381136894226,0.0,0.0,-0.5515284954784773,-0.553469846286388,0.20990683138370514,0.028175152838230133,0.0,0.0,0.0,0.0
8.869680404663086,-0.9484062194824219,1.9258571863174438,0.0,0.0,-0.004501412156969309,-0.23299381136894226,0.0,0.0,-0.5519790742468915,-0.5540211206320343,0.2076752930879593,0.03209453076124191,0.0,0.0,0.0,0.0
8.87142825126648,-0.9484062194824219,1.9258571863174438,0.0,0.0,-0.004501412156969309,-0.23299381136894226,0.0,0.0,-0.552472861763695,-0.5546538970697128,0.2034408003091812,0.03692971542477608,0.0,0.0,0.0,0.0
8.872787475585938,-0.9484062194824219,1.9258571863174438,0.0,0.0,-0.004501412156969309,-0.23299381136894226,0.0,0.0,-0.552472861763695,-0.5546538970697128,0.2034408003091812,0.03692971542477608,0.0,0.0,0.0,0.0
8.874150514602661,-0.9484062194824219,1.9258571863174438,0.0,0.0,-0.004501412156969309,-0.23299381136894226,0.0,0.0,-0.5527748548686343,-0.5552051714153593,0.20669911801815033,0.03427237272262573,0.0,0.0,0.0,0.0
8.875575304031372,-0.9484062194824219,1.9258571863174438,0.0,0.0,-0.004501412156969309,-0.23299381136894226,0.0,0.0,-0.5527748548686343,-0.5552051714153593,0.20669911801815033,0.03427237272262573,0.0,0.0,0.0,0.0
8.877432107925415,-0.9484062194824219,1.9258571863174438,0.0,0.0,-0.004501412156969309,-0.23299381136894226,0.0,0.0,-0.5531870934800271,-0.5554448559134664,0.2054116278886795,0.03289930522441864,0.0,0.0,0.0,0.0
8.878803968429565,-0.9713246822357178,1.83912992477417,0.0,0.0,-0.00455431966111064,-0.23315902054309845,0.0,0.0,-0.5535226517773771,-0.5557947859180271,0.20478206872940063,0.03510206937789917,0.0,0.0,0.0,0.0
8.88024377822876,-0.9713246822357178,1.83912992477417,0.0,0.0,-0.00455431966111064,-0.23315902054309845,0.0,0.0,-0.5535226517773771,-0.5557947859180271,0.20478206872940063,0.03510206937789917,0.0,0.0,0.0,0.0
8.881647825241089,-0.9713246822357178,1.83912992477417,0.0,0.0,-0.00455431966111064,-0.23315902054309845,0.0,0.0,-0.5537335928610628,-0.5561974746001985,0.20386670529842377,0.03739088773727417,0.0,0.0,0.0,0.0
8.883049964904785,-0.9713246822357178,1.83912992477417,0.0,0.0,-0.00455431966111064,-0.23315902054309845,0.0,0.0,-0.5537335928610628,-0.5561974746001985,0.20386670529842377,0.03739088773727417,0.0,0.0,0.0,0.0
8.884435415267944,-0.9713246822357178,1.83912992477417,0.0,0.0,-0.00455431966111064,-0.23315902054309845,0.0,0.0,-0.5539061469743486,-0.5561831028929878,0.20834964513778687,0.02947462722659111,0.0,0.0,0.0,0.0
8.885878086090088,-0.9713246822357178,1.83912992477417,0.0,0.0,-0.00455431966111064,-0.23315902054309845,0.0,0.0,-0.5539061469743486,-0.5561831028929878,0.20834964513778687,0.02947462722659111,0.0,0.0,0.0,0.0
8.888463735580444,-0.9784595370292664,1.7124017477035522,0.0,0.0,-0.00458911806344986,-0.23336189985275269,0.0,0.0,-0.5540068425515806,-0.5564275623557057,0.20720523595809937,0.031706392765045166,0.0,0.0,0.0,0.0
8.889954566955566,-0.9784595370292664,1.7124017477035522,0.0,0.0,-0.00458911806344986,-0.23336189985275269,0.0,0.0,-0.5540020207735914,-0.5565186611903378,0.2093796730041504,0.031448844820261,0.0,0.0,0.0,0.0
8.89139437675476,-0.9784595370292664,1.7124017477035522,0.0,0.0,-0.00458911806344986,-0.23336189985275269,0.0,0.0,-0.5540020207735914,-0.5565186611903378,0.2093796730041504,0.031448844820261,0.0,0.0,0.0,0.0
8.892828226089478,-0.9784595370292664,1.7124017477035522,0.0,0.0,-0.00458911806344986,-0.23336189985275269,0.0,0.0,-0.5541314597652449,-0.5564563057701271,0.2132873684167862,0.0247931107878685,0.0,0.0,0.0,0.0
8.89429235458374,-0.9784595370292664,1.7124017477035522,0.0,0.0,-0.00458911806344986,-0.23336189985275269,0.0,0.0,-0.5541314597652449,-0.5564563057701271,0.2132873684167862,0.0247931107878685,0.0,0.0,0.0,0.0
8.897272825241089,-0.9784595370292664,1.7124017477035522,0.0,0.0,-0.00458911806344986,-0.23336189985275269,0.0,0.0,-0.5545676668264485,-0.5565570013473592,0.20908145606517792,0.02622384764254093,0.0,0.0,0.0,0.0
8.901115417480469,-0.9997335076332092,1.591316819190979,0.0,0.0,-0.00468734186142683,-0.23357470333576202,0.0,0.0,-0.55463479721127,-0.5568158325172877,0.21025450527668,0.026853051036596298,0.0,0.0,0.0,0.0
8.903248310089111,-0.9997335076332092,1.591316819190979,0.0,0.0,-0.00468734186142683,-0.23357470333576202,0.0,0.0,-0.5548792566739877,-0.5570747105005949,0.21348720788955688,0.02596808597445488,0.0,0.0,0.0,0.0
8.905248880386353,-0.9997335076332092,1.591316819190979,0.0,0.0,-0.00468734186142683,-0.23357470333576202,0.0,0.0,-0.5549559838014092,-0.5572616831344699,0.21380172669887543,0.025739038363099098,0.0,0.0,0.0,0.0
8.907140493392944,-0.9997335076332092,1.591316819190979,0.0,0.0,-0.00468734186142683,-0.23357470333576202,0.0,0.0,-0.5550374858934414,-0.5575301110469985,0.21331559121608734,0.026883447542786598,0.0,0.0,0.0,0.0
8.909230947494507,-0.9846988320350647,1.6501898765563965,0.0,0.0,-0.004671724047511816,-0.23369081318378448,0.0,0.0,-0.555128537914695,-0.5577026651602841,0.21280036866664886,0.028485789895057678,0.0,0.0,0.0,0.0
8.911206007003784,-0.9846988320350647,1.6501898765563965,0.0,0.0,-0.004671724047511816,-0.23369081318378448,0.0,0.0,-0.555128537914695,-0.5577026651602841,0.21280036866664886,0.028485789895057678,0.0,0.0,0.0,0.0
8.912791728973389,-0.9846988320350647,1.6501898765563965,0.0,0.0,-0.004671724047511816,-0.23369081318378448,0.0,0.0,-0.5554593212474341,-0.5576835184884626,0.21445703506469727,0.02253776416182518,0.0,0.0,0.0,0.0
8.915010213851929,-0.9846988320350647,1.6501898765563965,0.0,0.0,-0.004671724047511816,-0.23369081318378448,0.0,0.0,-0.555555195046677,-0.5580670136854341,0.21562984585762024,0.022881142795085907,0.0,0.0,0.0,0.0
8.91710615158081,-0.9846988320350647,1.6501898765563965,0.0,0.0,-0.004671724047511816,-0.23369081318378448,0.0,0.0,-0.5557996545093948,-0.5583546350831626,0.21339836716651917,0.027744773775339127,0.0,0.0,0.0,0.0
8.919685363769531,-0.9815928339958191,1.732717752456665,0.0,0.0,-0.004667355678975582,-0.2337232381105423,0.0,0.0,-0.5559818053652806,-0.558469655554227,0.21225394308567047,0.027544500306248665,0.0,0.0,0.0,0.0
8.922068119049072,-0.9815928339958191,1.732717752456665,0.0,0.0,-0.004667355678975582,-0.2337232381105423,0.0,0.0,-0.5561735529637664,-0.5586518532234912,0.21666505932807922,0.023190658539533615,0.0,0.0,0.0,0.0
8.924375057220459,-0.9815928339958191,1.732717752456665,0.0,0.0,-0.004667355678975582,-0.2337232381105423,0.0,0.0,-0.5562982169908092,-0.5588148105941769,0.217237189412117,0.02410624362528324,0.0,0.0,0.0,0.0
8.92659330368042,-0.9815928339958191,1.732717752456665,0.0,0.0,-0.004667355678975582,-0.2337232381105423,0.0,0.0,-0.5564803678466949,-0.5589106843934198,0.21477662026882172,0.025136101990938187,0.0,0.0,0.0,0.0
8.92855715751648,-0.9898197650909424,1.7345815896987915,0.0,0.0,-0.004677513614296913,-0.23380745947360992,0.0,0.0,-0.5564516244322734,-0.5589106843934198,0.21534904837608337,0.023076217621564865,0.0,0.0,0.0,0.0
8.930491924285889,-0.9898197650909424,1.7345815896987915,0.0,0.0,-0.004677513614296913,-0.23380745947360992,0.0,0.0,-0.5564516244322734,-0.5589106843934198,0.21534904837608337,0.023076217621564865,0.0,0.0,0.0,0.0
8.93246054649353,-0.9898197650909424,1.7345815896987915,0.0,0.0,-0.004677513614296913,-0.23380745947360992,0.0,0.0,-0.556533079710927,-0.5590448983496841,0.21657916903495789,0.024707002565264702,0.0,0.0,0.0,0.0
8.933991432189941,-0.9898197650909424,1.7345815896987915,0.0,0.0,-0.004677513614296913,-0.23380745947360992,0.0,0.0,-0.5566289535101698,-0.5595434608310983,0.2202407270669937,0.024764951318502426,0.0,0.0,0.0,0.0
8.935986280441284,-0.9898197650909424,1.7345815896987915,0.0,0.0,-0.004677513614296913,-0.23380745947360992,0.0,0.0,-0.5569453651356984,-0.5596153661805304,0.21677881479263306,0.022132638841867447,0.0,0.0,0.0,0.0
8.937658071517944,-0.9898197650909424,1.7345815896987915,0.0,0.0,-0.004677513614296913,-0.23380745947360992,0.0,0.0,-0.5569453651356984,-0.5596153661805304,0.21677881479263306,0.022132638841867447,0.0,0.0,0.0,0.0
8.939403295516968,-0.9840371012687683,1.777656078338623,0.0,0.0,-0.0047030881978571415,-0.23388399183750153,0.0,0.0,-0.5572186148262163,-0.5598071137790162,0.215062215924263,0.02450745925307274,0.0,0.0,0.0,0.0
8.94151496887207,-0.9840371012687683,1.777656078338623,0.0,0.0,-0.0047030881978571415,-0.23388399183750153,0.0,0.0,-0.5574247341319126,-0.5599701179630805,0.214718759059906,0.025537313893437386,0.0,0.0,0.0,0.0
8.943533897399902,-0.9840371012687683,1.777656078338623,0.0,0.0,-0.0047030881978571415,-0.23388399183750153,0.0,0.0,-0.5573767972322913,-0.5601618655615661,0.22080649435520172,0.021137651056051254,0.0,0.0,0.0,0.0
8.945550918579102,-0.9840371012687683,1.777656078338623,0.0,0.0,-0.0047030881978571415,-0.23388399183750153,0.0,0.0,-0.5573767972322913,-0.5601618655615661,0.22080649435520172,0.021137651056051254,0.0,0.0,0.0,0.0
8.948187351226807,-0.995699942111969,1.7817614078521729,0.0,0.0,-0.004705344792455435,-0.2339656949043274,0.0,0.0,-0.557558948088177,-0.5601378971117554,0.22017702460289001,0.020737331360578537,0.0,0.0,0.0,0.0
8.950873374938965,-0.995699942111969,1.7817614078521729,0.0,0.0,-0.004705344792455435,-0.2339656949043274,0.0,0.0,-0.5579280715779377,-0.5602817078106197,0.21640053391456604,0.021023433655500412,0.0,0.0,0.0,0.0
8.952701568603516,-0.995699942111969,1.7817614078521729,0.0,0.0,-0.004705344792455435,-0.2339656949043274,0.0,0.0,-0.5583355352247198,-0.5608090137064554,0.21807695925235748,0.02046257257461548,0.0,0.0,0.0,0.0
8.954697132110596,-0.995699942111969,1.7817614078521729,0.0,0.0,-0.004705344792455435,-0.2339656949043274,0.0,0.0,-0.5586231566224483,-0.5612931576672804,0.21759074926376343,0.02501160092651844,0.0,0.0,0.0,0.0
8.956539630889893,-0.995699942111969,1.7817614078521729,0.0,0.0,-0.004705344792455435,-0.2339656949043274,0.0,0.0,-0.5586231566224483,-0.5612931576672804,0.21759074926376343,0.02501160092651844,0.0,0.0,0.0,0.0
8.95830750465393,-1.010292410850525,1.8039288520812988,0.0,0.0,-0.004753046669065952,-0.2340228408575058,0.0,0.0,-0.5589299246919983,-0.5614225966589339,0.21575960516929626,0.02323787659406662,0.0,0.0,0.0,0.0
8.960078954696655,-1.010292410850525,1.8039288520812988,0.0,0.0,-0.004753046669065952,-0.2340228408575058,0.0,0.0,-0.5592175460897268,-0.5615568106151982,0.2141287624835968,0.024096185341477394,0.0,0.0,0.0,0.0
8.962077617645264,-1.010292410850525,1.8039288520812988,0.0,0.0,-0.004753046669065952,-0.2340228408575058,0.0,0.0,-0.5595483294224661,-0.5620218079042018,0.21621982753276825,0.02294914796948433,0.0,0.0,0.0,0.0
8.96435284614563,-1.010292410850525,1.8039288520812988,0.0,0.0,-0.004753046669065952,-0.2340228408575058,0.0,0.0,-0.5598886626844268,-0.5622087337246983,0.2155044823884964,0.023349858820438385,0.0,0.0,0.0,0.0
8.966566801071167,-1.010292410850525,1.8039288520812988,0.0,0.0,-0.004753046669065952,-0.2340228408575058,0.0,0.0,-0.5600133267114696,-0.5626066474422589,0.21564748883247375,0.026668479666113853,0.0,0.0,0.0,0.0
8.96839165687561,-0.9962208271026611,1.8421964645385742,0.0,0.0,-0.004739385563880205,-0.23409800231456757,0.0,0.0,-0.5600133267114696,-0.5626066474422589,0.21564748883247375,0.026668479666113853,0.0,0.0,0.0,0.0
8.970228910446167,-0.9962208271026611,1.8421964645385742,0.0,0.0,-0.004739385563880205,-0.23409800231456757,0.0,0.0,-0.5603440632308304,-0.5627072962061125,0.21195676922798157,0.02409372664988041,0.0,0.0,0.0,0.0
8.971983432769775,-0.9962208271026611,1.8421964645385742,0.0,0.0,-0.004739385563880205,-0.23409800231456757,0.0,0.0,-0.5606556530783696,-0.5631243565954945,0.21647676825523376,0.02406533993780613,0.0,0.0,0.0,0.0
8.973842144012451,-0.9962208271026611,1.8421964645385742,0.0,0.0,-0.004739385563880205,-0.23409800231456757,0.0,0.0,-0.5606556530783696,-0.5631243565954945,0.21647676825523376,0.02406533993780613,0.0,0.0,0.0,0.0
8.975528240203857,-0.9962208271026611,1.8421964645385742,0.0,0.0,-0.004739385563880205,-0.23409800231456757,0.0,0.0,-0.5610679385031411,-0.5635557886920874,0.21310091018676758,0.027956442907452583,0.0,0.0,0.0,0.0
8.976974248886108,-0.9962208271026611,1.8421964645385742,0.0,0.0,-0.004739385563880205,-0.23409800231456757,0.0,0.0,-0.5612932512940375,-0.5637619079977838,0.2126716822385788,0.02715524472296238,0.0,0.0,0.0,0.0
8.978284120559692,-0.9998539686203003,1.7781320810317993,0.0,0.0,-0.004728564061224461,-0.23422852158546448,0.0,0.0,-0.5612932512940375,-0.5637619079977838,0.2126716822385788,0.02715524472296238,0.0,0.0,0.0,0.0
8.979613065719604,-0.9998539686203003,1.7781320810317993,0.0,0.0,-0.004728564061224461,-0.23422852158546448,0.0,0.0,-0.5614418369575125,-0.5638338133472159,0.21247157454490662,0.02724107727408409,0.0,0.0,0.0,0.0
8.980898141860962,-0.9998539686203003,1.7781320810317993,0.0,0.0,-0.004728564061224461,-0.23422852158546448,0.0,0.0,-0.5614418369575125,-0.5638338133472159,0.21247157454490662,0.02724107727408409,0.0,0.0,0.0,0.0
8.982179164886475,-0.9998539686203003,1.7781320810317993,0.0,0.0,-0.004728564061224461,-0.23422852158546448,0.0,0.0,-0.5616527780411982,-0.5639104936612589,0.21677985787391663,0.020931512117385864,0.0,0.0,0.0,0.0
8.983477354049683,-0.9998539686203003,1.7781320810317993,0.0,0.0,-0.004728564061224461,-0.23422852158546448,0.0,0.0,-0.5616527780411982,-0.5639104936612589,0.21677985787391663,0.020931512117385864,0.0,0.0,0.0,0.0
8.984758853912354,-0.9998539686203003,1.7781320810317993,0.0,0.0,-0.004728564061224461,-0.23422852158546448,0.0,0.0,-0.5619978862677696,-0.5643419257578517,0.21383288502693176,0.025881139561533928,0.0,0.0,0.0,0.0
8.986352443695068,-0.9998539686203003,1.7781320810317993,0.0,0.0,-0.004728564061224461,-0.23422852158546448,0.0,0.0,-0.5622807327008874,-0.5645528668415374,0.21223080158233643,0.026510674506425858,0.0,0.0,0.0,0.0
8.987972259521484,-0.9837166666984558,1.7743213176727295,0.0,0.0,-0.004689964931458235,-0.2343488186597824,0.0,0.0,-0.5622807327008874,-0.5645528668415374,0.21223080158233643,0.026510674506425858,0.0,0.0,0.0,0.0
8.989301919937134,-0.9837166666984558,1.7743213176727295,0.0,0.0,-0.004689964931458235,-0.2343488186597824,0.0,0.0,-0.5623957999853303,-0.5647685828898338,0.2136039286851883,0.028141235932707787,0.0,0.0,0.0,0.0
8.990604877471924,-0.9837166666984558,1.7743213176727295,0.0,0.0,-0.004689964931458235,-0.2343488186597824,0.0,0.0,-0.5623957999853303,-0.5647685828898338,0.2136039286851883,0.028141235932707787,0.0,0.0,0.0,0.0
8.991894483566284,-0.9837166666984558,1.7743213176727295,0.0,0.0,-0.004689964931458235,-0.2343488186597824,0.0,0.0,-0.5625970975130374,-0.5650609792521731,0.21662762761116028,0.0244585070759058,0.0,0.0,0.0,0.0
8.993199110031128,-0.9837166666984558,1.7743213176727295,0.0,0.0,-0.004689964931458235,-0.2343488186597824,0.0,0.0,-0.5625970975130374,-0.5650609792521731,0.21662762761116028,0.0244585070759058,0.0,0.0,0.0,0.0
8.994475841522217,-0.9837166666984558,1.7743213176727295,0.0,0.0,-0.004689964931458235,-0.2343488186597824,0.0,0.0,-0.5629422525529874,-0.5651137379297838,0.21368056535720825,0.022598672658205032,0.0,0.0,0.0,0.0
8.995763301849365,-0.9837166666984558,1.7743213176727295,0.0,0.0,-0.004689964931458235,-0.2343488186597824,0.0,0.0,-0.5629422525529874,-0.5651137379297838,0.21368056535720825,0.022598672658205032,0.0,0.0,0.0,0.0
8.997055530548096,-0.9837166666984558,1.7743213176727295,0.0,0.0,-0.004689964931458235,-0.2343488186597824,0.0,0.0,-0.5632011305362945,-0.5651856432792159,0.21222159266471863,0.023056603968143463,0.0,0.0,0.0,0.0
8.998366355895996,-0.9936312437057495,1.711233139038086,0.0,0.0,-0.00471241120249033,-0.23448671400547028,0.0,0.0,-0.5632011305362945,-0.5651856432792159,0.21222159266471863,0.023056603968143463,0.0,0.0,0.0,0.0
8.999669790267944,-0.9936312437057495,1.711233139038086,0.0,0.0,-0.00471241120249033,-0.23448671400547028,0.0,0.0,-0.5632346957287052,-0.5657129491750515,0.21359500288963318,0.028578156605362892,0.0,0.0,0.0,0.0
9.000975608825684,-0.9936312437057495,1.711233139038086,0.0,0.0,-0.00471241120249033,-0.23448671400547028,0.0,0.0,-0.5632346957287052,-0.5657129491750515,0.21359500288963318,0.028578156605362892,0.0,0.0,0.0,0.0
9.002565860748291,-0.9936312437057495,1.711233139038086,0.0,0.0,-0.00471241120249033,-0.23448671400547028,0.0,0.0,-0.5634983486766231,-0.5656889807252409,0.21673014760017395,0.020607970654964447,0.0,0.0,0.0,0.0
9.003915071487427,-0.9936312437057495,1.711233139038086,0.0,0.0,-0.00471241120249033,-0.23448671400547028,0.0,0.0,-0.5634983486766231,-0.5656889807252409,0.21673014760017395,0.020607970654964447,0.0,0.0,0.0,0.0
9.005296468734741,-0.9936312437057495,1.711233139038086,0.0,0.0,-0.00471241120249033,-0.23448671400547028,0.0,0.0,-0.5636373375974981,-0.5659334401879588,0.21713048219680786,0.022810958325862885,0.0,0.0,0.0,0.0
9.006893873214722,-0.9936312437057495,1.711233139038086,0.0,0.0,-0.00471241120249033,-0.23448671400547028,0.0,0.0,-0.5638099385241624,-0.566106041114623,0.2148132175207138,0.023898093029856682,0.0,0.0,0.0,0.0
9.008577346801758,-0.9870961904525757,1.7371165752410889,0.0,0.0,-0.004697464406490326,-0.23458096385002136,0.0,0.0,-0.5638099385241624,-0.566106041114623,0.2148132175207138,0.023898093029856682,0.0,0.0,0.0,0.0
9.010580778121948,-0.9870961904525757,1.7371165752410889,0.0,0.0,-0.004697464406490326,-0.23458096385002136,0.0,0.0,-0.5639728958948481,-0.5663888407343622,0.21384035050868988,0.025042502209544182,0.0,0.0,0.0,0.0
9.01249885559082,-0.9870961904525757,1.7371165752410889,0.0,0.0,-0.004697464406490326,-0.23458096385002136,0.0,0.0,-0.5641742402359338,-0.566944936857998,0.21821683645248413,0.02567293494939804,0.0,0.0,0.0,0.0
9.014178037643433,-0.9870961904525757,1.7371165752410889,0.0,0.0,-0.004697464406490326,-0.23458096385002136,0.0,0.0,-0.5641742402359338,-0.566944936857998,0.21821683645248413,0.02567293494939804,0.0,0.0,0.0,0.0
9.015754461288452,-0.9870961904525757,1.7371165752410889,0.0,0.0,-0.004697464406490326,-0.23458096385002136,0.0,0.0,-0.5644570866690516,-0.5669784552370302,0.2151843011379242,0.02355555258691311,0.0,0.0,0.0,0.0
9.017539024353027,-0.9870961904525757,1.7371165752410889,0.0,0.0,-0.004697464406490326,-0.23458096385002136,0.0,0.0,-0.564802194895623,-0.5671702028355159,0.2137250155210495,0.024671461433172226,0.0,0.0,0.0,0.0
9.019886493682861,-0.9716281890869141,1.7657743692398071,0.0,0.0,-0.00467903446406126,-0.23467527329921722,0.0,0.0,-0.5647878231884124,-0.5675057611328658,0.21538452804088593,0.02741815708577633,0.0,0.0,0.0,0.0
9.022706031799316,-0.9716281890869141,1.7657743692398071,0.0,0.0,-0.00467903446406126,-0.23467527329921722,0.0,0.0,-0.5650706696215302,-0.5675441481032658,0.2183137983083725,0.020596235990524292,0.0,0.0,0.0,0.0
9.024869680404663,-0.9716281890869141,1.7657743692398071,0.0,0.0,-0.00467903446406126,-0.23467527329921722,0.0,0.0,-0.5651905118705837,-0.5675872632248979,0.21894320845603943,0.019537657499313354,0.0,0.0,0.0,0.0
9.027071475982666,-0.9716281890869141,1.7657743692398071,0.0,0.0,-0.00467903446406126,-0.23467527329921722,0.0,0.0,-0.5653630659838694,-0.56798513012908,0.21656838059425354,0.02563163824379444,0.0,0.0,0.0,0.0
9.029028177261353,-0.9861570000648499,1.7961276769638062,0.0,0.0,-0.0046952953562140465,-0.23475785553455353,0.0,0.0,-0.5653630659838694,-0.56798513012908,0.21656838059425354,0.02563163824379444,0.0,0.0,0.0,0.0
9.030930757522583,-0.9861570000648499,1.7961276769638062,0.0,0.0,-0.0046952953562140465,-0.23475785553455353,0.0,0.0,-0.5655691852895659,-0.5683638503614408,0.21533818542957306,0.027891958132386208,0.0,0.0,0.0,0.0
9.033304214477539,-0.9861570000648499,1.7961276769638062,0.0,0.0,-0.0046952953562140465,-0.23475785553455353,0.0,0.0,-0.5657657546660408,-0.5685987598949371,0.22017818689346313,0.023053139448165894,0.0,0.0,0.0,0.0
9.03514575958252,-0.9861570000648499,1.7961276769638062,0.0,0.0,-0.0046952953562140465,-0.23475785553455353,0.0,0.0,-0.565976648936348,-0.5687329738512015,0.2184903621673584,0.023453572764992714,0.0,0.0,0.0,0.0
9.037300825119019,-0.9861570000648499,1.7961276769638062,0.0,0.0,-0.0046952953562140465,-0.23475785553455353,0.0,0.0,-0.566154024827623,-0.5691356157199943,0.21737441420555115,0.02436915598809719,0.0,0.0,0.0,0.0
9.039778709411621,-0.9808810353279114,1.7720388174057007,0.0,0.0,-0.004723820369690657,-0.23485930263996124,0.0,0.0,-0.5662690921120658,-0.5694040904459015,0.216287299990654,0.027859605848789215,0.0,0.0,0.0,0.0
9.04161524772644,-0.9808810353279114,1.7720388174057007,0.0,0.0,-0.004723820369690657,-0.23485930263996124,0.0,0.0,-0.5662690921120658,-0.5694040904459015,0.216287299990654,0.027859605848789215,0.0,0.0,0.0,0.0
9.043847560882568,-0.9808810353279114,1.7720388174057007,0.0,0.0,-0.004723820369690657,-0.23485930263996124,0.0,0.0,-0.5662738670766765,-0.5694040904459015,0.2238001674413681,0.020661894232034683,0.0,0.0,0.0,0.0
9.045651197433472,-0.9808810353279114,1.7720388174057007,0.0,0.0,-0.004723820369690657,-0.23485930263996124,0.0,0.0,-0.5664464680033408,-0.5694472055675336,0.22196906805038452,0.02100527286529541,0.0,0.0,0.0,0.0
9.04765772819519,-0.9808810353279114,1.7720388174057007,0.0,0.0,-0.004723820369690657,-0.23485930263996124,0.0,0.0,-0.5667724295580908,-0.569830700764505,0.2183356136083603,0.025754572823643684,0.0,0.0,0.0,0.0
9.049633502960205,-0.9781392216682434,1.8434098958969116,0.0,0.0,-0.004710677079856396,-0.23493297398090363,0.0,0.0,-0.5671750714268836,-0.56999847991318,0.21533162891864777,0.025096425786614418,0.0,0.0,0.0,0.0
9.051522731781006,-0.9781392216682434,1.8434098958969116,0.0,0.0,-0.004710677079856396,-0.23493297398090363,0.0,0.0,-0.5671750714268836,-0.56999847991318,0.21533162891864777,0.025096425786614418,0.0,0.0,0.0,0.0
9.053057670593262,-0.9781392216682434,1.8434098958969116,0.0,0.0,-0.004710677079856396,-0.23493297398090363,0.0,0.0,-0.5671990398766944,-0.5703772001455407,0.2216307818889618,0.022058766335248947,0.0,0.0,0.0,0.0
9.054461240768433,-0.9781392216682434,1.8434098958969116,0.0,0.0,-0.004710677079856396,-0.23493297398090363,0.0,0.0,-0.5672709452261265,-0.5706887899930799,0.22380520403385162,0.024089982733130455,0.0,0.0,0.0,0.0
9.055872678756714,-0.9781392216682434,1.8434098958969116,0.0,0.0,-0.004710677079856396,-0.23493297398090363,0.0,0.0,-0.5672709452261265,-0.5706887899930799,0.22380520403385162,0.024089982733130455,0.0,0.0,0.0,0.0
9.05808687210083,-0.9928773641586304,1.804465651512146,0.0,0.0,-0.004755046218633652,-0.23503771424293518,0.0,0.0,-0.5673620440607586,-0.570938071233787,0.22197408974170685,0.026035424321889877,0.0,0.0,0.0,0.0
9.059526681900024,-0.9928773641586304,1.804465651512146,0.0,0.0,-0.004755046218633652,-0.23503771424293518,0.0,0.0,-0.5676976023581086,-0.5712544360459371,0.21839793026447296,0.027837812900543213,0.0,0.0,0.0,0.0
9.060938596725464,-0.9928773641586304,1.804465651512146,0.0,0.0,-0.004755046218633652,-0.23503771424293518,0.0,0.0,-0.5676976023581086,-0.5712544360459371,0.21839793026447296,0.027837812900543213,0.0,0.0,0.0,0.0
9.062352180480957,-0.9928773641586304,1.804465651512146,0.0,0.0,-0.004755046218633652,-0.23503771424293518,0.0,0.0,-0.5681194377121015,-0.571244839303337,0.22051748633384705,0.020740125328302383,0.0,0.0,0.0,0.0
9.063775539398193,-0.9928773641586304,1.804465651512146,0.0,0.0,-0.004755046218633652,-0.23503771424293518,0.0,0.0,-0.5681194377121015,-0.571244839303337,0.22051748633384705,0.020740125328302383,0.0,0.0,0.0,0.0
9.066258192062378,-0.9928773641586304,1.804465651512146,0.0,0.0,-0.004755046218633652,-0.23503771424293518,0.0,0.0,-0.5682105365467336,-0.571580397600687,0.2228064239025116,0.021312329918146133,0.0,0.0,0.0,0.0
9.06869387626648,-0.9956448674201965,1.8592115640640259,0.0,0.0,-0.004785054363310337,-0.2351018190383911,0.0,0.0,-0.5683926874026193,-0.5721364937243227,0.2204316109418869,0.030553380027413368,0.0,0.0,0.0,0.0
9.070212125778198,-0.9956448674201965,1.8592115640640259,0.0,0.0,-0.004785054363310337,-0.2351018190383911,0.0,0.0,-0.568584435001105,-0.5723042728729977,0.2194017469882965,0.02875087782740593,0.0,0.0,0.0,0.0
9.071687698364258,-0.9956448674201965,1.8592115640640259,0.0,0.0,-0.004785054363310337,-0.2351018190383911,0.0,0.0,-0.568584435001105,-0.5723042728729977,0.2194017469882965,0.02875087782740593,0.0,0.0,0.0,0.0
9.074053764343262,-0.9956448674201965,1.8592115640640259,0.0,0.0,-0.004785054363310337,-0.2351018190383911,0.0,0.0,-0.5687665858569907,-0.5724145183794513,0.22368992865085602,0.023489894345402718,0.0,0.0,0.0,0.0
9.075594186782837,-0.9956448674201965,1.8592115640640259,0.0,0.0,-0.004785054363310337,-0.2351018190383911,0.0,0.0,-0.5689631552334656,-0.5726494279129477,0.22257429361343384,0.02449125237762928,0.0,0.0,0.0,0.0
9.077618837356567,-0.9956448674201965,1.8592115640640259,0.0,0.0,-0.004785054363310337,-0.2351018190383911,0.0,0.0,-0.5692938917528264,-0.573286979315237,0.21971304714679718,0.030642563477158546,0.0,0.0,0.0,0.0
9.079614639282227,-1.0158958435058594,1.8490077257156372,0.0,0.0,-0.004836421459913254,-0.23521371185779572,0.0,0.0,-0.5692938917528264,-0.573286979315237,0.21971304714679718,0.030642563477158546,0.0,0.0,0.0,0.0
9.08173131942749,-1.0158958435058594,1.8490077257156372,0.0,0.0,-0.004836421459913254,-0.23521371185779572,0.0,0.0,-0.5695958848577657,-0.5736704745122083,0.21799643337726593,0.032645333558321,0.0,0.0,0.0,0.0
9.083238124847412,-1.0158958435058594,1.8490077257156372,0.0,0.0,-0.004836421459913254,-0.23521371185779572,0.0,0.0,-0.569672611985187,-0.5738046884684727,0.22464485466480255,0.025882646441459656,0.0,0.0,0.0,0.0
9.084640741348267,-1.0158958435058594,1.8490077257156372,0.0,0.0,-0.004836421459913254,-0.23521371185779572,0.0,0.0,-0.569672611985187,-0.5738046884684727,0.22464485466480255,0.025882646441459656,0.0,0.0,0.0,0.0
9.086572170257568,-1.0158958435058594,1.8490077257156372,0.0,0.0,-0.004836421459913254,-0.23521371185779572,0.0,0.0,-0.5699362649331049,-0.5742504922722762,0.2222130298614502,0.03066049888730049,0.0,0.0,0.0,0.0
9.088562965393066,-0.9876044988632202,1.8492473363876343,0.0,0.0,-0.004803610499948263,-0.23529110848903656,0.0,0.0,-0.5702622264878549,-0.5745189669981833,0.219523623585701,0.030975157395005226,0.0,0.0,0.0,0.0
9.090661525726318,-0.9876044988632202,1.8492473363876343,0.0,0.0,-0.004803610499948263,-0.23529110848903656,0.0,0.0,-0.5705402511429835,-0.5748928654525547,0.21777822077274323,0.03443710505962372,0.0,0.0,0.0,0.0
9.093075513839722,-0.9876044988632202,1.8492473363876343,0.0,0.0,-0.004803610499948263,-0.23529110848903656,0.0,0.0,-0.5708422442479227,-0.5755016734404226,0.2215997874736786,0.032818503677845,0.0,0.0,0.0,0.0
9.095092296600342,-0.9876044988632202,1.8492473363876343,0.0,0.0,-0.004803610499948263,-0.23529110848903656,0.0,0.0,-0.5708422442479227,-0.5755016734404226,0.2215997874736786,0.032818503677845,0.0,0.0,0.0,0.0
9.097094297409058,-0.9876044988632202,1.8492473363876343,0.0,0.0,-0.004803610499948263,-0.23529110848903656,0.0,0.0,-0.5709045996681335,-0.5756550340685083,0.22280165553092957,0.03221763297915459,0.0,0.0,0.0,0.0
9.099212169647217,-1.0115196704864502,1.835160255432129,0.0,0.0,-0.004872122313827276,-0.23541252315044403,0.0,0.0,-0.5711394623882513,-0.5761631932925225,0.22056987881660461,0.03690971061587334,0.0,0.0,0.0,0.0
9.101161479949951,-1.0115196704864502,1.835160255432129,0.0,0.0,-0.004872122313827276,-0.23541252315044403,0.0,0.0,-0.5714750206856013,-0.5761152563929011,0.21773742139339447,0.03327609971165657,0.0,0.0,0.0,0.0
9.103250503540039,-1.0115196704864502,1.835160255432129,0.0,0.0,-0.004872122313827276,-0.23541252315044403,0.0,0.0,-0.5717770137905406,-0.5766137720609368,0.22145089507102966,0.033110249787569046,0.0,0.0,0.0,0.0
9.10562777519226,-1.0115196704864502,1.835160255432129,0.0,0.0,-0.004872122313827276,-0.23541252315044403,0.0,0.0,-0.571824950690162,-0.5767432110525904,0.22273854911327362,0.032509658485651016,0.0,0.0,0.0,0.0
9.108086824417114,-1.0362045764923096,1.7769131660461426,0.0,0.0,-0.00494904862716794,-0.23555146157741547,0.0,0.0,-0.5720790537088584,-0.5770164607431082,0.2204497754573822,0.03537062555551529,0.0,0.0,0.0,0.0
9.109676361083984,-1.0362045764923096,1.7769131660461426,0.0,0.0,-0.00494904862716794,-0.23555146157741547,0.0,0.0,-0.5720790537088584,-0.5770164607431082,0.2204497754573822,0.03537062555551529,0.0,0.0,0.0,0.0
9.111172199249268,-1.0362045764923096,1.7769131660461426,0.0,0.0,-0.00494904862716794,-0.23555146157741547,0.0,0.0,-0.5722372361149334,-0.5773616157830582,0.22079308331012726,0.03688691183924675,0.0,0.0,0.0,0.0
9.1127028465271,-1.0362045764923096,1.7769131660461426,0.0,0.0,-0.00494904862716794,-0.23555146157741547,0.0,0.0,-0.5722372361149334,-0.5773616157830582,0.22079308331012726,0.03688691183924675,0.0,0.0,0.0,0.0
9.114714860916138,-1.0362045764923096,1.7769131660461426,0.0,0.0,-0.00494904862716794,-0.23555146157741547,0.0,0.0,-0.5724481303852406,-0.5774718612895118,0.2237994521856308,0.029903782531619072,0.0,0.0,0.0,0.0
9.117011070251465,-1.0362045764923096,1.7769131660461426,0.0,0.0,-0.00494904862716794,-0.23555146157741547,0.0,0.0,-0.5724097902282191,-0.5777498859446403,0.22428584098815918,0.032392870634794235,0.0,0.0,0.0,0.0
9.119351863861084,-1.0424386262893677,1.7524350881576538,0.0,0.0,-0.004992201924324036,-0.23566831648349762,0.0,0.0,-0.5725631976696833,-0.577941633543126,0.22382788360118866,0.035339612513780594,0.0,0.0,0.0,0.0
9.121248245239258,-1.0424386262893677,1.7524350881576538,0.0,0.0,-0.004992201924324036,-0.23566831648349762,0.0,0.0,-0.5726542965043155,-0.5780902660199796,0.22328448295593262,0.034996289759874344,0.0,0.0,0.0,0.0
9.123132705688477,-1.0424386262893677,1.7524350881576538,0.0,0.0,-0.004992201924324036,-0.23566831648349762,0.0,0.0,-0.572903530931644,-0.5782532233906653,0.22565525770187378,0.030451064929366112,0.0,0.0,0.0,0.0
9.124994039535522,-1.0424386262893677,1.7524350881576538,0.0,0.0,-0.004992201924324036,-0.23566831648349762,0.0,0.0,-0.572903530931644,-0.5782532233906653,0.22565525770187378,0.030451064929366112,0.0,0.0,0.0,0.0
9.127108573913574,-1.0424386262893677,1.7524350881576538,0.0,0.0,-0.004992201924324036,-0.23566831648349762,0.0,0.0,-0.5730425666658976,-0.5782388516834546,0.22648495435714722,0.029993191361427307,0.0,0.0,0.0,0.0
9.128709554672241,-1.0424525737762451,1.7490605115890503,0.0,0.0,-0.005015366245061159,-0.2357795238494873,0.0,0.0,-0.5731816024001511,-0.5783970340895296,0.22488296031951904,0.03047962114214897,0.0,0.0,0.0,0.0
9.130296230316162,-1.0424525737762451,1.7490605115890503,0.0,0.0,-0.005015366245061159,-0.2357795238494873,0.0,0.0,-0.573363753256037,-0.5786655088154367,0.2245967835187912,0.031051822006702423,0.0,0.0,0.0,0.0
9.131681680679321,-1.0424525737762451,1.7490605115890503,0.0,0.0,-0.005015366245061159,-0.2357795238494873,0.0,0.0,-0.573363753256037,-0.5786655088154367,0.2245967835187912,0.031051822006702423,0.0,0.0,0.0,0.0
9.132992506027222,-1.0424525737762451,1.7490605115890503,0.0,0.0,-0.005015366245061159,-0.2357795238494873,0.0,0.0,-0.573363753256037,-0.5786655088154367,0.2245967835187912,0.031051822006702423,0.0,0.0,0.0,0.0
9.1347177028656,-1.0424525737762451,1.7490605115890503,0.0,0.0,-0.005015366245061159,-0.2357795238494873,0.0,0.0,-0.5733301880636262,-0.5788716281211331,0.23109357059001923,0.029875172302126884,0.0,0.0,0.0,0.0
9.136065006256104,-1.0424525737762451,1.7490605115890503,0.0,0.0,-0.005015366245061159,-0.2357795238494873,0.0,0.0,-0.5735027421769119,-0.5790394072698081,0.22926244139671326,0.029646120965480804,0.0,0.0,0.0,0.0
9.137498140335083,-1.0424525737762451,1.7490605115890503,0.0,0.0,-0.005015366245061159,-0.2357795238494873,0.0,0.0,-0.5735027421769119,-0.5790394072698081,0.22926244139671326,0.029646120965480804,0.0,0.0,0.0,0.0
9.140068769454956,-1.0371744632720947,1.800422191619873,0.0,0.0,-0.005039239767938852,-0.23586243391036987,0.0,0.0,-0.573593841011544,-0.5792311548682938,0.2286902219057083,0.030733535066246986,0.0,0.0,0.0,0.0
9.14220643043518,-1.0371744632720947,1.800422191619873,0.0,0.0,-0.005039239767938852,-0.23586243391036987,0.0,0.0,-0.5736849398461762,-0.5791592495188617,0.22814682126045227,0.028702154755592346,0.0,0.0,0.0,0.0
9.144338607788086,-1.0371744632720947,1.800422191619873,0.0,0.0,-0.005039239767938852,-0.23586243391036987,0.0,0.0,-0.5737568451956083,-0.5791592495188617,0.23324747383594513,0.02320222556591034,0.0,0.0,0.0,0.0
9.146454334259033,-1.0371744632720947,1.800422191619873,0.0,0.0,-0.005039239767938852,-0.23586243391036987,0.0,0.0,-0.5738431222522512,-0.5793174319249367,0.23270376026630402,0.024947281926870346,0.0,0.0,0.0,0.0
9.148695945739746,-1.0479182004928589,1.8249530792236328,0.0,0.0,-0.005061132367700338,-0.2359362095594406,0.0,0.0,-0.5739341742735048,-0.5794180806887903,0.23216032981872559,0.025548266246914864,0.0,0.0,0.0,0.0
9.150575637817383,-1.0479182004928589,1.8249530792236328,0.0,0.0,-0.005061132367700338,-0.2359362095594406,0.0,0.0,-0.5740636132651583,-0.5797968009211509,0.23055806756019592,0.029410535469651222,0.0,0.0,0.0,0.0
9.152515649795532,-1.0479182004928589,1.8249530792236328,0.0,0.0,-0.005061132367700338,-0.2359362095594406,0.0,0.0,-0.574255360863644,-0.5798111726283617,0.23506306111812592,0.022329334169626236,0.0,0.0,0.0,0.0
9.153929471969604,-1.0479182004928589,1.8249530792236328,0.0,0.0,-0.005061132367700338,-0.2359362095594406,0.0,0.0,-0.574255360863644,-0.5798111726283617,0.23506306111812592,0.022329334169626236,0.0,0.0,0.0,0.0
9.155428171157837,-1.0479182004928589,1.8249530792236328,0.0,0.0,-0.005061132367700338,-0.2359362095594406,0.0,0.0,-0.5742505858990333,-0.5797728324713403,0.23580701649188995,0.0212707556784153,0.0,0.0,0.0,0.0
9.156858921051025,-1.0479182004928589,1.8249530792236328,0.0,0.0,-0.005061132367700338,-0.2359362095594406,0.0,0.0,-0.5742505858990333,-0.5797728324713403,0.23580701649188995,0.0212707556784153,0.0,0.0,0.0,0.0
9.158270597457886,-1.0569567680358887,1.8543726205825806,0.0,0.0,-0.00510278157889843,-0.2360040694475174,0.0,0.0,-0.5743847998552976,-0.5799358366554045,0.23506301641464233,0.02301609143614769,0.0,0.0,0.0,0.0
9.159686803817749,-1.0569567680358887,1.8543726205825806,0.0,0.0,-0.00510278157889843,-0.2360040694475174,0.0,0.0,-0.5743847998552976,-0.5799358366554045,0.23506301641464233,0.02301609143614769,0.0,0.0,0.0,0.0
9.160987138748169,-1.0569567680358887,1.8543726205825806,0.0,0.0,-0.00510278157889843,-0.2360040694475174,0.0,0.0,-0.5744950453617511,-0.5802809448819759,0.23446229100227356,0.026706812903285027,0.0,0.0,0.0,0.0
9.162732362747192,-1.0569567680358887,1.8543726205825806,0.0,0.0,-0.00510278157889843,-0.2360040694475174,0.0,0.0,-0.5745957409389832,-0.5803912372018081,0.23926568031311035,0.021591391414403915,0.0,0.0,0.0,0.0
9.164487838745117,-1.0569567680358887,1.8543726205825806,0.0,0.0,-0.00510278157889843,-0.2360040694475174,0.0,0.0,-0.5745957409389832,-0.5803912372018081,0.23926568031311035,0.021591391414403915,0.0,0.0,0.0,0.0
9.165978908538818,-1.0569567680358887,1.8543726205825806,0.0,0.0,-0.00510278157889843,-0.2360040694475174,0.0,0.0,-0.5745573539685833,-0.5803864154238187,0.24029575288295746,0.019502732902765274,0.0,0.0,0.0,0.0
9.167815446853638,-1.0569567680358887,1.8543726205825806,0.0,0.0,-0.00510278157889843,-0.2360040694475174,0.0,0.0,-0.5746676462884154,-0.5804726924804616,0.23883654177188873,0.019502732902765274,0.0,0.0,0.0,0.0
9.169202327728271,-1.0499167442321777,1.9290664196014404,0.0,0.0,-0.005096193868666887,-0.23603789508342743,0.0,0.0,-0.5746676462884154,-0.5804726924804616,0.23883654177188873,0.019502732902765274,0.0,0.0,0.0,0.0
9.17049527168274,-1.0499167442321777,1.9290664196014404,0.0,0.0,-0.005096193868666887,-0.23603789508342743,0.0,0.0,-0.574758698309669,-0.5805685662797044,0.2382643222808838,0.021391119807958603,0.0,0.0,0.0,0.0
9.171776056289673,-1.0499167442321777,1.9290664196014404,0.0,0.0,-0.005096193868666887,-0.23603789508342743,0.0,0.0,-0.574758698309669,-0.5805685662797044,0.2382643222808838,0.021391119807958603,0.0,0.0,0.0,0.0
9.173032283782959,-1.0499167442321777,1.9290664196014404,0.0,0.0,-0.005096193868666887,-0.23603789508342743,0.0,0.0,-0.5748593938869011,-0.5806692618569366,0.24322724342346191,0.01648547127842903,0.0,0.0,0.0,0.0
9.174296855926514,-1.0499167442321777,1.9290664196014404,0.0,0.0,-0.005096193868666887,-0.23603789508342743,0.0,0.0,-0.5748593938869011,-0.5806692618569366,0.24322724342346191,0.01648547127842903,0.0,0.0,0.0,0.0
9.175699472427368,-1.0499167442321777,1.9290664196014404,0.0,0.0,-0.005096193868666887,-0.23603789508342743,0.0,0.0,-0.5748641688515118,-0.5809089463550438,0.24399970471858978,0.018745455890893936,0.0,0.0,0.0,0.0
9.176992893218994,-1.0499167442321777,1.9290664196014404,0.0,0.0,-0.005096193868666887,-0.23603789508342743,0.0,0.0,-0.5748641688515118,-0.5809089463550438,0.24399970471858978,0.018745455890893936,0.0,0.0,0.0,0.0
9.17860460281372,-1.0475212335586548,1.9750205278396606,0.0,0.0,-0.005106884986162186,-0.23608706891536713,0.0,0.0,-0.575027173035576,-0.5810095951188973,0.24222588539123535,0.01983286812901497,0.0,0.0,0.0,0.0
9.18019437789917,-1.0475212335586548,1.9750205278396606,0.0,0.0,-0.005106884986162186,-0.23608706891536713,0.0,0.0,-0.575027173035576,-0.5810095951188973,0.24222588539123535,0.01983286812901497,0.0,0.0,0.0,0.0
9.181787014007568,-1.0475212335586548,1.9750205278396606,0.0,0.0,-0.005106884986162186,-0.23608706891536713,0.0,0.0,-0.5751278217994297,-0.5809999983762973,0.24159641563892365,0.017629656940698624,0.0,0.0,0.0,0.0
9.18343710899353,-1.0475212335586548,1.9750205278396606,0.0,0.0,-0.005106884986162186,-0.23608706891536713,0.0,0.0,-0.5752236955986725,-0.5809999983762973,0.246536985039711,0.012116880156099796,0.0,0.0,0.0,0.0
9.18505311012268,-1.0475212335586548,1.9750205278396606,0.0,0.0,-0.005106884986162186,-0.23608706891536713,0.0,0.0,-0.5752236955986725,-0.5809999983762973,0.246536985039711,0.012116880156099796,0.0,0.0,0.0,0.0
9.186670303344727,-1.0475212335586548,1.9750205278396606,0.0,0.0,-0.005106884986162186,-0.23608706891536713,0.0,0.0,-0.5754969452891904,-0.5811150656607401,0.2440766841173172,0.013604612089693546,0.0,0.0,0.0,0.0
9.18865180015564,-1.0607259273529053,2.021082639694214,0.0,0.0,-0.005136288236826658,-0.23613658547401428,0.0,0.0,-0.5754729768393797,-0.5814698174432902,0.24459154903888702,0.014176817610859871,0.0,0.0,0.0,0.0
9.190309524536133,-1.0607259273529053,2.021082639694214,0.0,0.0,-0.005136288236826658,-0.23613658547401428,0.0,0.0,-0.5754729768393797,-0.5814698174432902,0.24459154903888702,0.014176817610859871,0.0,0.0,0.0,0.0
9.192265748977661,-1.0607259273529053,2.021082639694214,0.0,0.0,-0.005136288236826658,-0.23613658547401428,0.0,0.0,-0.5756215625028547,-0.5816759367489865,0.24419087171554565,0.017753317952156067,0.0,0.0,0.0,0.0
9.193872451782227,-1.0607259273529053,2.021082639694214,0.0,0.0,-0.005136288236826658,-0.23613658547401428,0.0,0.0,-0.5757126613374868,-0.5818580876048722,0.2491767257452011,0.01333829015493393,0.0,0.0,0.0,0.0
9.19559907913208,-1.0607259273529053,2.021082639694214,0.0,0.0,-0.005136288236826658,-0.23613658547401428,0.0,0.0,-0.5757126613374868,-0.5818580876048722,0.2491767257452011,0.01333829015493393,0.0,0.0,0.0,0.0
9.198452949523926,-1.0539162158966064,2.1043577194213867,0.0,0.0,-0.005138619337230921,-0.2361660599708557,0.0,0.0,-0.5758229068439403,-0.5819587363687259,0.2485474944114685,0.01308074314147234,0.0,0.0,0.0,0.0
9.20064401626587,-1.0539162158966064,2.1043577194213867,0.0,0.0,-0.005138619337230921,-0.2361660599708557,0.0,0.0,-0.5757845666869189,-0.5819203962117044,0.24957731366157532,0.012050663121044636,0.0,0.0,0.0,0.0
9.203307628631592,-1.0539162158966064,2.1043577194213867,0.0,0.0,-0.005138619337230921,-0.2361660599708557,0.0,0.0,-0.575952345835594,-0.5820546101679687,0.24774621427059174,0.013681445270776749,0.0,0.0,0.0,0.0
9.205232381820679,-1.0539162158966064,2.1043577194213867,0.0,0.0,-0.005138619337230921,-0.2361660599708557,0.0,0.0,-0.5760578163774368,-0.5821600807098115,0.2526521384716034,0.008748695254325867,0.0,0.0,0.0,0.0
9.207267999649048,-1.0539162158966064,2.1043577194213867,0.0,0.0,-0.005138619337230921,-0.2361660599708557,0.0,0.0,-0.5760865597918582,-0.5822607762870436,0.2520511746406555,0.009377896785736084,0.0,0.0,0.0,0.0
9.209313869476318,-1.0477579832077026,2.174936532974243,0.0,0.0,-0.005135444458574057,-0.23620398342609406,0.0,0.0,-0.5760865597918582,-0.5822607762870436,0.2520511746406555,0.009377896785736084,0.0,0.0,0.0,0.0
9.21139144897461,-1.0477579832077026,2.174936532974243,0.0,0.0,-0.005135444458574057,-0.23620398342609406,0.0,0.0,-0.5762447421979332,-0.5822272110946329,0.25153622031211853,0.008348096162080765,0.0,0.0,0.0,0.0
9.21340298652649,-1.0477579832077026,2.174936532974243,0.0,0.0,-0.005135444458574057,-0.23620398342609406,0.0,0.0,-0.576350212739776,-0.5823757967581079,0.256465345621109,0.004532039165496826,0.0,0.0,0.0,0.0
9.215419054031372,-1.0477579832077026,2.174936532974243,0.0,0.0,-0.005135444458574057,-0.23620398342609406,0.0,0.0,-0.5767145144515474,-0.5828983276893329,0.25217393040657043,0.01016814261674881,0.0,0.0,0.0,0.0
9.218554258346558,-1.0630542039871216,2.1889779567718506,0.0,0.0,-0.005180696491152048,-0.23627635836601257,0.0,0.0,-0.576704964522326,-0.5831523838946507,0.2538619339466095,0.01076890155673027,0.0,0.0,0.0,0.0
9.220869302749634,-1.0630542039871216,2.1889779567718506,0.0,0.0,-0.005180696491152048,-0.23627635836601257,0.0,0.0,-0.5768487752211903,-0.5831811273090722,0.2534327805042267,0.00933850184082985,0.0,0.0,0.0,0.0
9.22314977645874,-1.0630542039871216,2.1889779567718506,0.0,0.0,-0.005180696491152048,-0.23627635836601257,0.0,0.0,-0.5769446490204332,-0.5834064400999687,0.25839290022850037,0.006040446925908327,0.0,0.0,0.0,0.0
9.22539210319519,-1.0630542039871216,2.1889779567718506,0.0,0.0,-0.005180696491152048,-0.23627635836601257,0.0,0.0,-0.5770357010416868,-0.5834879421920007,0.25784921646118164,0.00569712370634079,0.0,0.0,0.0,0.0
9.227391719818115,-1.0630542039871216,2.1889779567718506,0.0,0.0,-0.005180696491152048,-0.23627635836601257,0.0,0.0,-0.5770357010416868,-0.5834879421920007,0.25784921646118164,0.00569712370634079,0.0,0.0,0.0,0.0
9.229365825653076,-1.0565965175628662,2.2631120681762695,0.0,0.0,-0.005176342558115721,-0.23631171882152557,0.0,0.0,-0.5772802073177832,-0.58345437699959,0.2555319368839264,0.004667043685913086,0.0,0.0,0.0,0.0
9.231292247772217,-1.0565965175628662,2.2631120681762695,0.0,0.0,-0.005176342558115721,-0.23631171882152557,0.0,0.0,-0.577356887631826,-0.58345437699959,0.2559325397014618,0.004667043685913086,0.0,0.0,0.0,0.0
9.23318362236023,-1.0565965175628662,2.2631120681762695,0.0,0.0,-0.005176342558115721,-0.23631171882152557,0.0,0.0,-0.5773185474748046,-0.58345437699959,0.26250332593917847,-0.000873953162226826,0.0,0.0,0.0,0.0
9.234946966171265,-1.0565965175628662,2.2631120681762695,0.0,0.0,-0.005176342558115721,-0.23631171882152557,0.0,0.0,-0.5773185474748046,-0.5835454758342222,0.26250332593917847,0.0004995056660845876,0.0,0.0,0.0,0.0
9.236981391906738,-1.0565965175628662,2.2631120681762695,0.0,0.0,-0.005176342558115721,-0.23631171882152557,0.0,0.0,-0.5773185474748046,-0.583631752890865,0.26250332593917847,0.0010429323883727193,0.0,0.0,0.0,0.0
9.23879075050354,-1.0605000257492065,2.246330499649048,0.0,0.0,-0.005187642760574818,-0.2363874316215515,0.0,0.0,-0.5774431646884689,-0.5838906308741721,0.26092982292175293,0.0015293621690943837,0.0,0.0,0.0,0.0
9.240646600723267,-1.0605000257492065,2.246330499649048,0.0,0.0,-0.005187642760574818,-0.2363874316215515,0.0,0.0,-0.5774431646884689,-0.5838906308741721,0.26092982292175293,0.0015293621690943837,0.0,0.0,0.0,0.0
9.242669105529785,-1.0605000257492065,2.246330499649048,0.0,0.0,-0.005187642760574818,-0.2363874316215515,0.0,0.0,-0.577524666780501,-0.5840727817300578,0.26590198278427124,0.0002753178705461323,0.0,0.0,0.0,0.0
9.244464874267578,-1.0605000257492065,2.246330499649048,0.0,0.0,-0.005187642760574818,-0.2363874316215515,0.0,0.0,-0.5778841935276617,-0.58412549359429,0.26212549209594727,-0.001527238404378295,0.0,0.0,0.0,0.0
9.246211528778076,-1.0605000257492065,2.246330499649048,0.0,0.0,-0.005187642760574818,-0.2363874316215515,0.0,0.0,-0.5779560988770939,-0.5841590587867007,0.263355553150177,-0.0013269111514091492,0.0,0.0,0.0,0.0
9.248358011245728,-1.0629926919937134,2.34009051322937,0.0,0.0,-0.005220411811023951,-0.23643635213375092,0.0,0.0,-0.578186186632601,-0.584648024525515,0.2612098455429077,0.004080366808921099,0.0,0.0,0.0,0.0
9.250154495239258,-1.0629926919937134,2.34009051322937,0.0,0.0,-0.005220411811023951,-0.23643635213375092,0.0,0.0,-0.578186186632601,-0.584648024525515,0.2612098455429077,0.004080366808921099,0.0,0.0,0.0,0.0
9.251636981964111,-1.0629926919937134,2.34009051322937,0.0,0.0,-0.005220411811023951,-0.23643635213375092,0.0,0.0,-0.5782629137600224,-0.5846815897179257,0.2671195864677429,-0.0025716794189065695,0.0,0.0,0.0,0.0
9.253072738647461,-1.0629926919937134,2.34009051322937,0.0,0.0,-0.005220411811023951,-0.23643635213375092,0.0,0.0,-0.5782629137600224,-0.5846815897179257,0.2671195864677429,-0.0025716794189065695,0.0,0.0,0.0,0.0
9.255068063735962,-1.0629926919937134,2.34009051322937,0.0,0.0,-0.005220411811023951,-0.23643635213375092,0.0,0.0,-0.5782389453102117,-0.5846815897179257,0.2680921256542206,-0.004631560295820236,0.0,0.0,0.0,0.0
9.256445169448853,-1.0629926919937134,2.34009051322937,0.0,0.0,-0.005220411811023951,-0.23643635213375092,0.0,0.0,-0.5783923059382974,-0.58479661018899,0.2663755416870117,-0.00311533035710454,0.0,0.0,0.0,0.0
9.257805585861206,-1.0629926919937134,2.34009051322937,0.0,0.0,-0.005220411811023951,-0.23643635213375092,0.0,0.0,-0.5783923059382974,-0.58479661018899,0.2663755416870117,-0.00311533035710454,0.0,0.0,0.0,0.0
9.259210109710693,-1.0588810443878174,2.430522918701172,0.0,0.0,-0.005194211844354868,-0.23645545542240143,0.0,0.0,-0.5784786298083188,-0.5852759791852042,0.2658321261405945,0.002120398450642824,0.0,0.0,0.0,0.0
9.26070499420166,-1.0588810443878174,2.430522918701172,0.0,0.0,-0.005194211844354868,-0.23645545542240143,0.0,0.0,-0.5788045913630688,-0.5852951726704042,0.2622271776199341,0.0011476505314931273,0.0,0.0,0.0,0.0
9.26205039024353,-1.0588810443878174,2.430522918701172,0.0,0.0,-0.005194211844354868,-0.23645545542240143,0.0,0.0,-0.5788045913630688,-0.5852951726704042,0.2622271776199341,0.0011476505314931273,0.0,0.0,0.0,0.0
9.264007568359375,-1.0588810443878174,2.430522918701172,0.0,0.0,-0.005194211844354868,-0.23645545542240143,0.0,0.0,-0.5788668999699009,-0.5852951726704042,0.2681746482849121,-0.005171690136194229,0.0,0.0,0.0,0.0
9.265380620956421,-1.0588810443878174,2.430522918701172,0.0,0.0,-0.005194211844354868,-0.23645545542240143,0.0,0.0,-0.5788525282626902,-0.5852951726704042,0.2699769139289856,-0.006516371853649616,0.0,0.0,0.0,0.0
9.266746997833252,-1.0588810443878174,2.430522918701172,0.0,0.0,-0.005194211844354868,-0.23645545542240143,0.0,0.0,-0.5788525282626902,-0.5852951726704042,0.2699769139289856,-0.006516371853649616,0.0,0.0,0.0,0.0
9.268278360366821,-1.0539219379425049,2.455521821975708,0.0,0.0,-0.005192887037992477,-0.2365235835313797,0.0,0.0,-0.5789867422189545,-0.5854341615912793,0.2683461308479309,-0.0048570893704891205,0.0,0.0,0.0,0.0
9.269849300384521,-1.0539219379425049,2.455521821975708,0.0,0.0,-0.005192887037992477,-0.2365235835313797,0.0,0.0,-0.5792456202022616,-0.5855204854613006,0.2678312063217163,-0.004342161118984222,0.0,0.0,0.0,0.0
9.2713942527771,-1.0539219379425049,2.455521821975708,0.0,0.0,-0.005192887037992477,-0.2365235835313797,0.0,0.0,-0.5792456202022616,-0.5855204854613006,0.2678312063217163,-0.004342161118984222,0.0,0.0,0.0,0.0
9.272858619689941,-1.0539219379425049,2.455521821975708,0.0,0.0,-0.005192887037992477,-0.2365235835313797,0.0,0.0,-0.5795044513721902,-0.5858416252380614,0.26896652579307556,-0.0063083884306252,0.0,0.0,0.0,0.0
9.27517819404602,-1.0539219379425049,2.455521821975708,0.0,0.0,-0.005192887037992477,-0.2365235835313797,0.0,0.0,-0.5795140481147901,-0.5859135305874935,0.2706545293331146,-0.006136782467365265,0.0,0.0,0.0,0.0
9.27725601196289,-1.0539219379425049,2.455521821975708,0.0,0.0,-0.005192887037992477,-0.2365235835313797,0.0,0.0,-0.5795667599790223,-0.5859998544575149,0.27036842703819275,-0.006909259129315615,0.0,0.0,0.0,0.0
9.27932620048523,-1.0576205253601074,2.5003502368927,0.0,0.0,-0.00521797314286232,-0.236581489443779,0.0,0.0,-0.5796482620710545,-0.5860861315141578,0.26985347270965576,-0.00642282934859395,0.0,0.0,0.0,0.0
9.280811071395874,-1.0576205253601074,2.5003502368927,0.0,0.0,-0.00521797314286232,-0.236581489443779,0.0,0.0,-0.5796482620710545,-0.5860861315141578,0.26985347270965576,-0.00642282934859395,0.0,0.0,0.0,0.0
9.282853364944458,-1.0576205253601074,2.5003502368927,0.0,0.0,-0.00521797314286232,-0.236581489443779,0.0,0.0,-0.5797345391276973,-0.5865511288031613,0.2748851478099823,-0.006333310157060623,0.0,0.0,0.0,0.0
9.284289121627808,-1.0576205253601074,2.5003502368927,0.0,0.0,-0.00521797314286232,-0.236581489443779,0.0,0.0,-0.5800749192030366,-0.5865750972529721,0.27082255482673645,-0.009108390659093857,0.0,0.0,0.0,0.0
9.28563117980957,-1.0576205253601074,2.5003502368927,0.0,0.0,-0.00521797314286232,-0.236581489443779,0.0,0.0,-0.5800749192030366,-0.5865750972529721,0.27082255482673645,-0.009108390659093857,0.0,0.0,0.0,0.0
9.28699278831482,-1.0576205253601074,2.5003502368927,0.0,0.0,-0.00521797314286232,-0.236581489443779,0.0,0.0,-0.5802426983517116,-0.5866565525316256,0.27245327830314636,-0.008593462407588959,0.0,0.0,0.0,0.0
9.288493871688843,-1.0567442178726196,2.5651254653930664,0.0,0.0,-0.005223693326115608,-0.2366335541009903,0.0,0.0,-0.5802426983517116,-0.5866565525316256,0.27245327830314636,-0.008593462407588959,0.0,0.0,0.0,0.0
9.290404319763184,-1.0567442178726196,2.5651254653930664,0.0,0.0,-0.005223693326115608,-0.2366335541009903,0.0,0.0,-0.5804344459501972,-0.5867524263308684,0.26987841725349426,-0.008021257817745209,0.0,0.0,0.0,0.0
9.291759729385376,-1.0567442178726196,2.5651254653930664,0.0,0.0,-0.005223693326115608,-0.2366335541009903,0.0,0.0,-0.580626193548683,-0.5871071781134184,0.27432361245155334,-0.009750276803970337,0.0,0.0,0.0,0.0
9.293126821517944,-1.0567442178726196,2.5651254653930664,0.0,0.0,-0.005223693326115608,-0.2366335541009903,0.0,0.0,-0.580626193548683,-0.5871071781134184,0.27432361245155334,-0.009750276803970337,0.0,0.0,0.0,0.0
9.294487953186035,-1.0567442178726196,2.5651254653930664,0.0,0.0,-0.005223693326115608,-0.2366335541009903,0.0,0.0,-0.5807172455699365,-0.5871647117556399,0.27455267310142517,-0.011094901710748672,0.0,0.0,0.0,0.0
9.296015739440918,-1.0567442178726196,2.5651254653930664,0.0,0.0,-0.005223693326115608,-0.2366335541009903,0.0,0.0,-0.5807172455699365,-0.5871647117556399,0.27455267310142517,-0.011094901710748672,0.0,0.0,0.0,0.0
9.298243284225464,-1.0608644485473633,2.5684821605682373,0.0,0.0,-0.005220094230026007,-0.23670324683189392,0.0,0.0,-0.5809569300680437,-0.5872509888122828,0.2722924053668976,-0.010551195591688156,0.0,0.0,0.0,0.0
9.299703121185303,-1.0608644485473633,2.5684821605682373,0.0,0.0,-0.005220094230026007,-0.23670324683189392,0.0,0.0,-0.5811343059593187,-0.587711164323297,0.271291047334671,-0.0052011944353580475,0.0,0.0,0.0,0.0
9.30103588104248,-1.0608644485473633,2.5684821605682373,0.0,0.0,-0.005220094230026007,-0.23670324683189392,0.0,0.0,-0.5811343059593187,-0.587711164323297,0.271291047334671,-0.0052011944353580475,0.0,0.0,0.0,0.0
9.302335262298584,-1.0608644485473633,2.5684821605682373,0.0,0.0,-0.005220094230026007,-0.23670324683189392,0.0,0.0,-0.5815226229342794,-0.5879652673419934,0.2727920711040497,-0.01016266644001007,0.0,0.0,0.0,0.0
9.303663730621338,-1.0608644485473633,2.5684821605682373,0.0,0.0,-0.005220094230026007,-0.23670324683189392,0.0,0.0,-0.5815226229342794,-0.5879652673419934,0.2727920711040497,-0.01016266644001007,0.0,0.0,0.0,0.0
9.305011510848999,-1.0608644485473633,2.5684821605682373,0.0,0.0,-0.005220094230026007,-0.23670324683189392,0.0,0.0,-0.5818197942612293,-0.588296003861354,0.2719337046146393,-0.008360277861356735,0.0,0.0,0.0,0.0
9.30632495880127,-1.0608644485473633,2.5684821605682373,0.0,0.0,-0.005220094230026007,-0.23670324683189392,0.0,0.0,-0.5818197942612293,-0.588296003861354,0.2719337046146393,-0.008360277861356735,0.0,0.0,0.0,0.0
9.307701826095581,-1.0608644485473633,2.5684821605682373,0.0,0.0,-0.005220094230026007,-0.23670324683189392,0.0,0.0,-0.5821313841087686,-0.5885740285164827,0.2699882686138153,-0.006529111880809069,0.0,0.0,0.0,0.0
9.309156894683838,-1.0479366779327393,2.5976555347442627,0.0,0.0,-0.005233471747487783,-0.23676948249340057,0.0,0.0,-0.5821313841087686,-0.5885740285164827,0.2699882686138153,-0.006529111880809069,0.0,0.0,0.0,0.0
9.310576915740967,-1.0479366779327393,2.5976555347442627,0.0,0.0,-0.005233471747487783,-0.23676948249340057,0.0,0.0,-0.5822368546506115,-0.5890150573556755,0.2697881758213043,-0.003067441051825881,0.0,0.0,0.0,0.0
9.311912536621094,-1.0479366779327393,2.5976555347442627,0.0,0.0,-0.005233471747487783,-0.23676948249340057,0.0,0.0,-0.5822368546506115,-0.5890150573556755,0.2697881758213043,-0.003067441051825881,0.0,0.0,0.0,0.0
9.313997983932495,-1.0479366779327393,2.5976555347442627,0.0,0.0,-0.005233471747487783,-0.23676948249340057,0.0,0.0,-0.5824717641841078,-0.5890006856484648,0.2743222117424011,-0.011206381022930145,0.0,0.0,0.0,0.0
9.316075801849365,-1.0479366779327393,2.5976555347442627,0.0,0.0,-0.005233471747487783,-0.23676948249340057,0.0,0.0,-0.5829798765947436,-0.5892643385963826,0.27103182673454285,-0.0087742879986763,0.0,0.0,0.0,0.0
9.317641019821167,-1.0479366779327393,2.5976555347442627,0.0,0.0,-0.005233471747487783,-0.23676948249340057,0.0,0.0,-0.5831572524860186,-0.589638237050754,0.2689148187637329,-0.005799047648906708,0.0,0.0,0.0,0.0
9.319079399108887,-1.0538792610168457,2.650883674621582,0.0,0.0,-0.005228683818131685,-0.23683656752109528,0.0,0.0,-0.5831572524860186,-0.589638237050754,0.2689148187637329,-0.005799047648906708,0.0,0.0,0.0,0.0
9.320495843887329,-1.0538792610168457,2.650883674621582,0.0,0.0,-0.005228683818131685,-0.23683656752109528,0.0,0.0,-0.58352155419779,-0.5897484825572076,0.2672266960144043,-0.005942043382674456,0.0,0.0,0.0,0.0
9.322100400924683,-1.0538792610168457,2.650883674621582,0.0,0.0,-0.005228683818131685,-0.23683656752109528,0.0,0.0,-0.5836174279970329,-0.5904387926371075,0.27303948998451233,-0.003999899607151747,0.0,0.0,0.0,0.0
9.323545932769775,-1.0538792610168457,2.650883674621582,0.0,0.0,-0.005228683818131685,-0.23683656752109528,0.0,0.0,-0.5836174279970329,-0.5904387926371075,0.27303948998451233,-0.003999899607151747,0.0,0.0,0.0,0.0
9.32497525215149,-1.0538792610168457,2.650883674621582,0.0,0.0,-0.005228683818131685,-0.23683656752109528,0.0,0.0,-0.584053681871615,-0.5907647541918576,0.2688911259174347,-0.003942790906876326,0.0,0.0,0.0,0.0
9.326395034790039,-1.0538792610168457,2.650883674621582,0.0,0.0,-0.005228683818131685,-0.23683656752109528,0.0,0.0,-0.584053681871615,-0.5907647541918576,0.2688911259174347,-0.003942790906876326,0.0,0.0,0.0,0.0
9.328113317489624,-1.0548245906829834,2.602658748626709,0.0,0.0,-0.005234810058027506,-0.2369578778743744,0.0,0.0,-0.5844179835833864,-0.5908845964409112,0.2666023075580597,-0.004657934885472059,0.0,0.0,0.0,0.0
9.329530239105225,-1.0548245906829834,2.602658748626709,0.0,0.0,-0.005234810058027506,-0.2369578778743744,0.0,0.0,-0.5844179835833864,-0.5908845964409112,0.2666023075580597,-0.004657934885472059,0.0,0.0,0.0,0.0
9.331289052963257,-1.0548245906829834,2.602658748626709,0.0,0.0,-0.005234810058027506,-0.2369578778743744,0.0,0.0,-0.5847199766883256,-0.591344818765304,0.26428472995758057,0.000577793107368052,0.0,0.0,0.0,0.0
9.332738161087036,-1.0548245906829834,2.602658748626709,0.0,0.0,-0.005234810058027506,-0.2369578778743744,0.0,0.0,-0.5850555349856756,-0.5919056430401718,0.2691931128501892,-0.0025014388374984264,0.0,0.0,0.0,0.0
9.334165811538696,-1.0548245906829834,2.602658748626709,0.0,0.0,-0.005234810058027506,-0.2369578778743744,0.0,0.0,-0.5850555349856756,-0.5919056430401718,0.2691931128501892,-0.0025014388374984264,0.0,0.0,0.0,0.0
9.335582733154297,-1.0548245906829834,2.602658748626709,0.0,0.0,-0.005234810058027506,-0.2369578778743744,0.0,0.0,-0.585626002816522,-0.5921357776090574,0.2641291618347168,-0.0019863988272845745,0.0,0.0,0.0,0.0
9.337146520614624,-1.0548245906829834,2.602658748626709,0.0,0.0,-0.005234810058027506,-0.2369578778743744,0.0,0.0,-0.585626002816522,-0.5921357776090574,0.2641291618347168,-0.0019863988272845745,0.0,0.0,0.0,0.0
9.338528633117676,-1.051401972770691,2.6513960361480713,0.0,0.0,-0.005242710467427969,-0.23703144490718842,0.0,0.0,-0.5861725021975577,-0.5929938200242539,0.26086747646331787,0.007798356004059315,0.0,0.0,0.0,0.0
9.340085983276367,-1.051401972770691,2.6513960361480713,0.0,0.0,-0.005242710467427969,-0.23703144490718842,0.0,0.0,-0.5866998080933934,-0.5932862631999717,0.25772035121917725,0.006138962227851152,0.0,0.0,0.0,0.0
9.341525316238403,-1.051401972770691,2.6513960361480713,0.0,0.0,-0.005242710467427969,-0.23703144490718842,0.0,0.0,-0.5866998080933934,-0.5932862631999717,0.25772035121917725,0.006138962227851152,0.0,0.0,0.0,0.0
9.342969417572021,-1.051401972770691,2.6513960361480713,0.0,0.0,-0.005242710467427969,-0.23703144490718842,0.0,0.0,-0.5872031455394183,-0.5941491273931574,0.2603721022605896,0.007894803769886494,0.0,0.0,0.0,0.0
9.344456672668457,-1.051401972770691,2.6513960361480713,0.0,0.0,-0.005242710467427969,-0.23703144490718842,0.0,0.0,-0.5872031455394183,-0.5941491273931574,0.2603721022605896,0.007894803769886494,0.0,0.0,0.0,0.0
9.34645700454712,-1.051401972770691,2.6513960361480713,0.0,0.0,-0.005242710467427969,-0.23703144490718842,0.0,0.0,-0.5876680960150433,-0.5945709627471503,0.2574540674686432,0.007923469878733158,0.0,0.0,0.0,0.0
9.34823727607727,-1.0770364999771118,2.5751280784606934,0.0,0.0,-0.005280421115458012,-0.2371709942817688,0.0,0.0,-0.5883631810595541,-0.5956543179532431,0.2508735656738281,0.01853775419294834,0.0,0.0,0.0,0.0
9.349916696548462,-1.0770364999771118,2.5751280784606934,0.0,0.0,-0.005280421115458012,-0.2371709942817688,0.0,0.0,-0.5883631810595541,-0.5956543179532431,0.2508735656738281,0.01853775419294834,0.0,0.0,0.0,0.0
9.351390838623047,-1.0770364999771118,2.5751280784606934,0.0,0.0,-0.005280421115458012,-0.2371709942817688,0.0,0.0,-0.5891541399033076,-0.5962151890414894,0.24744033813476562,0.020054154098033905,0.0,0.0,0.0,0.0
9.353178262710571,-1.0770364999771118,2.5751280784606934,0.0,0.0,-0.005280421115458012,-0.2371709942817688,0.0,0.0,-0.5898204815333968,-0.5973273344753822,0.2508896589279175,0.022668913006782532,0.0,0.0,0.0,0.0
9.354634046554565,-1.0770364999771118,2.5751280784606934,0.0,0.0,-0.005280421115458012,-0.2371709942817688,0.0,0.0,-0.5898204815333968,-0.5973273344753822,0.2508896589279175,0.022668913006782532,0.0,0.0,0.0,0.0
9.35610580444336,-1.0770364999771118,2.5751280784606934,0.0,0.0,-0.005280421115458012,-0.2371709942817688,0.0,0.0,-0.590625812084361,-0.5985401286731287,0.24362242221832275,0.029049165546894073,0.0,0.0,0.0,0.0
9.35766863822937,-1.0770364999771118,2.5751280784606934,0.0,0.0,-0.005280421115458012,-0.2371709942817688,0.0,0.0,-0.590625812084361,-0.5985401286731287,0.24362242221832275,0.029049165546894073,0.0,0.0,0.0,0.0
9.360004186630249,-1.0674253702163696,2.526977777481079,0.0,0.0,-0.005287383683025837,-0.2373286336660385,0.0,0.0,-0.5914503361205253,-0.5995324318579679,0.23947416245937347,0.03746062517166138,0.0,0.0,0.0,0.0
9.361574172973633,-1.0674253702163696,2.526977777481079,0.0,0.0,-0.005287383683025837,-0.2373286336660385,0.0,0.0,-0.5923515404707325,-0.6007548227983143,0.23283661901950836,0.044269807636737823,0.0,0.0,0.0,0.0
9.363549709320068,-1.0674253702163696,2.526977777481079,0.0,0.0,-0.005287383683025837,-0.2373286336660385,0.0,0.0,-0.5932527448209396,-0.6020634907953034,0.2322206050157547,0.04683125764131546,0.0,0.0,0.0,0.0
9.365111827850342,-1.0674253702163696,2.526977777481079,0.0,0.0,-0.005287383683025837,-0.2373286336660385,0.0,0.0,-0.5932527448209396,-0.6020634907953034,0.2322206050157547,0.04683125764131546,0.0,0.0,0.0,0.0
9.366614818572998,-1.0674253702163696,2.526977777481079,0.0,0.0,-0.005287383683025837,-0.2373286336660385,0.0,0.0,-0.5939526516434395,-0.6031276993295748,0.2288445681333542,0.05412686988711357,0.0,0.0,0.0,0.0
9.368554830551147,-1.0767163038253784,2.3519814014434814,0.0,0.0,-0.00530407577753067,-0.23756659030914307,0.0,0.0,-0.5945470411107181,-0.603674151897232,0.2245815247297287,0.05441290885210037,0.0,0.0,0.0,0.0
9.370058536529541,-1.0767163038253784,2.3519814014434814,0.0,0.0,-0.00530407577753067,-0.23756659030914307,0.0,0.0,-0.5945470411107181,-0.603674151897232,0.2245815247297287,0.05441290885210037,0.0,0.0,0.0,0.0
9.371556043624878,-1.0767163038253784,2.3519814014434814,0.0,0.0,-0.00530407577753067,-0.23756659030914307,0.0,0.0,-0.5949449548282787,-0.6043165250775104,0.22564029693603516,0.06002035364508629,0.0,0.0,0.0,0.0
9.37312126159668,-1.0767163038253784,2.3519814014434814,0.0,0.0,-0.00530407577753067,-0.23756659030914307,0.0,0.0,-0.5949449548282787,-0.6043165250775104,0.22564029693603516,0.06002035364508629,0.0,0.0,0.0,0.0
9.374741554260254,-1.0767163038253784,2.3519814014434814,0.0,0.0,-0.00530407577753067,-0.23756659030914307,0.0,0.0,-0.5954386955317037,-0.6047383604315033,0.2279081493616104,0.05097180977463722,0.0,0.0,0.0,0.0
9.376625061035156,-1.0767163038253784,2.3519814014434814,0.0,0.0,-0.00530407577753067,-0.23756659030914307,0.0,0.0,-0.5955153758457465,-0.604949301515189,0.2297964245080948,0.05283152684569359,0.0,0.0,0.0,0.0
9.378286123275757,-1.1018047332763672,2.131382942199707,0.0,0.0,-0.005377785302698612,-0.2378792017698288,0.0,0.0,-0.5955153758457465,-0.604949301515189,0.2297964245080948,0.05283152684569359,0.0,0.0,0.0,0.0
9.379863262176514,-1.1018047332763672,2.131382942199707,0.0,0.0,-0.005377785302698612,-0.2378792017698288,0.0,0.0,-0.5957263169294322,-0.6053088282623497,0.22853775322437286,0.054490868002176285,0.0,0.0,0.0,0.0
9.381573677062988,-1.1018047332763672,2.131382942199707,0.0,0.0,-0.005377785302698612,-0.2378792017698288,0.0,0.0,-0.5957934005008751,-0.6053088282623497,0.234576016664505,0.04725096747279167,0.0,0.0,0.0,0.0
9.383772850036621,-1.1018047332763672,2.131382942199707,0.0,0.0,-0.005377785302698612,-0.2378792017698288,0.0,0.0,-0.5957934005008751,-0.6053088282623497,0.234576016664505,0.04725096747279167,0.0,0.0,0.0,0.0
9.385773181915283,-1.1018047332763672,2.131382942199707,0.0,0.0,-0.005377785302698612,-0.2378792017698288,0.0,0.0,-0.5957263169294322,-0.6052369229129175,0.23577766120433807,0.045992061495780945,0.0,0.0,0.0,0.0
9.387240886688232,-1.1018047332763672,2.131382942199707,0.0,0.0,-0.005377785302698612,-0.2378792017698288,0.0,0.0,-0.5957263169294322,-0.6052369229129175,0.23577766120433807,0.045992061495780945,0.0,0.0,0.0,0.0
9.38871455192566,-1.1304517984390259,1.739999532699585,0.0,0.0,-0.005543127655982971,-0.2383178323507309,0.0,0.0,-0.5957263169294322,-0.6052369229129175,0.23577766120433807,0.045992061495780945,0.0,0.0,0.0,0.0
9.390188455581665,-1.1304517984390259,1.739999532699585,0.0,0.0,-0.005543127655982971,-0.2383178323507309,0.0,0.0,-0.5957263169294322,-0.6052369229129175,0.23577766120433807,0.045992061495780945,0.0,0.0,0.0,0.0
9.391748905181885,-1.1304517984390259,1.739999532699585,0.0,0.0,-0.005543127655982971,-0.2383178323507309,0.0,0.0,-0.5957263169294322,-0.6052369229129175,0.24131862819194794,0.040451064705848694,0.0,0.0,0.0,0.0
9.393206596374512,-1.1304517984390259,1.739999532699585,0.0,0.0,-0.005543127655982971,-0.2383178323507309,0.0,0.0,-0.5957263169294322,-0.6052369229129175,0.24131862819194794,0.040451064705848694,0.0,0.0,0.0,0.0
9.394683361053467,-1.1304517984390259,1.739999532699585,0.0,0.0,-0.005543127655982971,-0.2383178323507309,0.0,0.0,-0.5957263169294322,-0.6052369229129175,0.24131862819194794,0.040451064705848694,0.0,0.0,0.0,0.0
9.396188020706177,-1.1304517984390259,1.739999532699585,0.0,0.0,-0.005543127655982971,-0.2383178323507309,0.0,0.0,-0.5957263169294322,-0.6052369229129175,0.24131862819194794,0.040451064705848694,0.0,0.0,0.0,0.0
9.3984055519104,-1.129818081855774,1.663601279258728,0.0,0.0,-0.005607600323855877,-0.23857924342155457,0.0,0.0,-0.5957263169294322,-0.6052369229129175,0.24131862819194794,0.040451064705848694,0.0,0.0,0.0,0.0
9.400363445281982,-1.129818081855774,1.663601279258728,0.0,0.0,-0.005607600323855877,-0.23857924342155457,0.0,0.0,-0.5957263169294322,-0.6052369229129175,0.24131862819194794,0.040451064705848694,0.0,0.0,0.0,0.0
9.4020357131958,-1.129818081855774,1.663601279258728,0.0,0.0,-0.005607600323855877,-0.23857924342155457,0.0,0.0,-0.595889274300118,-0.6052369229129175,0.2451343983411789,0.034861452877521515,0.0,0.0,0.0,0.0
9.403555154800415,-1.129818081855774,1.663601279258728,0.0,0.0,-0.005607600323855877,-0.23857924342155457,0.0,0.0,-0.595889274300118,-0.6052369229129175,0.2451343983411789,0.034861452877521515,0.0,0.0,0.0,0.0
9.405726671218872,-1.129818081855774,1.663601279258728,0.0,0.0,-0.005607600323855877,-0.23857924342155457,0.0,0.0,-0.5959851480993609,-0.6053807336117819,0.2445337176322937,0.03657801076769829,0.0,0.0,0.0,0.0
9.40725302696228,-1.129818081855774,1.663601279258728,0.0,0.0,-0.005607600323855877,-0.23857924342155457,0.0,0.0,-0.596085843676593,-0.6054862041536248,0.2439042031764984,0.03715021535754204,0.0,0.0,0.0,0.0
9.408782958984375,-1.138727068901062,1.7830753326416016,0.0,0.0,-0.00563374487683177,-0.23862111568450928,0.0,0.0,-0.596085843676593,-0.6054862041536248,0.2439042031764984,0.03715021535754204,0.0,0.0,0.0,0.0
9.410289764404297,-1.138727068901062,1.7830753326416016,0.0,0.0,-0.00563374487683177,-0.23862111568450928,0.0,0.0,-0.5961625239906359,-0.6055820779528676,0.24350358545780182,0.03775092214345932,0.0,0.0,0.0,0.0
9.411792755126953,-1.138727068901062,1.7830753326416016,0.0,0.0,-0.00563374487683177,-0.23862111568450928,0.0,0.0,-0.5961625239906359,-0.6055820779528676,0.24350358545780182,0.03775092214345932,0.0,0.0,0.0,0.0
9.413278341293335,-1.138727068901062,1.7830753326416016,0.0,0.0,-0.00563374487683177,-0.23862111568450928,0.0,0.0,-0.5962583977898787,-0.6056827267167211,0.24839526414871216,0.03285951912403107,0.0,0.0,0.0,0.0
9.415040016174316,-1.138727068901062,1.7830753326416016,0.0,0.0,-0.00563374487683177,-0.23862111568450928,0.0,0.0,-0.5963638683317215,-0.606133352298514,0.24776576459407806,0.0379234179854393,0.0,0.0,0.0,0.0
9.416510820388794,-1.138727068901062,1.7830753326416016,0.0,0.0,-0.00563374487683177,-0.23862111568450928,0.0,0.0,-0.5963638683317215,-0.606133352298514,0.24776576459407806,0.0379234179854393,0.0,0.0,0.0,0.0
9.41818881034851,-1.1363071203231812,1.8855657577514648,0.0,0.0,-0.00563374487683177,-0.23862111568450928,0.0,0.0,-0.5966275212796394,-0.6061668706775462,0.24541974067687988,0.03703644499182701,0.0,0.0,0.0,0.0
9.419673919677734,-1.1363071203231812,1.8855657577514648,0.0,0.0,-0.00563374487683177,-0.23862111568450928,0.0,0.0,-0.5966275212796394,-0.6061668706775462,0.24541974067687988,0.03703644499182701,0.0,0.0,0.0,0.0
9.421562433242798,-1.1363071203231812,1.8855657577514648,0.0,0.0,-0.00563374487683177,-0.23862111568450928,0.0,0.0,-0.5966994266290715,-0.6061573207483246,0.24576306343078613,0.03486229106783867,0.0,0.0,0.0,0.0
9.423071146011353,-1.1363071203231812,1.8855657577514648,0.0,0.0,-0.00563374487683177,-0.23862111568450928,0.0,0.0,-0.5966467147648393,-0.6063059064117997,0.2524939477443695,0.030992312356829643,0.0,0.0,0.0,0.0
9.424543142318726,-1.1363071203231812,1.8855657577514648,0.0,0.0,-0.00563374487683177,-0.23862111568450928,0.0,0.0,-0.5966467147648393,-0.6063059064117997,0.2524939477443695,0.030992312356829643,0.0,0.0,0.0,0.0
9.425997257232666,-1.1363071203231812,1.8855657577514648,0.0,0.0,-0.00563374487683177,-0.23862111568450928,0.0,0.0,-0.5966467147648393,-0.6064017802110425,0.2524939477443695,0.03159301355481148,0.0,0.0,0.0,0.0
9.427454710006714,-1.1363071203231812,1.8855657577514648,0.0,0.0,-0.00563374487683177,-0.23862111568450928,0.0,0.0,-0.5966467147648393,-0.6064017802110425,0.2524939477443695,0.03159301355481148,0.0,0.0,0.0,0.0
9.429524183273315,-1.126940131187439,1.9723412990570068,0.0,0.0,-0.005614494904875755,-0.23863038420677185,0.0,0.0,-0.5968048971709143,-0.6067709037008032,0.2507489025592804,0.0354267843067646,0.0,0.0,0.0,0.0
9.431015014648438,-1.126940131187439,1.9723412990570068,0.0,0.0,-0.005614494904875755,-0.23863038420677185,0.0,0.0,-0.5969007709701571,-0.6068140188224354,0.25014790892601013,0.03399638459086418,0.0,0.0,0.0,0.0
9.432476282119751,-1.126940131187439,1.9723412990570068,0.0,0.0,-0.005614494904875755,-0.23863038420677185,0.0,0.0,-0.5969007709701571,-0.6068140188224354,0.25014790892601013,0.03399638459086418,0.0,0.0,0.0,0.0
9.434427261352539,-1.126940131187439,1.9723412990570068,0.0,0.0,-0.005614494904875755,-0.23863038420677185,0.0,0.0,-0.5972986378743393,-0.6069051176570674,0.2516665458679199,0.02898736111819744,0.0,0.0,0.0,0.0
9.436092376708984,-1.126940131187439,1.9723412990570068,0.0,0.0,-0.005614494904875755,-0.23863038420677185,0.0,0.0,-0.5973178313595393,-0.607456392002714,0.25321149826049805,0.03513867035508156,0.0,0.0,0.0,0.0
9.437567710876465,-1.126940131187439,1.9723412990570068,0.0,0.0,-0.005614494904875755,-0.23863038420677185,0.0,0.0,-0.5973178313595393,-0.607456392002714,0.25321149826049805,0.03513867035508156,0.0,0.0,0.0,0.0
9.439945220947266,-1.1307649612426758,2.0214805603027344,0.0,0.0,-0.005624749232083559,-0.23867420852184296,0.0,0.0,-0.5973753181883822,-0.6074371985175139,0.25289660692214966,0.03219176083803177,0.0,0.0,0.0,0.0
9.442128419876099,-1.1307649612426758,2.0214805603027344,0.0,0.0,-0.005624749232083559,-0.23867420852184296,0.0,0.0,-0.5974760137656143,-0.607509103866946,0.25229591131210327,0.03259241580963135,0.0,0.0,0.0,0.0
9.443971395492554,-1.1307649612426758,2.0214805603027344,0.0,0.0,-0.005624749232083559,-0.23867420852184296,0.0,0.0,-0.5975718875648571,-0.6075954277369675,0.257318913936615,0.02754204161465168,0.0,0.0,0.0,0.0
9.445474624633789,-1.1307649612426758,2.0214805603027344,0.0,0.0,-0.005624749232083559,-0.23867420852184296,0.0,0.0,-0.5975718875648571,-0.6075954277369675,0.257318913936615,0.02754204161465168,0.0,0.0,0.0,0.0
9.447497606277466,-1.1307649612426758,2.0214805603027344,0.0,0.0,-0.005624749232083559,-0.23867420852184296,0.0,0.0,-0.5975670657868679,-0.607696076500821,0.2581486701965332,0.02811424806714058,0.0,0.0,0.0,0.0
9.449096441268921,-1.1382843255996704,2.0774004459381104,0.0,0.0,-0.005654040724039078,-0.23872819542884827,0.0,0.0,-0.5975670657868679,-0.607696076500821,0.2581486701965332,0.02811424806714058,0.0,0.0,0.0,0.0
9.451008081436157,-1.1382843255996704,2.0774004459381104,0.0,0.0,-0.005654040724039078,-0.23872819542884827,0.0,0.0,-0.5976437929142893,-0.6076913015362103,0.2581486701965332,0.0272847730666399,0.0,0.0,0.0,0.0
9.452440977096558,-1.1382843255996704,2.0774004459381104,0.0,0.0,-0.005654040724039078,-0.23872819542884827,0.0,0.0,-0.5977540384207429,-0.6076913015362103,0.26178672909736633,0.021729804575443268,0.0,0.0,0.0,0.0
9.453925609588623,-1.1382843255996704,2.0774004459381104,0.0,0.0,-0.005654040724039078,-0.23872819542884827,0.0,0.0,-0.5977540384207429,-0.6076913015362103,0.26178672909736633,0.021729804575443268,0.0,0.0,0.0,0.0
9.455760717391968,-1.1382843255996704,2.0774004459381104,0.0,0.0,-0.005654040724039078,-0.23872819542884827,0.0,0.0,-0.5978546871845964,-0.6078398871996853,0.26118576526641846,0.02344636432826519,0.0,0.0,0.0,0.0
9.457519054412842,-1.1382843255996704,2.0774004459381104,0.0,0.0,-0.005654040724039078,-0.23872819542884827,0.0,0.0,-0.5978738806697964,-0.6079405359635389,0.26058506965637207,0.024047067388892174,0.0,0.0,0.0,0.0
9.459013223648071,-1.1258795261383057,2.0884597301483154,0.0,0.0,-0.005649378057569265,-0.23879589140415192,0.0,0.0,-0.5978738806697964,-0.6079405359635389,0.26058506965637207,0.024047067388892174,0.0,0.0,0.0,0.0
9.460646867752075,-1.1258795261383057,2.0884597301483154,0.0,0.0,-0.005649378057569265,-0.23879589140415192,0.0,0.0,-0.5979793512116393,-0.6083192561958995,0.26044201850891113,0.028367267921566963,0.0,0.0,0.0,0.0
9.462311506271362,-1.1258795261383057,2.0884597301483154,0.0,0.0,-0.005649378057569265,-0.23879589140415192,0.0,0.0,-0.5979793512116393,-0.6083192561958995,0.26044201850891113,0.028367267921566963,0.0,0.0,0.0,0.0
9.463835954666138,-1.1258795261383057,2.0884597301483154,0.0,0.0,-0.005649378057569265,-0.23879589140415192,0.0,0.0,-0.5980799999754929,-0.6084774386019746,0.26539069414138794,0.022530164569616318,0.0,0.0,0.0,0.0
9.465811967849731,-1.1258795261383057,2.0884597301483154,0.0,0.0,-0.005649378057569265,-0.23879589140415192,0.0,0.0,-0.598171098810125,-0.6086787829430603,0.2648184895515442,0.023674575611948967,0.0,0.0,0.0,0.0
9.467249870300293,-1.1258795261383057,2.0884597301483154,0.0,0.0,-0.005649378057569265,-0.23879589140415192,0.0,0.0,-0.598171098810125,-0.6086787829430603,0.2648184895515442,0.023674575611948967,0.0,0.0,0.0,0.0
9.468685865402222,-1.1435964107513428,2.0618793964385986,0.0,0.0,-0.00570128345862031,-0.238836869597435,0.0,0.0,-0.5983819930804322,-0.6086116525582389,0.2627873122692108,0.021671690046787262,0.0,0.0,0.0,0.0
9.470458507537842,-1.1435964107513428,2.0618793964385986,0.0,0.0,-0.00570128345862031,-0.238836869597435,0.0,0.0,-0.5984922854002642,-0.6087746567423031,0.261528342962265,0.023502802476286888,0.0,0.0,0.0,0.0
9.471900224685669,-1.1435964107513428,2.0618793964385986,0.0,0.0,-0.00570128345862031,-0.238836869597435,0.0,0.0,-0.5984922854002642,-0.6087746567423031,0.261528342962265,0.023502802476286888,0.0,0.0,0.0,0.0
9.473348140716553,-1.1435964107513428,2.0618793964385986,0.0,0.0,-0.00570128345862031,-0.238836869597435,0.0,0.0,-0.598487463622275,-0.608880127284146,0.2693181037902832,0.018518362194299698,0.0,0.0,0.0,0.0
9.47484564781189,-1.1435964107513428,2.0618793964385986,0.0,0.0,-0.00570128345862031,-0.238836869597435,0.0,0.0,-0.598487463622275,-0.608880127284146,0.2693181037902832,0.018518362194299698,0.0,0.0,0.0,0.0
9.476781606674194,-1.1435964107513428,2.0618793964385986,0.0,0.0,-0.00570128345862031,-0.238836869597435,0.0,0.0,-0.5986216775785392,-0.6089760010833888,0.26774460077285767,0.019119344651699066,0.0,0.0,0.0,0.0
9.478525161743164,-1.1333388090133667,2.2502548694610596,0.0,0.0,-0.005690430290997028,-0.2388620227575302,0.0,0.0,-0.5987175513777822,-0.6092540257385174,0.26711511611938477,0.02160843461751938,0.0,0.0,0.0,0.0
9.48000979423523,-1.1333388090133667,2.2502548694610596,0.0,0.0,-0.005690430290997028,-0.2388620227575302,0.0,0.0,-0.5987175513777822,-0.6092540257385174,0.26711511611938477,0.02160843461751938,0.0,0.0,0.0,0.0
9.481489896774292,-1.1333388090133667,2.2502548694610596,0.0,0.0,-0.005690430290997028,-0.2388620227575302,0.0,0.0,-0.5991634019949642,-0.6092971876735281,0.2627949118614197,0.02103600651025772,0.0,0.0,0.0,0.0
9.482995748519897,-1.1333388090133667,2.2502548694610596,0.0,0.0,-0.005690430290997028,-0.2388620227575302,0.0,0.0,-0.5991634019949642,-0.6092971876735281,0.2627949118614197,0.02103600651025772,0.0,0.0,0.0,0.0
9.48447561264038,-1.1333388090133667,2.2502548694610596,0.0,0.0,-0.005690430290997028,-0.2388620227575302,0.0,0.0,-0.5991538052523643,-0.6092252823240959,0.2701236605644226,0.014165137894451618,0.0,0.0,0.0,0.0
9.485981225967407,-1.1333388090133667,2.2502548694610596,0.0,0.0,-0.005690430290997028,-0.2388620227575302,0.0,0.0,-0.5991538052523643,-0.6092252823240959,0.2701236605644226,0.014165137894451618,0.0,0.0,0.0,0.0
9.487493515014648,-1.1333388090133667,2.2502548694610596,0.0,0.0,-0.005690430290997028,-0.2388620227575302,0.0,0.0,-0.5991010465747535,-0.6092252823240959,0.2712683081626892,0.014165137894451618,0.0,0.0,0.0,0.0
9.48989200592041,-1.1503112316131592,2.2773730754852295,0.0,0.0,-0.00574682978913188,-0.23892073333263397,0.0,0.0,-0.5991010465747535,-0.6093355278305496,0.2712683081626892,0.015681367367506027,0.0,0.0,0.0,0.0
9.49181079864502,-1.1503112316131592,2.2773730754852295,0.0,0.0,-0.00574682978913188,-0.23892073333263397,0.0,0.0,-0.5991921454093857,-0.6094361765944031,0.2754783034324646,0.010696928948163986,0.0,0.0,0.0,0.0
9.493268251419067,-1.1503112316131592,2.2773730754852295,0.0,0.0,-0.00574682978913188,-0.23892073333263397,0.0,0.0,-0.5991921454093857,-0.6094361765944031,0.2754783034324646,0.010696928948163986,0.0,0.0,0.0,0.0
9.494710683822632,-1.1503112316131592,2.2773730754852295,0.0,0.0,-0.00574682978913188,-0.23892073333263397,0.0,0.0,-0.5992880192086285,-0.6095272754290352,0.27490609884262085,0.011240635067224503,0.0,0.0,0.0,0.0
9.496241807937622,-1.1503112316131592,2.2773730754852295,0.0,0.0,-0.00574682978913188,-0.23892073333263397,0.0,0.0,-0.5992880192086285,-0.6095272754290352,0.27490609884262085,0.011240635067224503,0.0,0.0,0.0,0.0
9.49852442741394,-1.1479668617248535,2.3512136936187744,0.0,0.0,-0.005747312214225531,-0.2389644831418991,0.0,0.0,-0.5993791180432606,-0.609532050393646,0.2743626832962036,0.010410882532596588,0.0,0.0,0.0,0.0
9.50067925453186,-1.1479668617248535,2.3512136936187744,0.0,0.0,-0.005747312214225531,-0.2389644831418991,0.0,0.0,-0.5994030864930714,-0.6096710861278996,0.27379047870635986,0.01204166654497385,0.0,0.0,0.0,0.0
9.5022714138031,-1.1479668617248535,2.3512136936187744,0.0,0.0,-0.005747312214225531,-0.2389644831418991,0.0,0.0,-0.5994078614576821,-0.6097669599271424,0.2806272506713867,0.007036272436380386,0.0,0.0,0.0,0.0
9.504303455352783,-1.1479668617248535,2.3512136936187744,0.0,0.0,-0.005747312214225531,-0.2389644831418991,0.0,0.0,-0.5994078614576821,-0.6098628337263852,0.2806272506713867,0.007608477957546711,0.0,0.0,0.0,0.0
9.506009101867676,-1.1479668617248535,2.3512136936187744,0.0,0.0,-0.005747312214225531,-0.2389644831418991,0.0,0.0,-0.5994078614576821,-0.6098628337263852,0.2806272506713867,0.007608477957546711,0.0,0.0,0.0,0.0
9.507785558700562,-1.1479668617248535,2.3512136936187744,0.0,0.0,-0.005747312214225531,-0.2389644831418991,0.0,0.0,-0.5994078614576821,-0.6098388652765745,0.2806272506713867,0.006635673809796572,0.0,0.0,0.0,0.0
9.510046482086182,-1.1320831775665283,2.398890256881714,0.0,0.0,-0.005710272584110498,-0.2390199601650238,0.0,0.0,-0.5995660438637571,-0.6098388652765745,0.2788534164428711,0.006635673809796572,0.0,0.0,0.0,0.0
9.512139797210693,-1.1320831775665283,2.398890256881714,0.0,0.0,-0.005710272584110498,-0.2390199601650238,0.0,0.0,-0.5996619176629999,-0.6098388652765745,0.28383925557136536,0.0011061318218708038,0.0,0.0,0.0,0.0
9.51429033279419,-1.1320831775665283,2.398890256881714,0.0,0.0,-0.005710272584110498,-0.2390199601650238,0.0,0.0,-0.599753016497632,-0.6098388652765745,0.2832670509815216,0.0011061318218708038,0.0,0.0,0.0,0.0
9.515936136245728,-1.1320831775665283,2.398890256881714,0.0,0.0,-0.005710272584110498,-0.2390199601650238,0.0,0.0,-0.599753016497632,-0.6098388652765745,0.2832670509815216,0.0011061318218708038,0.0,0.0,0.0,0.0
9.51747989654541,-1.1320831775665283,2.398890256881714,0.0,0.0,-0.005710272584110498,-0.2390199601650238,0.0,0.0,-0.5997146763406106,-0.6100066444252494,0.28432562947273254,0.0029372426215559244,0.0,0.0,0.0,0.0
9.519333600997925,-1.137817144393921,2.4707465171813965,0.0,0.0,-0.005730839446187019,-0.23904304206371307,0.0,0.0,-0.5998776337112963,-0.6101072931891031,0.2825233042240143,0.0035094472113996744,0.0,0.0,0.0,0.0
9.521040916442871,-1.137817144393921,2.4707465171813965,0.0,0.0,-0.005730839446187019,-0.23904304206371307,0.0,0.0,-0.5998776337112963,-0.6101072931891031,0.2825233042240143,0.0035094472113996744,0.0,0.0,0.0,0.0
9.52267074584961,-1.137817144393921,2.4707465171813965,0.0,0.0,-0.005730839446187019,-0.23904304206371307,0.0,0.0,-0.6001365116946035,-0.6103422027225994,0.28752896189689636,0.00019155455811414868,0.0,0.0,0.0,0.0
9.524498224258423,-1.137817144393921,2.4707465171813965,0.0,0.0,-0.005730839446187019,-0.23904304206371307,0.0,0.0,-0.6003713744147213,-0.610471641714253,0.28309449553489685,0.00013433404092211276,0.0,0.0,0.0,0.0
9.525949478149414,-1.137817144393921,2.4707465171813965,0.0,0.0,-0.005730839446187019,-0.23904304206371307,0.0,0.0,-0.6003713744147213,-0.610471641714253,0.28309449553489685,0.00013433404092211276,0.0,0.0,0.0,0.0
9.527485609054565,-1.137817144393921,2.4707465171813965,0.0,0.0,-0.005730839446187019,-0.23904304206371307,0.0,0.0,-0.6003282592930892,-0.6104524482290531,0.28492555022239685,-0.0008096919045783579,0.0,0.0,0.0,0.0
9.528907299041748,-1.144068956375122,2.5579257011413574,0.0,0.0,-0.005757248494774103,-0.2390669733285904,0.0,0.0,-0.6003282592930892,-0.6104524482290531,0.28492555022239685,-0.0008096919045783579,0.0,0.0,0.0,0.0
9.530290842056274,-1.144068956375122,2.5579257011413574,0.0,0.0,-0.005757248494774103,-0.2390669733285904,0.0,0.0,-0.6003282592930892,-0.6104524482290531,0.28624144196510315,-0.0008096919045783579,0.0,0.0,0.0,0.0
9.531761646270752,-1.144068956375122,2.5579257011413574,0.0,0.0,-0.005757248494774103,-0.2390669733285904,0.0,0.0,-0.6003282592930892,-0.6104524482290531,0.28624144196510315,-0.0008096919045783579,0.0,0.0,0.0,0.0
9.533153057098389,-1.144068956375122,2.5579257011413574,0.0,0.0,-0.005757248494774103,-0.2390669733285904,0.0,0.0,-0.6003282592930892,-0.6105435470636852,0.2918422222137451,-0.005037300288677216,0.0,0.0,0.0,0.0
9.534580945968628,-1.144068956375122,2.5579257011413574,0.0,0.0,-0.005757248494774103,-0.2390669733285904,0.0,0.0,-0.6003282592930892,-0.6105435470636852,0.2918422222137451,-0.005037300288677216,0.0,0.0,0.0,0.0
9.535965204238892,-1.144068956375122,2.5579257011413574,0.0,0.0,-0.005757248494774103,-0.2390669733285904,0.0,0.0,-0.6004289080569427,-0.6109893508674887,0.2903832793235779,-1.8996187236552942e-06,0.0,0.0,0.0,0.0
9.537304401397705,-1.144068956375122,2.5579257011413574,0.0,0.0,-0.005757248494774103,-0.2390669733285904,0.0,0.0,-0.6004289080569427,-0.6109893508674887,0.2903832793235779,-1.8996187236552942e-06,0.0,0.0,0.0,0.0
9.53964638710022,-1.1284502744674683,2.647531747817993,0.0,0.0,-0.005724315997213125,-0.23908019065856934,0.0,0.0,-0.6005391535633964,-0.6113824428070601,0.289753794670105,0.0024587479420006275,0.0,0.0,0.0,0.0
9.541077852249146,-1.1284502744674683,2.647531747817993,0.0,0.0,-0.005724315997213125,-0.23908019065856934,0.0,0.0,-0.6010473127874105,-0.6117084043618102,0.2855481505393982,0.004919115453958511,0.0,0.0,0.0,0.0
9.54246473312378,-1.1284502744674683,2.647531747817993,0.0,0.0,-0.005724315997213125,-0.23908019065856934,0.0,0.0,-0.6010473127874105,-0.6117084043618102,0.2855481505393982,0.004919115453958511,0.0,0.0,0.0,0.0
9.544440269470215,-1.1284502744674683,2.647531747817993,0.0,0.0,-0.005724315997213125,-0.23908019065856934,0.0,0.0,-0.601430807984382,-0.6117275510336315,0.287398099899292,-0.003568511689081788,0.0,0.0,0.0,0.0
9.546030044555664,-1.1284502744674683,2.647531747817993,0.0,0.0,-0.005724315997213125,-0.23908019065856934,0.0,0.0,-0.6016177338048784,-0.6117899064538422,0.2881135046482086,-0.003168136114254594,0.0,0.0,0.0,0.0
9.547702312469482,-1.1284502744674683,2.647531747817993,0.0,0.0,-0.005724315997213125,-0.23908019065856934,0.0,0.0,-0.6016177338048784,-0.6117899064538422,0.2881135046482086,-0.003168136114254594,0.0,0.0,0.0,0.0
9.550484895706177,-1.138714075088501,2.6909656524658203,0.0,0.0,-0.0057289996184408665,-0.2391328513622284,0.0,0.0,-0.6015554251980463,-0.6120439626591601,0.2892006039619446,-0.002624429762363434,0.0,0.0,0.0,0.0
9.552817106246948,-1.138714075088501,2.6909656524658203,0.0,0.0,-0.0057289996184408665,-0.2391328513622284,0.0,0.0,-0.6015554251980463,-0.6123315840568887,0.29008761048316956,0.0021822010166943073,0.0,0.0,0.0,0.0
9.554748296737671,-1.138714075088501,2.6909656524658203,0.0,0.0,-0.0057289996184408665,-0.2391328513622284,0.0,0.0,-0.6015554251980463,-0.6122932438998673,0.2956884205341339,-0.006592926103621721,0.0,0.0,0.0,0.0
9.556919813156128,-1.138714075088501,2.6909656524658203,0.0,0.0,-0.0057289996184408665,-0.2391328513622284,0.0,0.0,-0.6015554251980463,-0.6122932438998673,0.2956884205341339,-0.006592926103621721,0.0,0.0,0.0,0.0
9.558523893356323,-1.1326450109481812,2.7794902324676514,0.0,0.0,-0.005730648059397936,-0.23915402591228485,0.0,0.0,-0.6015554251980463,-0.6122932438998673,0.2956884205341339,-0.006592926103621721,0.0,0.0,0.0,0.0
9.559986591339111,-1.1326450109481812,2.7794902324676514,0.0,0.0,-0.005730648059397936,-0.23915402591228485,0.0,0.0,-0.6016512989972891,-0.6122932438998673,0.29428645968437195,-0.006592926103621721,0.0,0.0,0.0,0.0
9.561483144760132,-1.1326450109481812,2.7794902324676514,0.0,0.0,-0.005730648059397936,-0.23915402591228485,0.0,0.0,-0.6016512989972891,-0.6122932438998673,0.29428645968437195,-0.006592926103621721,0.0,0.0,0.0,0.0
9.563014030456543,-1.1326450109481812,2.7794902324676514,0.0,0.0,-0.005730648059397936,-0.23915402591228485,0.0,0.0,-0.6017615445037428,-0.6122932438998673,0.2992122173309326,-0.012178068980574608,0.0,0.0,0.0,0.0
9.564616203308105,-1.1326450109481812,2.7794902324676514,0.0,0.0,-0.005730648059397936,-0.23915402591228485,0.0,0.0,-0.6017615445037428,-0.6122932438998673,0.2992122173309326,-0.012178068980574608,0.0,0.0,0.0,0.0
9.5667405128479,-1.1326450109481812,2.7794902324676514,0.0,0.0,-0.005730648059397936,-0.23915402591228485,0.0,0.0,-0.6018670150455856,-0.612456201270553,0.29864001274108887,-0.010404232889413834,0.0,0.0,0.0,0.0
9.56866717338562,-1.1207728385925293,2.7256174087524414,0.0,0.0,-0.0057434141635894775,-0.23927707970142365,0.0,0.0,-0.6018622400809748,-0.6127198542184707,0.29944097995758057,-0.009832028299570084,0.0,0.0,0.0,0.0
9.570302248001099,-1.1207728385925293,2.7256174087524414,0.0,0.0,-0.0057434141635894775,-0.23927707970142365,0.0,0.0,-0.6020347941942605,-0.613228013442485,0.2976098656654358,-0.0028226892463862896,0.0,0.0,0.0,0.0
9.571836233139038,-1.1207728385925293,2.7256174087524414,0.0,0.0,-0.0057434141635894775,-0.23927707970142365,0.0,0.0,-0.6020347941942605,-0.613228013442485,0.2976098656654358,-0.0028226892463862896,0.0,0.0,0.0,0.0
9.57407283782959,-1.1207728385925293,2.7256174087524414,0.0,0.0,-0.0057434141635894775,-0.23927707970142365,0.0,0.0,-0.602499791483264,-0.6132519818922958,0.2975429892539978,-0.011195484548807144,0.0,0.0,0.0,0.0
9.575494527816772,-1.1207728385925293,2.7256174087524414,0.0,0.0,-0.0057434141635894775,-0.23927707970142365,0.0,0.0,-0.6025189849684641,-0.6132135949218958,0.3002607822418213,-0.01228284277021885,0.0,0.0,0.0,0.0
9.57686996459961,-1.1207728385925293,2.7256174087524414,0.0,0.0,-0.0057434141635894775,-0.23927707970142365,0.0,0.0,-0.6025189849684641,-0.6132135949218958,0.3002607822418213,-0.01228284277021885,0.0,0.0,0.0,0.0
9.578555822372437,-1.1394295692443848,2.8316478729248047,0.0,0.0,-0.005797028541564941,-0.2393130362033844,0.0,0.0,-0.6027970096235926,-0.6132950970139279,0.29785749316215515,-0.01228284277021885,0.0,0.0,0.0,0.0
9.580549478530884,-1.1394295692443848,2.8316478729248047,0.0,0.0,-0.005797028541564941,-0.2393130362033844,0.0,0.0,-0.6028497214878248,-0.6134005675557708,0.2983153462409973,-0.01033717766404152,0.0,0.0,0.0,0.0
9.582438707351685,-1.1394295692443848,2.8316478729248047,0.0,0.0,-0.005797028541564941,-0.2393130362033844,0.0,0.0,-0.6028497214878248,-0.6134005675557708,0.2983153462409973,-0.01033717766404152,0.0,0.0,0.0,0.0
9.5846107006073,-1.1394295692443848,2.8316478729248047,0.0,0.0,-0.005797028541564941,-0.2393130362033844,0.0,0.0,-0.6028880616448462,-0.6138751615873743,0.30370157957077026,-0.011346191167831421,0.0,0.0,0.0,0.0
9.586736679077148,-1.1394295692443848,2.8316478729248047,0.0,0.0,-0.005797028541564941,-0.2393130362033844,0.0,0.0,-0.6029791604794783,-0.6139854070938279,0.3031293749809265,-0.011603739112615585,0.0,0.0,0.0,0.0
9.589052438735962,-1.1344010829925537,2.8944320678710938,0.0,0.0,-0.005779843777418137,-0.23933900892734528,0.0,0.0,-0.6033818491616497,-0.6141771546923136,0.29915255308151245,-0.010516326874494553,0.0,0.0,0.0,0.0
9.59113597869873,-1.1344010829925537,2.8944320678710938,0.0,0.0,-0.005779843777418137,-0.23933900892734528,0.0,0.0,-0.6036359053669675,-0.6144359858622421,0.2974647283554077,-0.009429194033145905,0.0,0.0,0.0,0.0
9.592912197113037,-1.1344010829925537,2.8944320678710938,0.0,0.0,-0.005779843777418137,-0.23933900892734528,0.0,0.0,-0.6039043332794962,-0.6148003343873921,0.30158302187919617,-0.011545401066541672,0.0,0.0,0.0,0.0
9.595307350158691,-1.1344010829925537,2.8944320678710938,0.0,0.0,-0.005779843777418137,-0.23933900892734528,0.0,0.0,-0.6040721124281712,-0.61504479385011,0.30141139030456543,-0.010086111724376678,0.0,0.0,0.0,0.0
9.59712290763855,-1.1344010829925537,2.8944320678710938,0.0,0.0,-0.005779843777418137,-0.23933900892734528,0.0,0.0,-0.6040721124281712,-0.61504479385011,0.30141139030456543,-0.010086111724376678,0.0,0.0,0.0,0.0
9.599946022033691,-1.1319853067398071,2.927690267562866,0.0,0.0,-0.00579434959217906,-0.23941466212272644,0.0,0.0,-0.604354958861289,-0.6153180435406278,0.29966631531715393,-0.009285025298595428,0.0,0.0,0.0,0.0
9.601885318756104,-1.1319853067398071,2.927690267562866,0.0,0.0,-0.00579434959217906,-0.23941466212272644,0.0,0.0,-0.604513141267364,-0.6154666292041028,0.30434590578079224,-0.015252048149704933,0.0,0.0,0.0,0.0
9.603362083435059,-1.1319853067398071,2.927690267562866,0.0,0.0,-0.00579434959217906,-0.23941466212272644,0.0,0.0,-0.604513141267364,-0.6154666292041028,0.30434590578079224,-0.015252048149704933,0.0,0.0,0.0,0.0
9.604765176773071,-1.1319853067398071,2.927690267562866,0.0,0.0,-0.00579434959217906,-0.23941466212272644,0.0,0.0,-0.6048151343723033,-0.6159220297505064,0.301713764667511,-0.009701717644929886,0.0,0.0,0.0,0.0
9.606133937835693,-1.1319853067398071,2.927690267562866,0.0,0.0,-0.00579434959217906,-0.23941466212272644,0.0,0.0,-0.6048151343723033,-0.6159220297505064,0.301713764667511,-0.009701717644929886,0.0,0.0,0.0,0.0
9.607465982437134,-1.1319853067398071,2.927690267562866,0.0,0.0,-0.00579434959217906,-0.23941466212272644,0.0,0.0,-0.6052609381761068,-0.6163343151752778,0.2982233166694641,-0.007241349667310715,0.0,0.0,0.0,0.0
9.608797073364258,-1.1454894542694092,2.949221134185791,0.0,0.0,-0.005833297502249479,-0.239480122923851,0.0,0.0,-0.6052609381761068,-0.6163343151752778,0.2982233166694641,-0.007241349667310715,0.0,0.0,0.0,0.0
9.61016297340393,-1.1454894542694092,2.949221134185791,0.0,0.0,-0.005833297502249479,-0.239480122923851,0.0,0.0,-0.6054575075525818,-0.6166075648657956,0.2978801727294922,-0.005009528249502182,0.0,0.0,0.0,0.0
9.611538410186768,-1.1454894542694092,2.949221134185791,0.0,0.0,-0.005833297502249479,-0.239480122923851,0.0,0.0,-0.6054575075525818,-0.6166075648657956,0.2978801727294922,-0.005009528249502182,0.0,0.0,0.0,0.0
9.613597393035889,-1.1454894542694092,2.949221134185791,0.0,0.0,-0.005833297502249479,-0.239480122923851,0.0,0.0,-0.6057307572430997,-0.6168807677429349,0.30188700556755066,-0.010418593883514404,0.0,0.0,0.0,0.0
9.614974737167358,-1.1454894542694092,2.949221134185791,0.0,0.0,-0.005833297502249479,-0.239480122923851,0.0,0.0,-0.6060279285700496,-0.6172307445608741,0.30019888281822205,-0.006899647414684296,0.0,0.0,0.0,0.0
9.616395473480225,-1.1454894542694092,2.949221134185791,0.0,0.0,-0.005833297502249479,-0.239480122923851,0.0,0.0,-0.6060279285700496,-0.6172307445608741,0.30019888281822205,-0.006899647414684296,0.0,0.0,0.0,0.0
9.617997646331787,-1.1448161602020264,2.920361280441284,0.0,0.0,-0.005832064896821976,-0.23959612846374512,0.0,0.0,-0.6064449889594318,-0.6178778927057634,0.29690873622894287,-0.001377760898321867,0.0,0.0,0.0,0.0
9.619524955749512,-1.1448161602020264,2.920361280441284,0.0,0.0,-0.005832064896821976,-0.23959612846374512,0.0,0.0,-0.6064449889594318,-0.6178778927057634,0.29690873622894287,-0.001377760898321867,0.0,0.0,0.0,0.0
9.621243000030518,-1.1448161602020264,2.920361280441284,0.0,0.0,-0.005832064896821976,-0.23959612846374512,0.0,0.0,-0.6068380808990032,-0.6182182259677241,0.2944484055042267,-0.0034378650598227978,0.0,0.0,0.0,0.0
9.622663021087646,-1.1448161602020264,2.920361280441284,0.0,0.0,-0.005832064896821976,-0.23959612846374512,0.0,0.0,-0.6072407695811746,-0.6187167884491384,0.2990823984146118,-0.003435183083638549,0.0,0.0,0.0,0.0
9.624179363250732,-1.1448161602020264,2.920361280441284,0.0,0.0,-0.005832064896821976,-0.23959612846374512,0.0,0.0,-0.6072407695811746,-0.6187167884491384,0.2990823984146118,-0.003435183083638549,0.0,0.0,0.0,0.0
9.625584602355957,-1.1448161602020264,2.920361280441284,0.0,0.0,-0.005832064896821976,-0.23959612846374512,0.0,0.0,-0.6078207873412425,-0.6190618966757098,0.29384663701057434,-0.0016900147311389446,0.0,0.0,0.0,0.0
9.626982688903809,-1.1448161602020264,2.920361280441284,0.0,0.0,-0.005832064896821976,-0.23959612846374512,0.0,0.0,-0.6078207873412425,-0.6190618966757098,0.29384663701057434,-0.0016900147311389446,0.0,0.0,0.0,0.0
9.629457235336304,-1.1470379829406738,2.9206507205963135,0.0,0.0,-0.005850247107446194,-0.23968301713466644,0.0,0.0,-0.6082809628522566,-0.6197426100130098,0.29072827100753784,0.0036600425373762846,0.0,0.0,0.0,0.0
9.631583213806152,-1.1470379829406738,2.9206507205963135,0.0,0.0,-0.005850247107446194,-0.23968301713466644,0.0,0.0,-0.6092541193652745,-0.6205191971495526,0.28228816390037537,0.00829495582729578,0.0,0.0,0.0,0.0
9.633280754089355,-1.1470379829406738,2.9206507205963135,0.0,0.0,-0.005850247107446194,-0.23968301713466644,0.0,0.0,-0.6097430382907102,-0.6215594372340132,0.2866586446762085,0.01267791073769331,0.0,0.0,0.0,0.0
9.634786605834961,-1.1470379829406738,2.9206507205963135,0.0,0.0,-0.005850247107446194,-0.23968301713466644,0.0,0.0,-0.6097430382907102,-0.6215594372340132,0.2866586446762085,0.01267791073769331,0.0,0.0,0.0,0.0
9.636295795440674,-1.1470379829406738,2.9206507205963135,0.0,0.0,-0.005850247107446194,-0.23968301713466644,0.0,0.0,-0.6107593099253601,-0.6225133534484525,0.2781042456626892,0.01505233533680439,0.0,0.0,0.0,0.0
9.63840913772583,-1.1439694166183472,2.929936647415161,0.0,0.0,-0.005857853684574366,-0.23978374898433685,0.0,0.0,-0.6118043249744315,-0.623836439966031,0.2717812657356262,0.025781283155083656,0.0,0.0,0.0,0.0
9.639853954315186,-1.1439694166183472,2.929936647415161,0.0,0.0,-0.005857853684574366,-0.23978374898433685,0.0,0.0,-0.6118043249744315,-0.623836439966031,0.2717812657356262,0.025781283155083656,0.0,0.0,0.0,0.0
9.64127254486084,-1.1439694166183472,2.929936647415161,0.0,0.0,-0.005857853684574366,-0.23978374898433685,0.0,0.0,-0.6118043249744315,-0.623836439966031,0.2717812657356262,0.025781283155083656,0.0,0.0,0.0,0.0
9.643160581588745,-1.1439694166183472,2.929936647415161,0.0,0.0,-0.005857853684574366,-0.23978374898433685,0.0,0.0,-0.6132376569984636,-0.6256771888234666,0.26731690764427185,0.03436412662267685,0.0,0.0,0.0,0.0
9.644607782363892,-1.1439694166183472,2.929936647415161,0.0,0.0,-0.005857853684574366,-0.23978374898433685,0.0,0.0,-0.614627827087485,-0.6277049571281558,0.2569885551929474,0.05167337879538536,0.0,0.0,0.0,0.0
9.646056413650513,-1.1439694166183472,2.929936647415161,0.0,0.0,-0.005857853684574366,-0.23978374898433685,0.0,0.0,-0.614627827087485,-0.6277049571281558,0.2569885551929474,0.05167337879538536,0.0,0.0,0.0,0.0
9.647578001022339,-1.1439694166183472,2.929936647415161,0.0,0.0,-0.005857853684574366,-0.23978374898433685,0.0,0.0,-0.6163008436096241,-0.62984292412592,0.24482931196689606,0.0656065046787262,0.0,0.0,0.0,0.0
9.651075601577759,-1.162174105644226,2.8414876461029053,0.0,0.0,-0.005901383701711893,-0.23996277153491974,0.0,0.0,-0.6178539710693313,-0.6318227087176091,0.23555949330329895,0.0748191624879837,0.0,0.0,0.0,0.0
9.653738260269165,-1.162174105644226,2.8414876461029053,0.0,0.0,-0.005901383701711893,-0.23996277153491974,0.0,0.0,-0.6192968998359633,-0.6332991558632735,0.2338273972272873,0.07683736085891724,0.0,0.0,0.0,0.0
9.656469106674194,-1.162174105644226,2.8414876461029053,0.0,0.0,-0.005901383701711893,-0.23996277153491974,0.0,0.0,-0.6201549422511596,-0.6340805647778055,0.2335125207901001,0.07746689021587372,0.0,0.0,0.0,0.0
9.65891408920288,-1.1820645332336426,2.579561471939087,0.0,0.0,-0.005949346348643303,-0.24024902284145355,0.0,0.0,-0.6203275431778239,-0.6347372628519162,0.23625926673412323,0.0787542462348938,0.0,0.0,0.0,0.0
9.660508155822754,-1.1820645332336426,2.579561471939087,0.0,0.0,-0.005949346348643303,-0.24024902284145355,0.0,0.0,-0.6205720026405418,-0.6346893259522948,0.23537211120128632,0.07308952510356903,0.0,0.0,0.0,0.0
9.662306785583496,-1.1820645332336426,2.579561471939087,0.0,0.0,-0.005949346348643303,-0.24024902284145355,0.0,0.0,-0.6206343112473739,-0.6346893259522948,0.2426835596561432,0.06538024544715881,0.0,0.0,0.0,0.0
9.663892984390259,-1.1820645332336426,2.579561471939087,0.0,0.0,-0.005949346348643303,-0.24024902284145355,0.0,0.0,-0.6206343112473739,-0.6346893259522948,0.2426835596561432,0.06538024544715881,0.0,0.0,0.0,0.0
9.665266990661621,-1.1820645332336426,2.579561471939087,0.0,0.0,-0.005949346348643303,-0.24024902284145355,0.0,0.0,-0.6205767776051525,-0.6346893259522948,0.24385665357112885,0.06538024544715881,0.0,0.0,0.0,0.0
9.66665530204773,-1.1820645332336426,2.579561471939087,0.0,0.0,-0.005949346348643303,-0.24024902284145355,0.0,0.0,-0.6205767776051525,-0.6346893259522948,0.24385665357112885,0.06538024544715881,0.0,0.0,0.0,0.0
9.668219566345215,-1.2321858406066895,1.946745753288269,0.0,0.0,-0.006115821655839682,-0.24083703756332397,0.0,0.0,-0.6205767776051525,-0.6346893259522948,0.24385665357112885,0.06538024544715881,0.0,0.0,0.0,0.0
9.669779062271118,-1.2321858406066895,1.946745753288269,0.0,0.0,-0.006115821655839682,-0.24083703756332397,0.0,0.0,-0.6205767776051525,-0.6346893259522948,0.24385665357112885,0.06538024544715881,0.0,0.0,0.0,0.0
9.671182870864868,-1.2321858406066895,1.946745753288269,0.0,0.0,-0.006115821655839682,-0.24083703756332397,0.0,0.0,-0.6205767776051525,-0.6346893259522948,0.24385665357112885,0.06538024544715881,0.0,0.0,0.0,0.0
9.672595024108887,-1.2321858406066895,1.946745753288269,0.0,0.0,-0.006115821655839682,-0.24083703756332397,0.0,0.0,-0.6205767776051525,-0.6346893259522948,0.2494376301765442,0.059797897934913635,0.0,0.0,0.0,0.0
9.674007415771484,-1.2321858406066895,1.946745753288269,0.0,0.0,-0.006115821655839682,-0.24083703756332397,0.0,0.0,-0.6205767776051525,-0.6346893259522948,0.2494376301765442,0.059797897934913635,0.0,0.0,0.0,0.0
9.675438165664673,-1.2321858406066895,1.946745753288269,0.0,0.0,-0.006115821655839682,-0.24083703756332397,0.0,0.0,-0.6205767776051525,-0.6346893259522948,0.2494376301765442,0.059797897934913635,0.0,0.0,0.0,0.0
9.67712926864624,-1.2321858406066895,1.946745753288269,0.0,0.0,-0.006115821655839682,-0.24083703756332397,0.0,0.0,-0.6205767776051525,-0.6346893259522948,0.2494376301765442,0.059797897934913635,0.0,0.0,0.0,0.0
9.678540706634521,-1.2493377923965454,1.4917018413543701,0.0,0.0,-0.00623442092910409,-0.2414715588092804,0.0,0.0,-0.6205767776051525,-0.6346893259522948,0.2494376301765442,0.059797897934913635,0.0,0.0,0.0,0.0
9.680004358291626,-1.2493377923965454,1.4917018413543701,0.0,0.0,-0.00623442092910409,-0.2414715588092804,0.0,0.0,-0.6205767776051525,-0.6346893259522948,0.2494376301765442,0.059797897934913635,0.0,0.0,0.0,0.0
9.681380271911621,-1.2493377923965454,1.4917018413543701,0.0,0.0,-0.00623442092910409,-0.2414715588092804,0.0,0.0,-0.6205767776051525,-0.6346893259522948,0.2494376301765442,0.059797897934913635,0.0,0.0,0.0,0.0
9.682778596878052,-1.2493377923965454,1.4917018413543701,0.0,0.0,-0.00623442092910409,-0.2414715588092804,0.0,0.0,-0.6205767776051525,-0.6346893259522948,0.2550811767578125,0.054152961820364,0.0,0.0,0.0,0.0
9.684356212615967,-1.2493377923965454,1.4917018413543701,0.0,0.0,-0.00623442092910409,-0.2414715588092804,0.0,0.0,-0.6205767776051525,-0.6346893259522948,0.2550811767578125,0.054152961820364,0.0,0.0,0.0,0.0
9.686405420303345,-1.2493377923965454,1.4917018413543701,0.0,0.0,-0.00623442092910409,-0.2414715588092804,0.0,0.0,-0.6205767776051525,-0.6346893259522948,0.2550811767578125,0.054152961820364,0.0,0.0,0.0,0.0
9.68878436088562,-1.2362525463104248,1.7016371488571167,0.0,0.0,-0.006258474197238684,-0.2415260672569275,0.0,0.0,-0.6205767776051525,-0.6346893259522948,0.2550811767578125,0.054152961820364,0.0,0.0,0.0,0.0
9.690721273422241,-1.2362525463104248,1.7016371488571167,0.0,0.0,-0.006258474197238684,-0.2415260672569275,0.0,0.0,-0.6205767776051525,-0.6346893259522948,0.2550811767578125,0.054152961820364,0.0,0.0,0.0,0.0
9.692657470703125,-1.2362525463104248,1.7016371488571167,0.0,0.0,-0.006258474197238684,-0.2415260672569275,0.0,0.0,-0.6205767776051525,-0.6346893259522948,0.2606760859489441,0.04855804517865181,0.0,0.0,0.0,0.0
9.695002794265747,-1.2362525463104248,1.7016371488571167,0.0,0.0,-0.006258474197238684,-0.2415260672569275,0.0,0.0,-0.6205767776051525,-0.6346893259522948,0.2606760859489441,0.04855804517865181,0.0,0.0,0.0,0.0
9.697317361831665,-1.2362525463104248,1.7016371488571167,0.0,0.0,-0.006258474197238684,-0.2415260672569275,0.0,0.0,-0.6205767776051525,-0.6346893259522948,0.2606760859489441,0.04855804517865181,0.0,0.0,0.0,0.0
9.699302911758423,-1.2335426807403564,1.8059970140457153,0.0,0.0,-0.006258474197238684,-0.2415260672569275,0.0,0.0,-0.6205767776051525,-0.6346893259522948,0.2606760859489441,0.04855804517865181,0.0,0.0,0.0,0.0
9.701606273651123,-1.2335426807403564,1.8059970140457153,0.0,0.0,-0.006258474197238684,-0.2415260672569275,0.0,0.0,-0.6205767776051525,-0.6346893259522948,0.26630815863609314,0.042925961315631866,0.0,0.0,0.0,0.0
9.703336715698242,-1.2335426807403564,1.8059970140457153,0.0,0.0,-0.006258474197238684,-0.2415260672569275,0.0,0.0,-0.6205767776051525,-0.6346893259522948,0.26630815863609314,0.042925961315631866,0.0,0.0,0.0,0.0
9.704844236373901,-1.2335426807403564,1.8059970140457153,0.0,0.0,-0.006258474197238684,-0.2415260672569275,0.0,0.0,-0.6205767776051525,-0.6346893259522948,0.26630815863609314,0.042925961315631866,0.0,0.0,0.0,0.0
9.706836700439453,-1.2335426807403564,1.8059970140457153,0.0,0.0,-0.006258474197238684,-0.2415260672569275,0.0,0.0,-0.6205767776051525,-0.6346893259522948,0.26630815863609314,0.042925961315631866,0.0,0.0,0.0,0.0
9.709508657455444,-1.2308025360107422,1.9115269184112549,0.0,0.0,-0.006258474197238684,-0.2415260672569275,0.0,0.0,-0.6205767776051525,-0.6346893259522948,0.26630815863609314,0.042925961315631866,0.0,0.0,0.0,0.0
9.711788177490234,-1.2308025360107422,1.9115269184112549,0.0,0.0,-0.006258474197238684,-0.2415260672569275,0.0,0.0,-0.6206678764397846,-0.6347660530797161,0.2719687521457672,0.03726538270711899,0.0,0.0,0.0,0.0
9.713812112808228,-1.2308025360107422,1.9115269184112549,0.0,0.0,-0.006258474197238684,-0.2415260672569275,0.0,0.0,-0.6206678764397846,-0.6347660530797161,0.2719687521457672,0.03726538270711899,0.0,0.0,0.0,0.0
9.716083526611328,-1.2308025360107422,1.9115269184112549,0.0,0.0,-0.006258474197238684,-0.2415260672569275,0.0,0.0,-0.6207541534964275,-0.634852330136359,0.27005186676979065,0.03906799480319023,0.0,0.0,0.0,0.0
9.71841812133789,-1.2280919551849365,2.0161349773406982,0.0,0.0,-0.006258474197238684,-0.2415260672569275,0.0,0.0,-0.6210657433439668,-0.6349434289709911,0.26664724946022034,0.03961142152547836,0.0,0.0,0.0,0.0
9.720682859420776,-1.2280919551849365,2.0161349773406982,0.0,0.0,-0.006258474197238684,-0.2415260672569275,0.0,0.0,-0.6212478941998525,-0.635346070839784,0.26630380749702454,0.043588243424892426,0.0,0.0,0.0,0.0
9.723226547241211,-1.2280919551849365,2.0161349773406982,0.0,0.0,-0.006258474197238684,-0.2415260672569275,0.0,0.0,-0.6211904073710096,-0.635346070839784,0.2730545401573181,0.036379918456077576,0.0,0.0,0.0,0.0
9.725564002990723,-1.2280919551849365,2.0161349773406982,0.0,0.0,-0.006258474197238684,-0.2415260672569275,0.0,0.0,-0.6211904073710096,-0.6353029557181519,0.2739412784576416,0.035292841494083405,0.0,0.0,0.0,0.0
9.727977514266968,-1.2253631353378296,2.1214375495910645,0.0,0.0,-0.006258474197238684,-0.2415260672569275,0.0,0.0,-0.6211904073710096,-0.6353029557181519,0.2739412784576416,0.035292841494083405,0.0,0.0,0.0,0.0
9.729802131652832,-1.2253631353378296,2.1214375495910645,0.0,0.0,-0.006258474197238684,-0.2415260672569275,0.0,0.0,-0.6211904073710096,-0.6353029557181519,0.2739412784576416,0.035292841494083405,0.0,0.0,0.0,0.0
9.731611728668213,-1.2253631353378296,2.1214375495910645,0.0,0.0,-0.006258474197238684,-0.2415260672569275,0.0,0.0,-0.6211904073710096,-0.6353029557181519,0.27958762645721436,0.02964930795133114,0.0,0.0,0.0,0.0
9.733551979064941,-1.2253631353378296,2.1214375495910645,0.0,0.0,-0.006258474197238684,-0.2415260672569275,0.0,0.0,-0.6213102496200632,-0.6353029557181519,0.2780713737010956,0.02964930795133114,0.0,0.0,0.0,0.0
9.735344648361206,-1.2253631353378296,2.1214375495910645,0.0,0.0,-0.006258474197238684,-0.2415260672569275,0.0,0.0,-0.6213102496200632,-0.6353029557181519,0.2780713737010956,0.02964930795133114,0.0,0.0,0.0,0.0
9.73682951927185,-1.2253631353378296,2.1214375495910645,0.0,0.0,-0.006258474197238684,-0.2415260672569275,0.0,0.0,-0.6214013016413168,-0.6354755098314375,0.27749916911125183,0.03148013725876808,0.0,0.0,0.0,0.0
9.738357305526733,-1.2229642868041992,2.192634105682373,0.0,0.0,-0.00625721737742424,-0.24154427647590637,0.0,0.0,-0.6217272631960667,-0.6357966964215769,0.27389422059059143,0.03517085686326027,0.0,0.0,0.0,0.0
9.739833116531372,-1.2229642868041992,2.192634105682373,0.0,0.0,-0.00625721737742424,-0.24154427647590637,0.0,0.0,-0.6217272631960667,-0.6357966964215769,0.27389422059059143,0.03517085686326027,0.0,0.0,0.0,0.0
9.741245985031128,-1.2229642868041992,2.192634105682373,0.0,0.0,-0.00625721737742424,-0.24154427647590637,0.0,0.0,-0.6217991685454989,-0.6359501038630411,0.27389419078826904,0.0352281890809536,0.0,0.0,0.0,0.0
9.742984771728516,-1.2229642868041992,2.192634105682373,0.0,0.0,-0.00625721737742424,-0.24154427647590637,0.0,0.0,-0.6218039903234882,-0.6359165386706304,0.28157469630241394,0.028949642553925514,0.0,0.0,0.0,0.0
9.74442434310913,-1.2229642868041992,2.192634105682373,0.0,0.0,-0.00625721737742424,-0.24154427647590637,0.0,0.0,-0.6218039903234882,-0.6359165386706304,0.28157469630241394,0.028949642553925514,0.0,0.0,0.0,0.0
9.745858192443848,-1.2229642868041992,2.192634105682373,0.0,0.0,-0.00625721737742424,-0.24154427647590637,0.0,0.0,-0.6218039903234882,-0.6359165386706304,0.28157469630241394,0.027662238106131554,0.0,0.0,0.0,0.0
9.747588157653809,-1.2229642868041992,2.192634105682373,0.0,0.0,-0.00625721737742424,-0.24154427647590637,0.0,0.0,-0.6218039903234882,-0.6359165386706304,0.28157469630241394,0.027662238106131554,0.0,0.0,0.0,0.0
9.749561309814453,-1.2213026285171509,2.2647273540496826,0.0,0.0,-0.006260172929614782,-0.2415916472673416,0.0,0.0,-0.6218039903234882,-0.6359165386706304,0.28157469630241394,0.027662238106131554,0.0,0.0,0.0,0.0
9.751131772994995,-1.2213026285171509,2.2647273540496826,0.0,0.0,-0.006260172929614782,-0.2415916472673416,0.0,0.0,-0.6219573977649524,-0.636045977662284,0.27982962131500244,0.02923574484884739,0.0,0.0,0.0,0.0
9.752579927444458,-1.2213026285171509,2.2647273540496826,0.0,0.0,-0.006260172929614782,-0.2415916472673416,0.0,0.0,-0.6219573977649524,-0.636045977662284,0.27982962131500244,0.02923574484884739,0.0,0.0,0.0,0.0
9.754013538360596,-1.2213026285171509,2.2647273540496826,0.0,0.0,-0.006260172929614782,-0.2415916472673416,0.0,0.0,-0.622058046528806,-0.6361466264261375,0.28485819697380066,0.024263041093945503,0.0,0.0,0.0,0.0
9.755691766738892,-1.2213026285171509,2.2647273540496826,0.0,0.0,-0.006260172929614782,-0.2415916472673416,0.0,0.0,-0.6222545690919025,-0.6364629912382875,0.2828267812728882,0.027724934741854668,0.0,0.0,0.0,0.0
9.75713300704956,-1.2213026285171509,2.2647273540496826,0.0,0.0,-0.006260172929614782,-0.2415916472673416,0.0,0.0,-0.6222545690919025,-0.6364629912382875,0.2828267812728882,0.027724934741854668,0.0,0.0,0.0,0.0
9.758538722991943,-1.2183940410614014,2.3337838649749756,0.0,0.0,-0.006256095599383116,-0.2416122555732727,0.0,0.0,-0.6224463166903882,-0.6365348965877197,0.28173965215682983,0.027896540239453316,0.0,0.0,0.0,0.0
9.760227918624878,-1.2183940410614014,2.3337838649749756,0.0,0.0,-0.006256095599383116,-0.2416122555732727,0.0,0.0,-0.622412798311356,-0.636530121623109,0.28225451707839966,0.02572210505604744,0.0,0.0,0.0,0.0
9.761629819869995,-1.2183940410614014,2.3337838649749756,0.0,0.0,-0.006256095599383116,-0.2416122555732727,0.0,0.0,-0.622412798311356,-0.636530121623109,0.28225451707839966,0.02572210505604744,0.0,0.0,0.0,0.0
9.763018131256104,-1.2183940410614014,2.3337838649749756,0.0,0.0,-0.006256095599383116,-0.2416122555732727,0.0,0.0,-0.6224175732759667,-0.6366643355793732,0.2891823649406433,0.02168392762541771,0.0,0.0,0.0,0.0
9.764603614807129,-1.2183940410614014,2.3337838649749756,0.0,0.0,-0.006256095599383116,-0.2416122555732727,0.0,0.0,-0.6224175732759667,-0.6367458376714054,0.2891823649406433,0.022198855876922607,0.0,0.0,0.0,0.0
9.76596474647522,-1.2183940410614014,2.3337838649749756,0.0,0.0,-0.006256095599383116,-0.2416122555732727,0.0,0.0,-0.6224175732759667,-0.6367458376714054,0.2891823649406433,0.022198855876922607,0.0,0.0,0.0,0.0
9.767587423324585,-1.2183940410614014,2.3337838649749756,0.0,0.0,-0.006256095599383116,-0.2416122555732727,0.0,0.0,-0.6225757556820417,-0.6368417114706482,0.2874370515346527,0.022742561995983124,0.0,0.0,0.0,0.0
9.769341945648193,-1.2172526121139526,2.4080727100372314,0.0,0.0,-0.006261872127652168,-0.24165721237659454,0.0,0.0,-0.6226716294812845,-0.6368369365060375,0.28686484694480896,0.021884310990571976,0.0,0.0,0.0,0.0
9.770720481872559,-1.2172526121139526,2.4080727100372314,0.0,0.0,-0.006261872127652168,-0.24165721237659454,0.0,0.0,-0.6226716294812845,-0.6368369365060375,0.28686484694480896,0.021884310990571976,0.0,0.0,0.0,0.0
9.772072076797485,-1.2172526121139526,2.4080727100372314,0.0,0.0,-0.006261872127652168,-0.24165721237659454,0.0,0.0,-0.6226716294812845,-0.6368369365060375,0.28686484694480896,0.021884310990571976,0.0,0.0,0.0,0.0
9.773710250854492,-1.2172526121139526,2.4080727100372314,0.0,0.0,-0.006261872127652168,-0.24165721237659454,0.0,0.0,-0.6227675032805274,-0.6369183917846911,0.29183921217918396,0.01631062477827072,0.0,0.0,0.0,0.0
9.775075674057007,-1.2172526121139526,2.4080727100372314,0.0,0.0,-0.006261872127652168,-0.24165721237659454,0.0,0.0,-0.6227243881588953,-0.6370047156547125,0.29292628169059753,0.018141455948352814,0.0,0.0,0.0,0.0
9.776423454284668,-1.2172526121139526,2.4080727100372314,0.0,0.0,-0.006261872127652168,-0.24165721237659454,0.0,0.0,-0.6227243881588953,-0.6370047156547125,0.29292628169059753,0.018141455948352814,0.0,0.0,0.0,0.0
9.777762651443481,-1.2172526121139526,2.4080727100372314,0.0,0.0,-0.006261872127652168,-0.24165721237659454,0.0,0.0,-0.6227243881588953,-0.637105364418566,0.29292628169059753,0.018713660538196564,0.0,0.0,0.0,0.0
9.77949857711792,-1.2219898700714111,2.419898748397827,0.0,0.0,-0.006274777930229902,-0.24171018600463867,0.0,0.0,-0.6227243881588953,-0.6371916414752089,0.29292628169059753,0.01925736665725708,0.0,0.0,0.0,0.0
9.78085994720459,-1.2219898700714111,2.419898748397827,0.0,0.0,-0.006274777930229902,-0.24171018600463867,0.0,0.0,-0.6227243881588953,-0.6371916414752089,0.29292628169059753,0.01925736665725708,0.0,0.0,0.0,0.0
9.782206058502197,-1.2219898700714111,2.419898748397827,0.0,0.0,-0.006274777930229902,-0.24171018600463867,0.0,0.0,-0.6227243881588953,-0.6371437045755874,0.29862961173057556,0.012438186444342136,0.0,0.0,0.0,0.0
9.78354001045227,-1.2219898700714111,2.419898748397827,0.0,0.0,-0.006274777930229902,-0.24171018600463867,0.0,0.0,-0.6227243881588953,-0.6371437045755874,0.29862961173057556,0.012438186444342136,0.0,0.0,0.0,0.0
9.784872055053711,-1.2219898700714111,2.419898748397827,0.0,0.0,-0.006274777930229902,-0.24171018600463867,0.0,0.0,-0.622877748786981,-0.6371437045755874,0.29688456654548645,0.012438186444342136,0.0,0.0,0.0,0.0
9.786273717880249,-1.2219898700714111,2.419898748397827,0.0,0.0,-0.006274777930229902,-0.24171018600463867,0.0,0.0,-0.6229640726570024,-0.637263546824641,0.29636964201927185,0.014011693187057972,0.0,0.0,0.0,0.0
9.787626266479492,-1.2219898700714111,2.419898748397827,0.0,0.0,-0.006274777930229902,-0.24171018600463867,0.0,0.0,-0.6229640726570024,-0.637263546824641,0.29636964201927185,0.014011693187057972,0.0,0.0,0.0,0.0
9.789451122283936,-1.2222485542297363,2.5314536094665527,0.0,0.0,-0.006289920303970575,-0.2417336106300354,0.0,0.0,-0.6230455279356559,-0.6373498238812839,0.2958832085132599,0.014498122036457062,0.0,0.0,0.0,0.0
9.79079556465149,-1.2222485542297363,2.5314536094665527,0.0,0.0,-0.006289920303970575,-0.2417336106300354,0.0,0.0,-0.6230311562284453,-0.6374361477513053,0.2967987358570099,0.015041829086840153,0.0,0.0,0.0,0.0
9.792118549346924,-1.2222485542297363,2.5314536094665527,0.0,0.0,-0.006289920303970575,-0.2417336106300354,0.0,0.0,-0.6230311562284453,-0.6374361477513053,0.2967987358570099,0.015041829086840153,0.0,0.0,0.0,0.0
9.793936014175415,-1.2222485542297363,2.5314536094665527,0.0,0.0,-0.006289920303970575,-0.2417336106300354,0.0,0.0,-0.6231749669273096,-0.6376710104714232,0.3007681965827942,0.011584237217903137,0.0,0.0,0.0,0.0
9.795250415802002,-1.2222485542297363,2.5314536094665527,0.0,0.0,-0.006289920303970575,-0.2417336106300354,0.0,0.0,-0.6231749669273096,-0.6376710104714232,0.3007681965827942,0.011584237217903137,0.0,0.0,0.0,0.0
9.796640396118164,-1.2222485542297363,2.5314536094665527,0.0,0.0,-0.006289920303970575,-0.2417336106300354,0.0,0.0,-0.6232804374691524,-0.637776481013266,0.3001387119293213,0.011355187743902206,0.0,0.0,0.0,0.0
9.79827356338501,-1.2189468145370483,2.604689598083496,0.0,0.0,-0.006284941919147968,-0.24176397919654846,0.0,0.0,-0.6232804374691524,-0.637776481013266,0.3001387119293213,0.011355187743902206,0.0,0.0,0.0,0.0
9.799613952636719,-1.2189468145370483,2.604689598083496,0.0,0.0,-0.006284941919147968,-0.24176397919654846,0.0,0.0,-0.6234482166178273,-0.637757287528066,0.2996237874031067,0.010439660400152206,0.0,0.0,0.0,0.0
9.801207780838013,-1.2189468145370483,2.604689598083496,0.0,0.0,-0.006284941919147968,-0.24176397919654846,0.0,0.0,-0.623630367473713,-0.6378771297771196,0.2972777187824249,0.011984669603407383,0.0,0.0,0.0,0.0
9.80256724357605,-1.2189468145370483,2.604689598083496,0.0,0.0,-0.006284941919147968,-0.24176397919654846,0.0,0.0,-0.623630367473713,-0.6378771297771196,0.2972777187824249,0.011984669603407383,0.0,0.0,0.0,0.0
9.803956031799316,-1.2189468145370483,2.604689598083496,0.0,0.0,-0.006284941919147968,-0.24176397919654846,0.0,0.0,-0.6236974978585345,-0.6382845934239018,0.30329588055610657,0.011261142790317535,0.0,0.0,0.0,0.0
9.806169033050537,-1.2189468145370483,2.604689598083496,0.0,0.0,-0.006284941919147968,-0.24176397919654846,0.0,0.0,-0.6236447391809238,-0.6384332259007552,0.3044404983520508,0.010488443076610565,0.0,0.0,0.0,0.0
9.807616233825684,-1.2189468145370483,2.604689598083496,0.0,0.0,-0.006284941919147968,-0.24176397919654846,0.0,0.0,-0.6236447391809238,-0.6384332259007552,0.3044404983520508,0.010488443076610565,0.0,0.0,0.0,0.0
9.80922269821167,-1.2093167304992676,2.6950647830963135,0.0,0.0,-0.0062835607677698135,-0.241779625415802,0.0,0.0,-0.6237837749151773,-0.6385770365996195,0.30278095602989197,0.01134674996137619,0.0,0.0,0.0,0.0
9.811368703842163,-1.2093167304992676,2.6950647830963135,0.0,0.0,-0.0062835607677698135,-0.241779625415802,0.0,0.0,-0.6238796487144203,-0.6387495907129053,0.30223751068115234,0.012376886792480946,0.0,0.0,0.0,0.0
9.812988996505737,-1.2093167304992676,2.6950647830963135,0.0,0.0,-0.0062835607677698135,-0.241779625415802,0.0,0.0,-0.6238796487144203,-0.6387495907129053,0.30223751068115234,0.012376886792480946,0.0,0.0,0.0,0.0
9.815015316009521,-1.2093167304992676,2.6950647830963135,0.0,0.0,-0.0062835607677698135,-0.241779625415802,0.0,0.0,-0.6242152070117702,-0.6389509350539909,0.3041931390762329,0.007760413456708193,0.0,0.0,0.0,0.0
9.816429615020752,-1.2093167304992676,2.6950647830963135,0.0,0.0,-0.0062835607677698135,-0.241779625415802,0.0,0.0,-0.6242918873258131,-0.6391234891672767,0.3053659200668335,0.008962098509073257,0.0,0.0,0.0,0.0
9.818104267120361,-1.2201237678527832,2.7403385639190674,0.0,0.0,-0.006312551908195019,-0.24182292819023132,0.0,0.0,-0.6242918873258131,-0.6391234891672767,0.3053659200668335,0.008962098509073257,0.0,0.0,0.0,0.0
9.820235013961792,-1.2201237678527832,2.7403385639190674,0.0,0.0,-0.006312551908195019,-0.24182292819023132,0.0,0.0,-0.6243686144532344,-0.6395214028848374,0.3049367666244507,0.013110470958054066,0.0,0.0,0.0,0.0
9.821655988693237,-1.2201237678527832,2.7403385639190674,0.0,0.0,-0.006312551908195019,-0.24182292819023132,0.0,0.0,-0.6246322674011523,-0.6396028581634909,0.30430757999420166,0.01225227676331997,0.0,0.0,0.0,0.0
9.823052406311035,-1.2201237678527832,2.7403385639190674,0.0,0.0,-0.006312551908195019,-0.24182292819023132,0.0,0.0,-0.6246322674011523,-0.6396028581634909,0.30430757999420166,0.01225227676331997,0.0,0.0,0.0,0.0
9.824458122253418,-1.2201237678527832,2.7403385639190674,0.0,0.0,-0.006312551908195019,-0.24182292819023132,0.0,0.0,-0.6249342605060916,-0.6395980831988802,0.3056337237358093,0.004488788545131683,0.0,0.0,0.0,0.0
9.82586669921875,-1.2201237678527832,2.7403385639190674,0.0,0.0,-0.006312551908195019,-0.24182292819023132,0.0,0.0,-0.6249342605060916,-0.6395980831988802,0.3056337237358093,0.004488788545131683,0.0,0.0,0.0,0.0
9.827286958694458,-1.2201237678527832,2.7403385639190674,0.0,0.0,-0.006312551908195019,-0.24182292819023132,0.0,0.0,-0.6249390354707023,-0.6395980831988802,0.3072359263896942,0.004488788545131683,0.0,0.0,0.0,0.0
9.828769207000732,-1.2280688285827637,2.767974853515625,0.0,0.0,-0.006325092166662216,-0.2418832629919052,0.0,0.0,-0.6249390354707023,-0.6395980831988802,0.3072359263896942,0.004488788545131683,0.0,0.0,0.0,0.0
9.83026647567749,-1.2280688285827637,2.767974853515625,0.0,0.0,-0.006325092166662216,-0.2418832629919052,0.0,0.0,-0.6250205375627345,-0.639770637312166,0.3067207336425781,0.006319899577647448,0.0,0.0,0.0,0.0
9.832691669464111,-1.2280688285827637,2.767974853515625,0.0,0.0,-0.006325092166662216,-0.2418832629919052,0.0,0.0,-0.6251164113619773,-0.6398665111114088,0.31176915764808655,0.0012714788317680359,0.0,0.0,0.0,0.0
9.83473014831543,-1.2280688285827637,2.767974853515625,0.0,0.0,-0.006325092166662216,-0.2418832629919052,0.0,0.0,-0.6252122851612202,-0.6401014206449052,0.3111969530582428,0.0035602415446192026,0.0,0.0,0.0,0.0
9.83677625656128,-1.2280688285827637,2.767974853515625,0.0,0.0,-0.006325092166662216,-0.2418832629919052,0.0,0.0,-0.6252122851612202,-0.6401014206449052,0.3111969530582428,0.0035602415446192026,0.0,0.0,0.0,0.0
9.839357137680054,-1.2156720161437988,2.8096587657928467,0.0,0.0,-0.0063447426073253155,-0.2419460117816925,0.0,0.0,-0.6251787199688095,-0.6402356346011695,0.3122270107269287,0.0034460241440683603,0.0,0.0,0.0,0.0
9.841955661773682,-1.2156720161437988,2.8096587657928467,0.0,0.0,-0.0063447426073253155,-0.2419460117816925,0.0,0.0,-0.6252985622178631,-0.6402116661513588,0.3106819987297058,0.0025017186999320984,0.0,0.0,0.0,0.0
9.843799114227295,-1.2156720161437988,2.8096587657928467,0.0,0.0,-0.0063447426073253155,-0.2419460117816925,0.0,0.0,-0.6254040327597059,-0.6402116661513588,0.3157072365283966,-0.0031529925763607025,0.0,0.0,0.0,0.0
9.845752716064453,-1.2156720161437988,2.8096587657928467,0.0,0.0,-0.0063447426073253155,-0.2419460117816925,0.0,0.0,-0.6255095033015488,-0.6403315084004123,0.3150777518749237,-0.001636482891626656,0.0,0.0,0.0,0.0
9.847590684890747,-1.2156720161437988,2.8096587657928467,0.0,0.0,-0.0063447426073253155,-0.2419460117816925,0.0,0.0,-0.6255095033015488,-0.6403315084004123,0.3150777518749237,-0.001636482891626656,0.0,0.0,0.0,0.0
9.849505186080933,-1.2351223230361938,2.7699365615844727,0.0,0.0,-0.006374682765454054,-0.24200226366519928,0.0,0.0,-0.625485534851738,-0.6406095330555409,0.31605055928230286,0.0003661775554064661,0.0,0.0,0.0,0.0
9.851179122924805,-1.2351223230361938,2.7699365615844727,0.0,0.0,-0.006374682765454054,-0.24200226366519928,0.0,0.0,-0.6256101520654023,-0.6408971544532694,0.3144770860671997,0.00342747219838202,0.0,0.0,0.0,0.0
9.85356616973877,-1.2351223230361938,2.7699365615844727,0.0,0.0,-0.006374682765454054,-0.24200226366519928,0.0,0.0,-0.6257108476426344,-0.6410218184803123,0.31955987215042114,-0.002426393097266555,0.0,0.0,0.0,0.0
9.855367660522461,-1.2351223230361938,2.7699365615844727,0.0,0.0,-0.006374682765454054,-0.24200226366519928,0.0,0.0,-0.6257108476426344,-0.6410218184803123,0.31955987215042114,-0.002426393097266555,0.0,0.0,0.0,0.0
9.859099626541138,-1.2161394357681274,2.942624568939209,0.0,0.0,-0.006349015049636364,-0.24204286932945251,0.0,0.0,-0.6262429285030808,-0.6415059624411373,0.3155829608440399,0.0005204047192819417,0.0,0.0,0.0,0.0
9.861566543579102,-1.2161394357681274,2.942624568939209,0.0,0.0,-0.006349015049636364,-0.24204286932945251,0.0,0.0,-0.6264538695867665,-0.641865489188298,0.3143240213394165,0.0016648138407617807,0.0,0.0,0.0,0.0
9.864366292953491,-1.2161394357681274,2.942624568939209,0.0,0.0,-0.006349015049636364,-0.24204286932945251,0.0,0.0,-0.6266264237000523,-0.6420620585647729,0.31908881664276123,-0.0005276685114949942,0.0,0.0,0.0,0.0
9.866578578948975,-1.2161394357681274,2.942624568939209,0.0,0.0,-0.006349015049636364,-0.24204286932945251,0.0,0.0,-0.6267271192772843,-0.6422633560924801,0.31917455792427063,-0.0006421653088182211,0.0,0.0,0.0,0.0
9.868489980697632,-1.2117984294891357,3.021353006362915,0.0,0.0,-0.0063568842597305775,-0.24207642674446106,0.0,0.0,-0.6267271192772843,-0.6422633560924801,0.31917455792427063,-0.0006421653088182211,0.0,0.0,0.0,0.0
9.87013554573059,-1.2117984294891357,3.021353006362915,0.0,0.0,-0.0063568842597305775,-0.24207642674446106,0.0,0.0,-0.6269619819974022,-0.6425462025255979,0.31702885031700134,0.0018754232442006469,0.0,0.0,0.0,0.0
9.87169075012207,-1.2117984294891357,3.021353006362915,0.0,0.0,-0.0063568842597305775,-0.24207642674446106,0.0,0.0,-0.6273215087445629,-0.6426708197392622,0.31967979669570923,-0.0033503584563732147,0.0,0.0,0.0,0.0
9.873449087142944,-1.2117984294891357,3.021353006362915,0.0,0.0,-0.0063568842597305775,-0.24207642674446106,0.0,0.0,-0.6273215087445629,-0.6426708197392622,0.31967979669570923,-0.0033503584563732147,0.0,0.0,0.0,0.0
9.87532925605774,-1.2117984294891357,3.021353006362915,0.0,0.0,-0.0063568842597305775,-0.24207642674446106,0.0,0.0,-0.6274557227008272,-0.6427619185738943,0.3196224868297577,-0.004122834652662277,0.0,0.0,0.0,0.0
9.87704610824585,-1.2117984294891357,3.021353006362915,0.0,0.0,-0.0063568842597305775,-0.24207642674446106,0.0,0.0,-0.6276570670419129,-0.6432316908275086,0.3184208273887634,0.0011986683821305633,0.0,0.0,0.0,0.0
9.8787522315979,-1.228823184967041,3.0521726608276367,0.0,0.0,-0.0064194099977612495,-0.24213436245918274,0.0,0.0,-0.6276570670419129,-0.6432316908275086,0.3184208273887634,0.0011986683821305633,0.0,0.0,0.0,0.0
9.880271196365356,-1.228823184967041,3.0521726608276367,0.0,0.0,-0.0064194099977612495,-0.24213436245918274,0.0,0.0,-0.6276283236274914,-0.6434953437754265,0.3189644515514374,0.0019427579827606678,0.0,0.0,0.0,0.0
9.882193565368652,-1.228823184967041,3.0521726608276367,0.0,0.0,-0.0064194099977612495,-0.24213436245918274,0.0,0.0,-0.6277769092909664,-0.6437542217587336,0.32421013712882996,-0.002100113546475768,0.0,0.0,0.0,0.0
9.883879899978638,-1.228823184967041,3.0521726608276367,0.0,0.0,-0.0064194099977612495,-0.24213436245918274,0.0,0.0,-0.6277769092909664,-0.6437542217587336,0.32421013712882996,-0.002100113546475768,0.0,0.0,0.0,0.0
9.885349988937378,-1.228823184967041,3.0521726608276367,0.0,0.0,-0.0064194099977612495,-0.24213436245918274,0.0,0.0,-0.6286014333271307,-0.6442096223051371,0.31548401713371277,0.001361836097203195,0.0,0.0,0.0,0.0
9.88694143295288,-1.228823184967041,3.0521726608276367,0.0,0.0,-0.0064194099977612495,-0.24213436245918274,0.0,0.0,-0.6286014333271307,-0.6442096223051371,0.31548401713371277,0.001361836097203195,0.0,0.0,0.0,0.0
9.890155553817749,-1.2345155477523804,3.031463384628296,0.0,0.0,-0.00643724761903286,-0.24223822355270386,0.0,0.0,-0.6291527076727771,-0.6450868582055336,0.31425365805625916,0.007427205331623554,0.0,0.0,0.0,0.0
9.891848802566528,-1.2345155477523804,3.031463384628296,0.0,0.0,-0.00643724761903286,-0.24223822355270386,0.0,0.0,-0.6291527076727771,-0.6450868582055336,0.31425365805625916,0.007427205331623554,0.0,0.0,0.0,0.0
9.893380165100098,-1.2345155477523804,3.031463384628296,0.0,0.0,-0.00643724761903286,-0.24223822355270386,0.0,0.0,-0.6295793648047592,-0.6457436030930228,0.31711024045944214,0.007544719614088535,0.0,0.0,0.0,0.0
9.894839763641357,-1.2345155477523804,3.031463384628296,0.0,0.0,-0.00643724761903286,-0.24223822355270386,0.0,0.0,-0.6295793648047592,-0.6457436030930228,0.31711024045944214,0.007544719614088535,0.0,0.0,0.0,0.0
9.896306037902832,-1.2345155477523804,3.031463384628296,0.0,0.0,-0.00643724761903286,-0.24223822355270386,0.0,0.0,-0.6301401890796271,-0.6463332175956906,0.3125041723251343,0.00886079017072916,0.0,0.0,0.0,0.0
9.89778470993042,-1.2345155477523804,3.031463384628296,0.0,0.0,-0.00643724761903286,-0.24223822355270386,0.0,0.0,-0.6301401890796271,-0.6463332175956906,0.3125041723251343,0.00886079017072916,0.0,0.0,0.0,0.0
9.900579929351807,-1.224193811416626,3.0640270709991455,0.0,0.0,-0.00642863754183054,-0.24230799078941345,0.0,0.0,-0.6307298503956734,-0.6472632121736978,0.30944281816482544,0.016957540065050125,0.0,0.0,0.0,0.0
9.90242052078247,-1.224193811416626,3.0640270709991455,0.0,0.0,-0.00642863754183054,-0.24230799078941345,0.0,0.0,-0.631511212496827,-0.6481883849737156,0.3040069341659546,0.025597773492336273,0.0,0.0,0.0,0.0
9.904699087142944,-1.224193811416626,3.0640270709991455,0.0,0.0,-0.00642863754183054,-0.24230799078941345,0.0,0.0,-0.6323644799474126,-0.6495641833555261,0.3026432991027832,0.025818221271038055,0.0,0.0,0.0,0.0
9.906806707382202,-1.224193811416626,3.0640270709991455,0.0,0.0,-0.00642863754183054,-0.24230799078941345,0.0,0.0,-0.6336587762371911,-0.6510406305011904,0.292515367269516,0.039036259055137634,0.0,0.0,0.0,0.0
9.908433675765991,-1.2457680702209473,3.096837282180786,0.0,0.0,-0.00650692218914628,-0.24238793551921844,0.0,0.0,-0.6336587762371911,-0.6510406305011904,0.292515367269516,0.039036259055137634,0.0,0.0,0.0,0.0
9.910097122192383,-1.2457680702209473,3.096837282180786,0.0,0.0,-0.00650692218914628,-0.24238793551921844,0.0,0.0,-0.6348667954703269,-0.6528238925297831,0.28333142399787903,0.052998051047325134,0.0,0.0,0.0,0.0
9.911701202392578,-1.2457680702209473,3.096837282180786,0.0,0.0,-0.00650692218914628,-0.24238793551921844,0.0,0.0,-0.6348667954703269,-0.6528238925297831,0.28333142399787903,0.052998051047325134,0.0,0.0,0.0,0.0
9.913168668746948,-1.2457680702209473,3.096837282180786,0.0,0.0,-0.00650692218914628,-0.24238793551921844,0.0,0.0,-0.6367794496771946,-0.6550337648769795,0.2752358317375183,0.06029248610138893,0.0,0.0,0.0,0.0
9.915007829666138,-1.2457680702209473,3.096837282180786,0.0,0.0,-0.00650692218914628,-0.24238793551921844,0.0,0.0,-0.639099614344223,-0.6573011708663973,0.25795531272888184,0.07702936232089996,0.0,0.0,0.0,0.0
9.917367219924927,-1.2457680702209473,3.096837282180786,0.0,0.0,-0.00650692218914628,-0.24238793551921844,0.0,0.0,-0.6410842207139015,-0.6595925453056257,0.2455383688211441,0.09219294786453247,0.0,0.0,0.0,0.0
9.920212268829346,-1.259022831916809,2.9425599575042725,0.0,0.0,-0.00653501320630312,-0.24258917570114136,0.0,0.0,-0.6430016966987586,-0.6616107168677149,0.2360399216413498,0.10031824558973312,0.0,0.0,0.0,0.0
9.922585010528564,-1.259022831916809,2.9425599575042725,0.0,0.0,-0.00653501320630312,-0.24258917570114136,0.0,0.0,-0.6440563084904299,-0.6629337565719149,0.23847627639770508,0.10082865506410599,0.0,0.0,0.0,0.0
9.924161434173584,-1.259022831916809,2.9425599575042725,0.0,0.0,-0.00653501320630312,-0.24258917570114136,0.0,0.0,-0.6440563084904299,-0.6629337565719149,0.23847627639770508,0.10082865506410599,0.0,0.0,0.0,0.0
9.925767183303833,-1.259022831916809,2.9425599575042725,0.0,0.0,-0.00653501320630312,-0.24258917570114136,0.0,0.0,-0.6448520422987942,-0.6639020913069433,0.23864780366420746,0.10380418598651886,0.0,0.0,0.0,0.0
9.927560329437256,-1.259022831916809,2.9425599575042725,0.0,0.0,-0.00653501320630312,-0.24258917570114136,0.0,0.0,-0.6451396636965228,-0.6641609692902505,0.23950618505477905,0.09916909784078598,0.0,0.0,0.0,0.0
9.929502964019775,-1.2795568704605103,2.64003849029541,0.0,0.0,-0.006670280359685421,-0.24293702840805054,0.0,0.0,-0.6451396636965228,-0.6641609692902505,0.23950618505477905,0.09916909784078598,0.0,0.0,0.0,0.0
9.931090831756592,-1.2795568704605103,2.64003849029541,0.0,0.0,-0.006670280359685421,-0.24293702840805054,0.0,0.0,-0.6451396636965228,-0.6641561475122612,0.24331134557724,0.09519238770008087,0.0,0.0,0.0,0.0
9.932598352432251,-1.2795568704605103,2.64003849029541,0.0,0.0,-0.006670280359685421,-0.24293702840805054,0.0,0.0,-0.6451204702113228,-0.6641417758050505,0.24995312094688416,0.08858079463243484,0.0,0.0,0.0,0.0
9.934140920639038,-1.2795568704605103,2.64003849029541,0.0,0.0,-0.006670280359685421,-0.24293702840805054,0.0,0.0,-0.6451204702113228,-0.6641417758050505,0.24995312094688416,0.08858079463243484,0.0,0.0,0.0,0.0
9.935592651367188,-1.2795568704605103,2.64003849029541,0.0,0.0,-0.006670280359685421,-0.24293702840805054,0.0,0.0,-0.6451204702113228,-0.6637535056434684,0.24995312094688416,0.08377422392368317,0.0,0.0,0.0,0.0
9.937099695205688,-1.2795568704605103,2.64003849029541,0.0,0.0,-0.006670280359685421,-0.24293702840805054,0.0,0.0,-0.6451204702113228,-0.6637535056434684,0.24995312094688416,0.08377422392368317,0.0,0.0,0.0,0.0
9.93869137763977,-1.3257761001586914,1.7452495098114014,0.0,0.0,-0.006813493091613054,-0.24370136857032776,0.0,0.0,-0.6451204702113228,-0.6636624068088363,0.24995312094688416,0.08360261470079422,0.0,0.0,0.0,0.0
9.940258026123047,-1.3257761001586914,1.7452495098114014,0.0,0.0,-0.006813493091613054,-0.24370136857032776,0.0,0.0,-0.6451204702113228,-0.6636767785160469,0.24995312094688416,0.08580555021762848,0.0,0.0,0.0,0.0
9.941701889038086,-1.3257761001586914,1.7452495098114014,0.0,0.0,-0.006813493091613054,-0.24370136857032776,0.0,0.0,-0.6451204702113228,-0.6636767785160469,0.24995312094688416,0.08580555021762848,0.0,0.0,0.0,0.0
9.943095684051514,-1.3257761001586914,1.7452495098114014,0.0,0.0,-0.006813493091613054,-0.24370136857032776,0.0,0.0,-0.6451204702113228,-0.6636767785160469,0.2556164860725403,0.08013938367366791,0.0,0.0,0.0,0.0
9.944506645202637,-1.3257761001586914,1.7452495098114014,0.0,0.0,-0.006813493091613054,-0.24370136857032776,0.0,0.0,-0.6451204702113228,-0.6636767785160469,0.2556164860725403,0.08013938367366791,0.0,0.0,0.0,0.0
9.945913314819336,-1.3257761001586914,1.7452495098114014,0.0,0.0,-0.006813493091613054,-0.24370136857032776,0.0,0.0,-0.6451204702113228,-0.6636767785160469,0.2556164860725403,0.08013938367366791,0.0,0.0,0.0,0.0
9.947422504425049,-1.3257761001586914,1.7452495098114014,0.0,0.0,-0.006813493091613054,-0.24370136857032776,0.0,0.0,-0.6451204702113228,-0.6636767785160469,0.2556164860725403,0.08013938367366791,0.0,0.0,0.0,0.0
9.948943853378296,-1.3641326427459717,1.3155534267425537,0.0,0.0,-0.006935340818017721,-0.24435171484947205,0.0,0.0,-0.6451204702113228,-0.6636767785160469,0.2556164860725403,0.08013938367366791,0.0,0.0,0.0,0.0
9.950518131256104,-1.3641326427459717,1.3155534267425537,0.0,0.0,-0.006935340818017721,-0.24435171484947205,0.0,0.0,-0.6451204702113228,-0.6636767785160469,0.2556164860725403,0.08013938367366791,0.0,0.0,0.0,0.0
9.951957941055298,-1.3641326427459717,1.3155534267425537,0.0,0.0,-0.006935340818017721,-0.24435171484947205,0.0,0.0,-0.6451204702113228,-0.6636767785160469,0.2556164860725403,0.08013938367366791,0.0,0.0,0.0,0.0
9.953381299972534,-1.3641326427459717,1.3155534267425537,0.0,0.0,-0.006935340818017721,-0.24435171484947205,0.0,0.0,-0.6451204702113228,-0.6636767785160469,0.26131394505500793,0.0744447112083435,0.0,0.0,0.0,0.0
9.954801559448242,-1.3641326427459717,1.3155534267425537,0.0,0.0,-0.006935340818017721,-0.24435171484947205,0.0,0.0,-0.6451204702113228,-0.6636767785160469,0.26131394505500793,0.0744447112083435,0.0,0.0,0.0,0.0
9.956250667572021,-1.3641326427459717,1.3155534267425537,0.0,0.0,-0.006935340818017721,-0.24435171484947205,0.0,0.0,-0.6451204702113228,-0.6636767785160469,0.26131394505500793,0.0744447112083435,0.0,0.0,0.0,0.0
9.957672595977783,-1.3641326427459717,1.3155534267425537,0.0,0.0,-0.006935340818017721,-0.24435171484947205,0.0,0.0,-0.6451204702113228,-0.6636767785160469,0.26131394505500793,0.0744447112083435,0.0,0.0,0.0,0.0
9.959125280380249,-1.320340633392334,1.6107852458953857,0.0,0.0,-0.006884601432830095,-0.24435947835445404,0.0,0.0,-0.6451204702113228,-0.6636767785160469,0.26131394505500793,0.0744447112083435,0.0,0.0,0.0,0.0
9.960553646087646,-1.320340633392334,1.6107852458953857,0.0,0.0,-0.006884601432830095,-0.24435947835445404,0.0,0.0,-0.6451204702113228,-0.6636767785160469,0.26131394505500793,0.0744447112083435,0.0,0.0,0.0,0.0
9.961980819702148,-1.320340633392334,1.6107852458953857,0.0,0.0,-0.006884601432830095,-0.24435947835445404,0.0,0.0,-0.6451204702113228,-0.6636767785160469,0.26131394505500793,0.0744447112083435,0.0,0.0,0.0,0.0
9.964167594909668,-1.320340633392334,1.6107852458953857,0.0,0.0,-0.006884601432830095,-0.24435947835445404,0.0,0.0,-0.6451204702113228,-0.6636767785160469,0.26700302958488464,0.0687556341290474,0.0,0.0,0.0,0.0
9.965770959854126,-1.320340633392334,1.6107852458953857,0.0,0.0,-0.006884601432830095,-0.24435947835445404,0.0,0.0,-0.6451204702113228,-0.6636767785160469,0.26700302958488464,0.0687556341290474,0.0,0.0,0.0,0.0
9.967387199401855,-1.320340633392334,1.6107852458953857,0.0,0.0,-0.006884601432830095,-0.24435947835445404,0.0,0.0,-0.6451204702113228,-0.6636767785160469,0.26700302958488464,0.0687556341290474,0.0,0.0,0.0,0.0
9.968954801559448,-1.3262455463409424,1.6989150047302246,0.0,0.0,-0.006875107530504465,-0.2443556785583496,0.0,0.0,-0.6451204702113228,-0.6636767785160469,0.26700302958488464,0.0687556341290474,0.0,0.0,0.0,0.0
9.970361232757568,-1.3262455463409424,1.6989150047302246,0.0,0.0,-0.006875107530504465,-0.2443556785583496,0.0,0.0,-0.6451204702113228,-0.6636767785160469,0.26700302958488464,0.0687556341290474,0.0,0.0,0.0,0.0
9.972128868103027,-1.3262455463409424,1.6989150047302246,0.0,0.0,-0.006875107530504465,-0.2443556785583496,0.0,0.0,-0.6451204702113228,-0.6636767785160469,0.2727261781692505,0.06303247064352036,0.0,0.0,0.0,0.0
9.973743915557861,-1.3262455463409424,1.6989150047302246,0.0,0.0,-0.006875107530504465,-0.2443556785583496,0.0,0.0,-0.6451204702113228,-0.6636767785160469,0.2727261781692505,0.06303247064352036,0.0,0.0,0.0,0.0
9.975351572036743,-1.3262455463409424,1.6989150047302246,0.0,0.0,-0.006875107530504465,-0.2443556785583496,0.0,0.0,-0.6451204702113228,-0.6636767785160469,0.2727261781692505,0.06303247064352036,0.0,0.0,0.0,0.0
9.976994514465332,-1.3262455463409424,1.6989150047302246,0.0,0.0,-0.006875107530504465,-0.2443556785583496,0.0,0.0,-0.6451204702113228,-0.6636767785160469,0.2727261781692505,0.06303247064352036,0.0,0.0,0.0,0.0
9.979148149490356,-1.3232241868972778,1.8067026138305664,0.0,0.0,-0.006875107530504465,-0.2443556785583496,0.0,0.0,-0.6451204702113228,-0.6636767785160469,0.2727261781692505,0.06303247064352036,0.0,0.0,0.0,0.0
9.980796337127686,-1.3232241868972778,1.8067026138305664,0.0,0.0,-0.006875107530504465,-0.2443556785583496,0.0,0.0,-0.6451204702113228,-0.6636767785160469,0.2727261781692505,0.06303247064352036,0.0,0.0,0.0,0.0
9.98250937461853,-1.3232241868972778,1.8067026138305664,0.0,0.0,-0.006875107530504465,-0.2443556785583496,0.0,0.0,-0.6451204702113228,-0.663935656499354,0.27839794754981995,0.05736071988940239,0.0,0.0,0.0,0.0
9.984114408493042,-1.3232241868972778,1.8067026138305664,0.0,0.0,-0.006875107530504465,-0.2443556785583496,0.0,0.0,-0.6451204702113228,-0.663935656499354,0.27839794754981995,0.05736071988940239,0.0,0.0,0.0,0.0
9.986173152923584,-1.3232241868972778,1.8067026138305664,0.0,0.0,-0.006875107530504465,-0.2443556785583496,0.0,0.0,-0.6451204702113228,-0.6641465507696612,0.27839794754981995,0.06311137229204178,0.0,0.0,0.0,0.0
9.987780570983887,-1.3232241868972778,1.8067026138305664,0.0,0.0,-0.006875107530504465,-0.2443556785583496,0.0,0.0,-0.6452355374957656,-0.6642089061898719,0.2768814265727997,0.06133759766817093,0.0,0.0,0.0,0.0
9.989392518997192,-1.320195198059082,1.9143577814102173,0.0,0.0,-0.006875107530504465,-0.2443556785583496,0.0,0.0,-0.6452355374957656,-0.6642089061898719,0.2768814265727997,0.06133759766817093,0.0,0.0,0.0,0.0
9.990920782089233,-1.320195198059082,1.9143577814102173,0.0,0.0,-0.006875107530504465,-0.2443556785583496,0.0,0.0,-0.6453314112950085,-0.6641417758050505,0.27633801102638245,0.060135964304208755,0.0,0.0,0.0,0.0
9.992497444152832,-1.320195198059082,1.9143577814102173,0.0,0.0,-0.006875107530504465,-0.2443556785583496,0.0,0.0,-0.6454272850942513,-0.6641417758050505,0.28145459294319153,0.05441839247941971,0.0,0.0,0.0,0.0
9.994088649749756,-1.320195198059082,1.9143577814102173,0.0,0.0,-0.006875107530504465,-0.2443556785583496,0.0,0.0,-0.6454272850942513,-0.6641417758050505,0.28145459294319153,0.05441839247941971,0.0,0.0,0.0,0.0
9.996170997619629,-1.320195198059082,1.9143577814102173,0.0,0.0,-0.006875107530504465,-0.2443556785583496,0.0,0.0,-0.6455135621508942,-0.6642808115393041,0.28228434920310974,0.05607767030596733,0.0,0.0,0.0,0.0
9.997811317443848,-1.320195198059082,1.9143577814102173,0.0,0.0,-0.006875107530504465,-0.2443556785583496,0.0,0.0,-0.6456142577281263,-0.6643814603031576,0.28033897280693054,0.05664987489581108,0.0,0.0,0.0,0.0
9.999681949615479,-1.317148208618164,2.022657632827759,0.0,0.0,-0.006875107530504465,-0.2443556785583496,0.0,0.0,-0.6457005347847692,-0.664755358757529,0.27982375025749207,0.06065547838807106,0.0,0.0,0.0,0.0
10.001266956329346,-1.317148208618164,2.022657632827759,0.0,0.0,-0.006875107530504465,-0.2443556785583496,0.0,0.0,-0.6457005347847692,-0.664755358757529,0.27982375025749207,0.06065547838807106,0.0,0.0,0.0,0.0
10.0027437210083,-1.317148208618164,2.022657632827759,0.0,0.0,-0.006875107530504465,-0.2443556785583496,0.0,0.0,-0.6458730888980548,-0.664784148985329,0.28499484062194824,0.053395744413137436,0.0,0.0,0.0,0.0
10.004714488983154,-1.317148208618164,2.022657632827759,0.0,0.0,-0.006875107530504465,-0.2443556785583496,0.0,0.0,-0.6460648364965406,-0.6648752010065826,0.28250575065612793,0.05391095206141472,0.0,0.0,0.0,0.0
10.006274938583374,-1.317148208618164,2.022657632827759,0.0,0.0,-0.006875107530504465,-0.2443556785583496,0.0,0.0,-0.6460648364965406,-0.6648752010065826,0.28250575065612793,0.05391095206141472,0.0,0.0,0.0,0.0
10.007828950881958,-1.317148208618164,2.022657632827759,0.0,0.0,-0.006875107530504465,-0.2443556785583496,0.0,0.0,-0.6460408680467299,-0.6651244822472897,0.28304940462112427,0.054511651396751404,0.0,0.0,0.0,0.0
10.009215831756592,-1.3385388851165771,2.0767757892608643,0.0,0.0,-0.006933195516467094,-0.24437886476516724,0.0,0.0,-0.6460408680467299,-0.6651244822472897,0.28304940462112427,0.054511651396751404,0.0,0.0,0.0,0.0
10.010549545288086,-1.3385388851165771,2.0767757892608643,0.0,0.0,-0.006933195516467094,-0.24437886476516724,0.0,0.0,-0.6460408680467299,-0.665426475352229,0.2843083143234253,0.058889131993055344,0.0,0.0,0.0,0.0
10.01189136505127,-1.3385388851165771,2.0767757892608643,0.0,0.0,-0.006933195516467094,-0.24437886476516724,0.0,0.0,-0.6460408680467299,-0.665426475352229,0.2843083143234253,0.058889131993055344,0.0,0.0,0.0,0.0
10.013251304626465,-1.3385388851165771,2.0767757892608643,0.0,0.0,-0.006933195516467094,-0.24437886476516724,0.0,0.0,-0.6460408680467299,-0.6654312971302183,0.290042906999588,0.05149221047759056,0.0,0.0,0.0,0.0
10.014832019805908,-1.3385388851165771,2.0767757892608643,0.0,0.0,-0.006933195516467094,-0.24437886476516724,0.0,0.0,-0.6461655320737727,-0.6654504438020398,0.2884979248046875,0.05031908303499222,0.0,0.0,0.0,0.0
10.016241550445557,-1.3385388851165771,2.0767757892608643,0.0,0.0,-0.006933195516467094,-0.24437886476516724,0.0,0.0,-0.6461655320737727,-0.6654504438020398,0.2884979248046875,0.05031908303499222,0.0,0.0,0.0,0.0
10.01807165145874,-1.3228553533554077,2.179837226867676,0.0,0.0,-0.006902402266860008,-0.24440757930278778,0.0,0.0,-0.6464243632437012,-0.6655511393792718,0.2878684401512146,0.0522647500038147,0.0,0.0,0.0,0.0
10.020040512084961,-1.3228553533554077,2.179837226867676,0.0,0.0,-0.006902402266860008,-0.24440757930278778,0.0,0.0,-0.6464243632437012,-0.6655511393792718,0.2878684401512146,0.0522647500038147,0.0,0.0,0.0,0.0
10.02150559425354,-1.3228553533554077,2.179837226867676,0.0,0.0,-0.006902402266860008,-0.24440757930278778,0.0,0.0,-0.6466496760345977,-0.6656565631077361,0.2834624648094177,0.05280817300081253,0.0,0.0,0.0,0.0
10.022995710372925,-1.3228553533554077,2.179837226867676,0.0,0.0,-0.006902402266860008,-0.24440757930278778,0.0,0.0,-0.6468510203756834,-0.6658579074488219,0.2893199622631073,0.04918378219008446,0.0,0.0,0.0,0.0
10.024472713470459,-1.3228553533554077,2.179837226867676,0.0,0.0,-0.006902402266860008,-0.24440757930278778,0.0,0.0,-0.6468510203756834,-0.6658579074488219,0.2893199622631073,0.04918378219008446,0.0,0.0,0.0,0.0
10.026261806488037,-1.3228553533554077,2.179837226867676,0.0,0.0,-0.006902402266860008,-0.24440757930278778,0.0,0.0,-0.6469564909175263,-0.6660496550473075,0.2881755530834198,0.050328195095062256,0.0,0.0,0.0,0.0
10.027647256851196,-1.3228553533554077,2.179837226867676,0.0,0.0,-0.006902402266860008,-0.24440757930278778,0.0,0.0,-0.646961265882137,-0.6661982875241611,0.29026418924331665,0.051214996725320816,0.0,0.0,0.0,0.0
10.029335498809814,-1.313860297203064,2.202826738357544,0.0,0.0,-0.0069092982448637486,-0.24446792900562286,0.0,0.0,-0.646961265882137,-0.6661982875241611,0.29026418924331665,0.051214996725320816,0.0,0.0,0.0,0.0
10.030685186386108,-1.313860297203064,2.202826738357544,0.0,0.0,-0.0069092982448637486,-0.24446792900562286,0.0,0.0,-0.6470475429387799,-0.6666105261355539,0.29026418924331665,0.055821292102336884,0.0,0.0,0.0,0.0
10.032047271728516,-1.313860297203064,2.202826738357544,0.0,0.0,-0.0069092982448637486,-0.24446792900562286,0.0,0.0,-0.6470475429387799,-0.6666105261355539,0.29026418924331665,0.055821292102336884,0.0,0.0,0.0,0.0
10.033390283584595,-1.313860297203064,2.202826738357544,0.0,0.0,-0.0069092982448637486,-0.24446792900562286,0.0,0.0,-0.6471530134806227,-0.6666440913279646,0.29403331875801086,0.04733143374323845,0.0,0.0,0.0,0.0
10.034726858139038,-1.313860297203064,2.202826738357544,0.0,0.0,-0.0069092982448637486,-0.24446792900562286,0.0,0.0,-0.6471530134806227,-0.6666440913279646,0.29403331875801086,0.04733143374323845,0.0,0.0,0.0,0.0
10.036058187484741,-1.313860297203064,2.202826738357544,0.0,0.0,-0.0069092982448637486,-0.24446792900562286,0.0,0.0,-0.6476419792194369,-0.666701624970186,0.2894270122051239,0.047646038234233856,0.0,0.0,0.0,0.0
10.037410736083984,-1.313860297203064,2.202826738357544,0.0,0.0,-0.0069092982448637486,-0.24446792900562286,0.0,0.0,-0.6476419792194369,-0.666701624970186,0.2894270122051239,0.047646038234233856,0.0,0.0,0.0,0.0
10.038864612579346,-1.3312816619873047,2.2983345985412598,0.0,0.0,-0.006981033366173506,-0.2444939911365509,0.0,0.0,-0.6476419792194369,-0.6672289308660218,0.29111501574516296,0.053196363151073456,0.0,0.0,0.0,0.0
10.040487289428711,-1.3312816619873047,2.2983345985412598,0.0,0.0,-0.006981033366173506,-0.2444939911365509,0.0,0.0,-0.6476419792194369,-0.6672289308660218,0.29111501574516296,0.053196363151073456,0.0,0.0,0.0,0.0
10.042437076568604,-1.3312816619873047,2.2983345985412598,0.0,0.0,-0.006981033366173506,-0.2444939911365509,0.0,0.0,-0.6475748488346155,-0.6677226715694468,0.29231664538383484,0.056257717311382294,0.0,0.0,0.0,0.0
10.04407525062561,-1.3312816619873047,2.2983345985412598,0.0,0.0,-0.006981033366173506,-0.2444939911365509,0.0,0.0,-0.6477234813114691,-0.6678904507181217,0.29632633924484253,0.049902111291885376,0.0,0.0,0.0,0.0
10.045536518096924,-1.3312816619873047,2.2983345985412598,0.0,0.0,-0.006981033366173506,-0.2444939911365509,0.0,0.0,-0.6477234813114691,-0.6678904507181217,0.29632633924484253,0.049902111291885376,0.0,0.0,0.0,0.0
10.04695987701416,-1.3312816619873047,2.2983345985412598,0.0,0.0,-0.006981033366173506,-0.2444939911365509,0.0,0.0,-0.6480206526384191,-0.6678233203333003,0.29286444187164307,0.04915841296315193,0.0,0.0,0.0,0.0
10.04892349243164,-1.3185195922851562,2.3134055137634277,0.0,0.0,-0.006936016958206892,-0.2445605844259262,0.0,0.0,-0.6482172220148941,-0.6679815027393753,0.2912335991859436,0.04961606487631798,0.0,0.0,0.0,0.0
10.050363779067993,-1.3185195922851562,2.3134055137634277,0.0,0.0,-0.006936016958206892,-0.2445605844259262,0.0,0.0,-0.6482172220148941,-0.6679815027393753,0.2912335991859436,0.04961606487631798,0.0,0.0,0.0,0.0
10.051772832870483,-1.3185195922851562,2.3134055137634277,0.0,0.0,-0.006936016958206892,-0.2445605844259262,0.0,0.0,-0.6484904717054119,-0.6680821983166074,0.29534605145454407,0.04444526880979538,0.0,0.0,0.0,0.0
10.0532066822052,-1.3185195922851562,2.3134055137634277,0.0,0.0,-0.006936016958206892,-0.2445605844259262,0.0,0.0,-0.6484904717054119,-0.6680821983166074,0.29534605145454407,0.04444526880979538,0.0,0.0,0.0,0.0
10.054628133773804,-1.3185195922851562,2.3134055137634277,0.0,0.0,-0.006936016958206892,-0.2445605844259262,0.0,0.0,-0.6485527803122441,-0.6684704684781896,0.2971198260784149,0.04845086857676506,0.0,0.0,0.0,0.0
10.056484460830688,-1.3185195922851562,2.3134055137634277,0.0,0.0,-0.006936016958206892,-0.2445605844259262,0.0,0.0,-0.6484952466700226,-0.6685807139846431,0.29826417565345764,0.04827909544110298,0.0,0.0,0.0,0.0
10.05817699432373,-1.32752525806427,2.376842498779297,0.0,0.0,-0.006996841635555029,-0.2446163147687912,0.0,0.0,-0.6484952466700226,-0.6685807139846431,0.29826417565345764,0.04827909544110298,0.0,0.0,0.0,0.0
10.05964469909668,-1.32752525806427,2.376842498779297,0.0,0.0,-0.006996841635555029,-0.2446163147687912,0.0,0.0,-0.6486007172118654,-0.6689786277022038,0.29683372378349304,0.052198637276887894,0.0,0.0,0.0,0.0
10.06110668182373,-1.32752525806427,2.376842498779297,0.0,0.0,-0.006996841635555029,-0.2446163147687912,0.0,0.0,-0.6486007172118654,-0.6689786277022038,0.29683372378349304,0.052198637276887894,0.0,0.0,0.0,0.0
10.06302261352539,-1.32752525806427,2.376842498779297,0.0,0.0,-0.006996841635555029,-0.2446163147687912,0.0,0.0,-0.6489410504738261,-0.6692230871649216,0.3019472360610962,0.04731399938464165,0.0,0.0,0.0,0.0
10.064469337463379,-1.32752525806427,2.376842498779297,0.0,0.0,-0.006996841635555029,-0.2446163147687912,0.0,0.0,-0.6491376198503012,-0.6695107085626503,0.29848557710647583,0.04757138341665268,0.0,0.0,0.0,0.0
10.06594443321228,-1.32752525806427,2.376842498779297,0.0,0.0,-0.006996841635555029,-0.2446163147687912,0.0,0.0,-0.6491376198503012,-0.6695107085626503,0.29848557710647583,0.04757138341665268,0.0,0.0,0.0,0.0
10.067378759384155,-1.32752525806427,2.376842498779297,0.0,0.0,-0.006996841635555029,-0.2446163147687912,0.0,0.0,-0.6494443879198512,-0.6697311995755574,0.29539549350738525,0.04937376827001572,0.0,0.0,0.0,0.0
10.068825960159302,-1.3460817337036133,2.376246213912964,0.0,0.0,-0.007082254160195589,-0.24470971524715424,0.0,0.0,-0.6494443879198512,-0.6697311995755574,0.29539549350738525,0.04937376827001572,0.0,0.0,0.0,0.0
10.071239948272705,-1.3460817337036133,2.376246213912964,0.0,0.0,-0.007082254160195589,-0.24470971524715424,0.0,0.0,-0.6494156445054297,-0.6699038005022216,0.2971980571746826,0.050460901111364365,0.0,0.0,0.0,0.0
10.072776794433594,-1.3460817337036133,2.376246213912964,0.0,0.0,-0.007082254160195589,-0.24470971524715424,0.0,0.0,-0.6495834236541047,-0.6704742215196895,0.30242919921875,0.04977906495332718,0.0,0.0,0.0,0.0
10.074903726577759,-1.3460817337036133,2.376246213912964,0.0,0.0,-0.007082254160195589,-0.24470971524715424,0.0,0.0,-0.649904610244244,-0.6708912819090715,0.2988242506980896,0.05341256409883499,0.0,0.0,0.0,0.0
10.076383590698242,-1.3460817337036133,2.376246213912964,0.0,0.0,-0.007082254160195589,-0.24470971524715424,0.0,0.0,-0.649904610244244,-0.6708912819090715,0.2988242506980896,0.05341256409883499,0.0,0.0,0.0,0.0
10.078001737594604,-1.3426271677017212,2.398068904876709,0.0,0.0,-0.007053939625620842,-0.2447848618030548,0.0,0.0,-0.6502928804058261,-0.6715336550893501,0.29567718505859375,0.05864806845784187,0.0,0.0,0.0,0.0
10.079344987869263,-1.3426271677017212,2.398068904876709,0.0,0.0,-0.007053939625620842,-0.2447848618030548,0.0,0.0,-0.6502928804058261,-0.6715336550893501,0.29567718505859375,0.05864806845784187,0.0,0.0,0.0,0.0
10.080664157867432,-1.3426271677017212,2.398068904876709,0.0,0.0,-0.007053939625620842,-0.2447848618030548,0.0,0.0,-0.6506476321883761,-0.6720801076570073,0.2931022644042969,0.060851167887449265,0.0,0.0,0.0,0.0
10.081992149353027,-1.3426271677017212,2.398068904876709,0.0,0.0,-0.007053939625620842,-0.2447848618030548,0.0,0.0,-0.6506476321883761,-0.6720801076570073,0.2931022644042969,0.060851167887449265,0.0,0.0,0.0,0.0
10.08333706855774,-1.3426271677017212,2.398068904876709,0.0,0.0,-0.007053939625620842,-0.2447848618030548,0.0,0.0,-0.6509112851362939,-0.6722335150984715,0.2985076904296875,0.05375605449080467,0.0,0.0,0.0,0.0
10.084700584411621,-1.3426271677017212,2.398068904876709,0.0,0.0,-0.007053939625620842,-0.2447848618030548,0.0,0.0,-0.6509112851362939,-0.6722335150984715,0.2985076904296875,0.05375605449080467,0.0,0.0,0.0,0.0
10.086360692977905,-1.3426271677017212,2.398068904876709,0.0,0.0,-0.007053939625620842,-0.2447848618030548,0.0,0.0,-0.651457737703951,-0.6729094534711608,0.2934437394142151,0.058820005506277084,0.0,0.0,0.0,0.0
10.088160037994385,-1.3552453517913818,2.4559528827667236,0.0,0.0,-0.007100270129740238,-0.24484369158744812,0.0,0.0,-0.652138451041251,-0.6734942461958393,0.2886943221092224,0.062482066452503204,0.0,0.0,0.0,0.0
10.089513778686523,-1.3552453517913818,2.4559528827667236,0.0,0.0,-0.007100270129740238,-0.24484369158744812,0.0,0.0,-0.652138451041251,-0.6734942461958393,0.2886943221092224,0.062482066452503204,0.0,0.0,0.0,0.0
10.090873003005981,-1.3552453517913818,2.4559528827667236,0.0,0.0,-0.007100270129740238,-0.24484369158744812,0.0,0.0,-0.6524021039891689,-0.6744194658092357,0.2887802720069885,0.07072186470031738,0.0,0.0,0.0,0.0
10.092253923416138,-1.3552453517913818,2.4559528827667236,0.0,0.0,-0.007100270129740238,-0.24484369158744812,0.0,0.0,-0.6524021039891689,-0.6744194658092357,0.2887802720069885,0.07072186470031738,0.0,0.0,0.0,0.0
10.09362006187439,-1.3552453517913818,2.4559528827667236,0.0,0.0,-0.007100270129740238,-0.24484369158744812,0.0,0.0,-0.6530924140690688,-0.6753398168312642,0.2889726161956787,0.07147534191608429,0.0,0.0,0.0,0.0
10.094975471496582,-1.3552453517913818,2.4559528827667236,0.0,0.0,-0.007100270129740238,-0.24484369158744812,0.0,0.0,-0.6530924140690688,-0.6753398168312642,0.2889726161956787,0.07147534191608429,0.0,0.0,0.0,0.0
10.096724271774292,-1.3552453517913818,2.4559528827667236,0.0,0.0,-0.007100270129740238,-0.24484369158744812,0.0,0.0,-0.6537107719861581,-0.6762410679948498,0.2840801477432251,0.0763675794005394,0.0,0.0,0.0,0.0
10.098691940307617,-1.3664575815200806,2.4390041828155518,0.0,0.0,-0.00717767933383584,-0.24494126439094543,0.0,0.0,-0.6547606088132187,-0.6776647564629035,0.276326984167099,0.08875580877065659,0.0,0.0,0.0,0.0
10.100080490112305,-1.3664575815200806,2.4390041828155518,0.0,0.0,-0.00717767933383584,-0.24494126439094543,0.0,0.0,-0.6547606088132187,-0.6776647564629035,0.276326984167099,0.08875580877065659,0.0,0.0,0.0,0.0
10.10145902633667,-1.3664575815200806,2.4390041828155518,0.0,0.0,-0.00717767933383584,-0.24494126439094543,0.0,0.0,-0.6557672837052687,-0.6789255343736498,0.2706049382686615,0.09550776332616806,0.0,0.0,0.0,0.0
10.102824211120605,-1.3664575815200806,2.4390041828155518,0.0,0.0,-0.00717767933383584,-0.24494126439094543,0.0,0.0,-0.6557672837052687,-0.6789255343736498,0.2706049382686615,0.09550776332616806,0.0,0.0,0.0,0.0
10.104421854019165,-1.3664575815200806,2.4390041828155518,0.0,0.0,-0.00717767933383584,-0.24494126439094543,0.0,0.0,-0.6570232398380258,-0.6802389773352497,0.26717883348464966,0.0966750904917717,0.0,0.0,0.0,0.0
10.105900526046753,-1.3664575815200806,2.4390041828155518,0.0,0.0,-0.00717767933383584,-0.24494126439094543,0.0,0.0,-0.6570232398380258,-0.6802389773352497,0.26717883348464966,0.0966750904917717,0.0,0.0,0.0,0.0
10.108328342437744,-1.367364525794983,2.366105556488037,0.0,0.0,-0.007235385477542877,-0.24510221183300018,0.0,0.0,-0.6581497569791293,-0.6818784286649782,0.2588246464729309,0.10814785212278366,0.0,0.0,0.0,0.0
10.109745979309082,-1.367364525794983,2.366105556488037,0.0,0.0,-0.007235385477542877,-0.24510221183300018,0.0,0.0,-0.6594488282335185,-0.6828659100718282,0.25158601999282837,0.11095153540372849,0.0,0.0,0.0,0.0
10.1111478805542,-1.367364525794983,2.366105556488037,0.0,0.0,-0.007235385477542877,-0.24510221183300018,0.0,0.0,-0.6594488282335185,-0.6828659100718282,0.25158601999282837,0.11095153540372849,0.0,0.0,0.0,0.0
10.112534523010254,-1.367364525794983,2.366105556488037,0.0,0.0,-0.007235385477542877,-0.24510221183300018,0.0,0.0,-0.6605130367677898,-0.6838821817064781,0.25029101967811584,0.11032965034246445,0.0,0.0,0.0,0.0
10.113910436630249,-1.367364525794983,2.366105556488037,0.0,0.0,-0.007235385477542877,-0.24510221183300018,0.0,0.0,-0.6605130367677898,-0.6838821817064781,0.25029101967811584,0.11032965034246445,0.0,0.0,0.0,0.0
10.115492582321167,-1.367364525794983,2.366105556488037,0.0,0.0,-0.007235385477542877,-0.24510221183300018,0.0,0.0,-0.6615484550742613,-0.6847690143494745,0.24642880260944366,0.11505039781332016,0.0,0.0,0.0,0.0
10.11736249923706,-1.367364525794983,2.366105556488037,0.0,0.0,-0.007235385477542877,-0.24510221183300018,0.0,0.0,-0.6620517925202862,-0.6851285410966352,0.24571339786052704,0.11516483873128891,0.0,0.0,0.0,0.0
10.119452953338623,-1.4056437015533447,2.111640214920044,0.0,0.0,-0.007357087451964617,-0.2453768402338028,0.0,0.0,-0.6620517925202862,-0.6851285410966352,0.24571339786052704,0.11516483873128891,0.0,0.0,0.0,0.0
10.12125825881958,-1.4056437015533447,2.111640214920044,0.0,0.0,-0.007357087451964617,-0.2453768402338028,0.0,0.0,-0.6623202672461933,-0.6856175068354494,0.24691516160964966,0.11771131306886673,0.0,0.0,0.0,0.0
10.122669696807861,-1.4056437015533447,2.111640214920044,0.0,0.0,-0.007357087451964617,-0.2453768402338028,0.0,0.0,-0.6623250422108041,-0.685655846992471,0.2549898624420166,0.10929159075021744,0.0,0.0,0.0,0.0
10.124084234237671,-1.4056437015533447,2.111640214920044,0.0,0.0,-0.007357087451964617,-0.2453768402338028,0.0,0.0,-0.6623250422108041,-0.685655846992471,0.2549898624420166,0.10929159075021744,0.0,0.0,0.0,0.0
10.125459671020508,-1.4056437015533447,2.111640214920044,0.0,0.0,-0.007357087451964617,-0.2453768402338028,0.0,0.0,-0.6623010737609933,-0.6856175068354494,0.25596266984939575,0.10820450633764267,0.0,0.0,0.0,0.0
10.126863241195679,-1.4056437015533447,2.111640214920044,0.0,0.0,-0.007357087451964617,-0.2453768402338028,0.0,0.0,-0.6623010737609933,-0.6856175068354494,0.25596266984939575,0.10820450633764267,0.0,0.0,0.0,0.0
10.128289937973022,-1.4291975498199463,1.6695213317871094,0.0,0.0,-0.007489968556910753,-0.2458367645740509,0.0,0.0,-0.6623010737609933,-0.6856175068354494,0.25596266984939575,0.10820450633764267,0.0,0.0,0.0,0.0
10.129785060882568,-1.4291975498199463,1.6695213317871094,0.0,0.0,-0.007489968556910753,-0.2458367645740509,0.0,0.0,-0.6623010737609933,-0.6856175068354494,0.25596266984939575,0.10820450633764267,0.0,0.0,0.0,0.0
10.131678819656372,-1.4291975498199463,1.6695213317871094,0.0,0.0,-0.007489968556910753,-0.2458367645740509,0.0,0.0,-0.6623010737609933,-0.6856175068354494,0.25596266984939575,0.10820450633764267,0.0,0.0,0.0,0.0
10.133368492126465,-1.4291975498199463,1.6695213317871094,0.0,0.0,-0.007489968556910753,-0.2458367645740509,0.0,0.0,-0.6623825758530255,-0.6856175068354494,0.2617056667804718,0.10245982557535172,0.0,0.0,0.0,0.0
10.134755611419678,-1.4291975498199463,1.6695213317871094,0.0,0.0,-0.007489968556910753,-0.2458367645740509,0.0,0.0,-0.6623825758530255,-0.6856175068354494,0.2617056667804718,0.10245982557535172,0.0,0.0,0.0,0.0
10.136937856674194,-1.4291975498199463,1.6695213317871094,0.0,0.0,-0.007489968556910753,-0.2458367645740509,0.0,0.0,-0.6624784496522683,-0.6856175068354494,0.2598172724246979,0.10245982557535172,0.0,0.0,0.0,0.0
10.138838052749634,-1.4225190877914429,1.3806023597717285,0.0,0.0,-0.007520254701375961,-0.24620983004570007,0.0,0.0,-0.6625839201941112,-0.6856175068354494,0.25915929675102234,0.10245982557535172,0.0,0.0,0.0,0.0
10.14072585105896,-1.4225190877914429,1.3806023597717285,0.0,0.0,-0.007520254701375961,-0.24620983004570007,0.0,0.0,-0.6627900394998076,-0.6856990089274816,0.2571851313114166,0.10245982557535172,0.0,0.0,0.0,0.0
10.142271280288696,-1.4225190877914429,1.3806023597717285,0.0,0.0,-0.007520254701375961,-0.24620983004570007,0.0,0.0,-0.6627900394998076,-0.6856990089274816,0.2571851313114166,0.10245982557535172,0.0,0.0,0.0,0.0
10.14375615119934,-1.4225190877914429,1.3806023597717285,0.0,0.0,-0.007520254701375961,-0.24620983004570007,0.0,0.0,-0.6629817870982934,-0.6858044794693244,0.26177534461021423,0.09861527383327484,0.0,0.0,0.0,0.0
10.145228385925293,-1.4225190877914429,1.3806023597717285,0.0,0.0,-0.007520254701375961,-0.24620983004570007,0.0,0.0,-0.6629817870982934,-0.6858044794693244,0.26177534461021423,0.09861527383327484,0.0,0.0,0.0,0.0
10.146680355072021,-1.4225190877914429,1.3806023597717285,0.0,0.0,-0.007520254701375961,-0.24620983004570007,0.0,0.0,-0.6629146567134719,-0.6860968758316637,0.26383522152900696,0.10058943927288055,0.0,0.0,0.0,0.0
10.148168563842773,-1.4225190877914429,1.3806023597717285,0.0,0.0,-0.007520254701375961,-0.24620983004570007,0.0,0.0,-0.6629146567134719,-0.6860968758316637,0.26383522152900696,0.10058943927288055,0.0,0.0,0.0,0.0
10.150560855865479,-1.4345638751983643,1.4370402097702026,0.0,0.0,-0.007521284278482199,-0.24639755487442017,0.0,0.0,-0.6629146567134719,-0.6862933983947601,0.26383522152900696,0.10236333310604095,0.0,0.0,0.0,0.0
10.151987075805664,-1.4345638751983643,1.4370402097702026,0.0,0.0,-0.007521284278482199,-0.24639755487442017,0.0,0.0,-0.6629146567134719,-0.686231089787928,0.2695639729499817,0.09594787657260895,0.0,0.0,0.0,0.0
10.153435707092285,-1.4345638751983643,1.4370402097702026,0.0,0.0,-0.007521284278482199,-0.24639755487442017,0.0,0.0,-0.6629146567134719,-0.686231089787928,0.2695639729499817,0.09594787657260895,0.0,0.0,0.0,0.0
10.154875755310059,-1.4345638751983643,1.4370402097702026,0.0,0.0,-0.007521284278482199,-0.24639755487442017,0.0,0.0,-0.6630824358621469,-0.686231089787928,0.26776134967803955,0.09460319578647614,0.0,0.0,0.0,0.0
10.156848192214966,-1.4345638751983643,1.4370402097702026,0.0,0.0,-0.007521284278482199,-0.24639755487442017,0.0,0.0,-0.6633652822952647,-0.686231089787928,0.26438552141189575,0.09460319578647614,0.0,0.0,0.0,0.0
10.158936500549316,-1.4302119016647339,1.5663933753967285,0.0,0.0,-0.007509506307542324,-0.2463989108800888,0.0,0.0,-0.6633652822952647,-0.686231089787928,0.26438552141189575,0.09460319578647614,0.0,0.0,0.0,0.0
10.160773754119873,-1.4302119016647339,1.5663933753967285,0.0,0.0,-0.007509506307542324,-0.2463989108800888,0.0,0.0,-0.6635809983435612,-0.6863701255221816,0.2639278173446655,0.09623397886753082,0.0,0.0,0.0,0.0
10.16256332397461,-1.4302119016647339,1.5663933753967285,0.0,0.0,-0.007509506307542324,-0.2463989108800888,0.0,0.0,-0.6635282396659504,-0.6868830597108065,0.2716647684574127,0.09616424143314362,0.0,0.0,0.0,0.0
10.164894580841064,-1.4302119016647339,1.5663933753967285,0.0,0.0,-0.007509506307542324,-0.2463989108800888,0.0,0.0,-0.6636049667933719,-0.6872713298723887,0.2716647684574127,0.0983387753367424,0.0,0.0,0.0,0.0
10.166828393936157,-1.4302119016647339,1.5663933753967285,0.0,0.0,-0.007509506307542324,-0.2463989108800888,0.0,0.0,-0.6639453000553326,-0.6875206111130958,0.26980486512184143,0.09902532398700714,0.0,0.0,0.0,0.0
10.168679475784302,-1.4138436317443848,1.6033412218093872,0.0,0.0,-0.007459934800863266,-0.2464415580034256,0.0,0.0,-0.6639453000553326,-0.6875206111130958,0.26980486512184143,0.09902532398700714,0.0,0.0,0.0,0.0
10.170387029647827,-1.4138436317443848,1.6033412218093872,0.0,0.0,-0.007459934800863266,-0.2464415580034256,0.0,0.0,-0.6643048268024933,-0.6875157893351065,0.2637111246585846,0.09730880707502365,0.0,0.0,0.0,0.0
10.172109842300415,-1.4138436317443848,1.6033412218093872,0.0,0.0,-0.007459934800863266,-0.2464415580034256,0.0,0.0,-0.6644917994363683,-0.6876068881697387,0.27003487944602966,0.0921279639005661,0.0,0.0,0.0,0.0
10.174018383026123,-1.4138436317443848,1.6033412218093872,0.0,0.0,-0.007459934800863266,-0.2464415580034256,0.0,0.0,-0.6644917994363683,-0.6876068881697387,0.27003487944602966,0.0921279639005661,0.0,0.0,0.0,0.0
10.175939798355103,-1.4138436317443848,1.6033412218093872,0.0,0.0,-0.007459934800863266,-0.2464415580034256,0.0,0.0,-0.6646595785850432,-0.6880430952309422,0.26897650957107544,0.09713486582040787,0.0,0.0,0.0,0.0
10.17783784866333,-1.4138436317443848,1.6033412218093872,0.0,0.0,-0.007459934800863266,-0.2464415580034256,0.0,0.0,-0.664765049126886,-0.6880766604233529,0.26783210039138794,0.09630516916513443,0.0,0.0,0.0,0.0
10.179497480392456,-1.4185055494308472,1.699575424194336,0.0,0.0,-0.007500962819904089,-0.24646788835525513,0.0,0.0,-0.664990315104404,-0.6883211666994493,0.2670595645904541,0.09713497012853622,0.0,0.0,0.0,0.0
10.180839538574219,-1.4185055494308472,1.699575424194336,0.0,0.0,-0.007500962819904089,-0.24646788835525513,0.0,0.0,-0.664990315104404,-0.6883211666994493,0.2670595645904541,0.09713497012853622,0.0,0.0,0.0,0.0
10.182149410247803,-1.4185055494308472,1.699575424194336,0.0,0.0,-0.007500962819904089,-0.24646788835525513,0.0,0.0,-0.665100607424236,-0.6884122187207029,0.2729799449443817,0.09118583053350449,0.0,0.0,0.0,0.0
10.183470249176025,-1.4185055494308472,1.699575424194336,0.0,0.0,-0.007500962819904089,-0.24646788835525513,0.0,0.0,-0.665100607424236,-0.6884122187207029,0.2729799449443817,0.09118583053350449,0.0,0.0,0.0,0.0
10.18476915359497,-1.4185055494308472,1.699575424194336,0.0,0.0,-0.007500962819904089,-0.24646788835525513,0.0,0.0,-0.665177287738279,-0.6886854684112207,0.27249351143836975,0.09364642202854156,0.0,0.0,0.0,0.0
10.186076402664185,-1.4185055494308472,1.699575424194336,0.0,0.0,-0.007500962819904089,-0.24646788835525513,0.0,0.0,-0.665177287738279,-0.6886854684112207,0.27249351143836975,0.09364642202854156,0.0,0.0,0.0,0.0
10.187385559082031,-1.4185055494308472,1.699575424194336,0.0,0.0,-0.007500962819904089,-0.24646788835525513,0.0,0.0,-0.6652779365021325,-0.6887381802754529,0.27189281582832336,0.09316004812717438,0.0,0.0,0.0,0.0
10.188697576522827,-1.4484636783599854,1.703155517578125,0.0,0.0,-0.007567285560071468,-0.2465476095676422,0.0,0.0,-0.6652779365021325,-0.6887381802754529,0.27189281582832336,0.09316004812717438,0.0,0.0,0.0,0.0
10.189983129501343,-1.4484636783599854,1.703155517578125,0.0,0.0,-0.007567285560071468,-0.2465476095676422,0.0,0.0,-0.6653834070439754,-0.6886854684112207,0.2712918221950531,0.09198691695928574,0.0,0.0,0.0,0.0
10.191269159317017,-1.4484636783599854,1.703155517578125,0.0,0.0,-0.007567285560071468,-0.2465476095676422,0.0,0.0,-0.6653834070439754,-0.6886854684112207,0.2712918221950531,0.09198691695928574,0.0,0.0,0.0,0.0
10.192550897598267,-1.4484636783599854,1.703155517578125,0.0,0.0,-0.007567285560071468,-0.2465476095676422,0.0,0.0,-0.6653690353367646,-0.6886854684112207,0.27792465686798096,0.08624112606048584,0.0,0.0,0.0,0.0
10.193841218948364,-1.4484636783599854,1.703155517578125,0.0,0.0,-0.007567285560071468,-0.2465476095676422,0.0,0.0,-0.6653690353367646,-0.6886854684112207,0.27792465686798096,0.08624112606048584,0.0,0.0,0.0,0.0
10.195116519927979,-1.4484636783599854,1.703155517578125,0.0,0.0,-0.007567285560071468,-0.2465476095676422,0.0,0.0,-0.6653690353367646,-0.6886854684112207,0.27792465686798096,0.08624112606048584,0.0,0.0,0.0,0.0
10.196407318115234,-1.4484636783599854,1.703155517578125,0.0,0.0,-0.007567285560071468,-0.2465476095676422,0.0,0.0,-0.6653690353367646,-0.6886854684112207,0.27792465686798096,0.08624112606048584,0.0,0.0,0.0,0.0
10.197695970535278,-1.4484636783599854,1.703155517578125,0.0,0.0,-0.007567285560071468,-0.2465476095676422,0.0,0.0,-0.6654745058786075,-0.6886854684112207,0.27646541595458984,0.08624112606048584,0.0,0.0,0.0,0.0
10.19931674003601,-1.432768702507019,1.6890429258346558,0.0,0.0,-0.007535284385085106,-0.24664409458637238,0.0,0.0,-0.6654745058786075,-0.6886854684112207,0.27646541595458984,0.08624112606048584,0.0,0.0,0.0,0.0
10.2006196975708,-1.432768702507019,1.6890429258346558,0.0,0.0,-0.007535284385085106,-0.24664409458637238,0.0,0.0,-0.6655799764204503,-0.688819682367485,0.27586472034454346,0.08787190914154053,0.0,0.0,0.0,0.0
10.20191740989685,-1.432768702507019,1.6890429258346558,0.0,0.0,-0.007535284385085106,-0.24664409458637238,0.0,0.0,-0.6655799764204503,-0.688819682367485,0.27586472034454346,0.08787190914154053,0.0,0.0,0.0,0.0
10.203489303588867,-1.432768702507019,1.6890429258346558,0.0,0.0,-0.007535284385085106,-0.24664409458637238,0.0,0.0,-0.6657525305337361,-0.6890785603507922,0.2810042202472687,0.08273380249738693,0.0,0.0,0.0,0.0
10.204798698425293,-1.432768702507019,1.6890429258346558,0.0,0.0,-0.007535284385085106,-0.24664409458637238,0.0,0.0,-0.6657525305337361,-0.6890785603507922,0.2810042202472687,0.08273380249738693,0.0,0.0,0.0,0.0
10.206074714660645,-1.432768702507019,1.6890429258346558,0.0,0.0,-0.007535284385085106,-0.24664409458637238,0.0,0.0,-0.6659634716174218,-0.6893901501983314,0.2784578502178192,0.08705399930477142,0.0,0.0,0.0,0.0
10.207362174987793,-1.432768702507019,1.6890429258346558,0.0,0.0,-0.007535284385085106,-0.24664409458637238,0.0,0.0,-0.6659634716174218,-0.6893901501983314,0.2784578502178192,0.08705399930477142,0.0,0.0,0.0,0.0
10.209129095077515,-1.4303475618362427,1.7566540241241455,0.0,0.0,-0.007552545052021742,-0.24670419096946716,0.0,0.0,-0.6661647691451289,-0.6897736453953028,0.2773134410381317,0.09031562507152557,0.0,0.0,0.0,0.0
10.210495233535767,-1.4303475618362427,1.7566540241241455,0.0,0.0,-0.007552545052021742,-0.24670419096946716,0.0,0.0,-0.6664715840280575,-0.6899605712157992,0.2745955288410187,0.08971475064754486,0.0,0.0,0.0,0.0
10.211786270141602,-1.4303475618362427,1.7566540241241455,0.0,0.0,-0.007552545052021742,-0.24670419096946716,0.0,0.0,-0.6664715840280575,-0.6899605712157992,0.2745955288410187,0.08971475064754486,0.0,0.0,0.0,0.0
10.213053941726685,-1.4303475618362427,1.7566540241241455,0.0,0.0,-0.007552545052021742,-0.24670419096946716,0.0,0.0,-0.6666537348839432,-0.6899126343161779,0.2801722288131714,0.0833638459444046,0.0,0.0,0.0,0.0
10.214372873306274,-1.4303475618362427,1.7566540241241455,0.0,0.0,-0.007552545052021742,-0.24670419096946716,0.0,0.0,-0.6666537348839432,-0.6899126343161779,0.2801722288131714,0.0833638459444046,0.0,0.0,0.0,0.0
10.21564269065857,-1.4303475618362427,1.7566540241241455,0.0,0.0,-0.007552545052021742,-0.24670419096946716,0.0,0.0,-0.6665962012417218,-0.6899126343161779,0.2808016538619995,0.08204765617847443,0.0,0.0,0.0,0.0
10.216895818710327,-1.4303475618362427,1.7566540241241455,0.0,0.0,-0.007552545052021742,-0.24670419096946716,0.0,0.0,-0.6665962012417218,-0.6899126343161779,0.2808016538619995,0.08204765617847443,0.0,0.0,0.0,0.0
10.218145847320557,-1.4187103509902954,1.8791865110397339,0.0,0.0,-0.007529205176979303,-0.24671491980552673,0.0,0.0,-0.6665962012417218,-0.6899126343161779,0.2821178436279297,0.08204765617847443,0.0,0.0,0.0,0.0
10.219409942626953,-1.4187103509902954,1.8791865110397339,0.0,0.0,-0.007529205176979303,-0.24671491980552673,0.0,0.0,-0.6665962012417218,-0.6899126343161779,0.2821178436279297,0.08204765617847443,0.0,0.0,0.0,0.0
10.220655679702759,-1.4187103509902954,1.8791865110397339,0.0,0.0,-0.007529205176979303,-0.24671491980552673,0.0,0.0,-0.6665962012417218,-0.6900133298934099,0.2821178436279297,0.08344961702823639,0.0,0.0,0.0,0.0
10.221912384033203,-1.4187103509902954,1.8791865110397339,0.0,0.0,-0.007529205176979303,-0.24671491980552673,0.0,0.0,-0.6665962012417218,-0.6900133298934099,0.2821178436279297,0.08344961702823639,0.0,0.0,0.0,0.0
10.223150730133057,-1.4187103509902954,1.8791865110397339,0.0,0.0,-0.007529205176979303,-0.24671491980552673,0.0,0.0,-0.6665962012417218,-0.6901043819146635,0.2879035770893097,0.07823746651411057,0.0,0.0,0.0,0.0
10.224488258361816,-1.4187103509902954,1.8791865110397339,0.0,0.0,-0.007529205176979303,-0.24671491980552673,0.0,0.0,-0.6665962012417218,-0.6901043819146635,0.2879035770893097,0.07823746651411057,0.0,0.0,0.0,0.0
10.225763320922852,-1.4187103509902954,1.8791865110397339,0.0,0.0,-0.007529205176979303,-0.24671491980552673,0.0,0.0,-0.6667544304611753,-0.690497473854235,0.28612974286079407,0.08215701580047607,0.0,0.0,0.0,0.0
10.227038621902466,-1.4187103509902954,1.8791865110397339,0.0,0.0,-0.007529205176979303,-0.24671491980552673,0.0,0.0,-0.6667544304611753,-0.690497473854235,0.28612974286079407,0.08215701580047607,0.0,0.0,0.0,0.0
10.228314638137817,-1.4237141609191895,1.8773670196533203,0.0,0.0,-0.007544807158410549,-0.2467823028564453,0.0,0.0,-0.6671235071375574,-0.6907754985093635,0.2823529839515686,0.08398818224668503,0.0,0.0,0.0,0.0
10.229624032974243,-1.4237141609191895,1.8773670196533203,0.0,0.0,-0.007544807158410549,-0.2467823028564453,0.0,0.0,-0.6671235071375574,-0.6907754985093635,0.2823529839515686,0.08398818224668503,0.0,0.0,0.0,0.0
10.230977058410645,-1.4237141609191895,1.8773670196533203,0.0,0.0,-0.007544807158410549,-0.2467823028564453,0.0,0.0,-0.6673823851208646,-0.6911925588987456,0.28072240948677063,0.08710674941539764,0.0,0.0,0.0,0.0
10.23235297203064,-1.4237141609191895,1.8773670196533203,0.0,0.0,-0.007544807158410549,-0.2467823028564453,0.0,0.0,-0.6673823851208646,-0.6911925588987456,0.28072240948677063,0.08710674941539764,0.0,0.0,0.0,0.0
10.233752727508545,-1.4237141609191895,1.8773670196533203,0.0,0.0,-0.007544807158410549,-0.2467823028564453,0.0,0.0,-0.6675693577547396,-0.6911638154843242,0.28624799847602844,0.07880464196205139,0.0,0.0,0.0,0.0
10.2353355884552,-1.4237141609191895,1.8773670196533203,0.0,0.0,-0.007544807158410549,-0.2467823028564453,0.0,0.0,-0.6675165990771289,-0.6912261240911564,0.28727778792381287,0.07783184200525284,0.0,0.0,0.0,0.0
10.23677682876587,-1.4237141609191895,1.8773670196533203,0.0,0.0,-0.007544807158410549,-0.2467823028564453,0.0,0.0,-0.6675165990771289,-0.6912261240911564,0.28727778792381287,0.07783184200525284,0.0,0.0,0.0,0.0
10.238200664520264,-1.4105145931243896,1.9478837251663208,0.0,0.0,-0.007533114403486252,-0.24684301018714905,0.0,0.0,-0.6676556348113823,-0.6913267728550099,0.28653404116630554,0.07977722585201263,0.0,0.0,0.0,0.0
10.239614248275757,-1.4105145931243896,1.9478837251663208,0.0,0.0,-0.007533114403486252,-0.24684301018714905,0.0,0.0,-0.6676556348113823,-0.6913267728550099,0.28653404116630554,0.07977722585201263,0.0,0.0,0.0,0.0
10.241044759750366,-1.4105145931243896,1.9478837251663208,0.0,0.0,-0.007533114403486252,-0.24684301018714905,0.0,0.0,-0.6677466868326359,-0.691427468432242,0.2859618365764618,0.08034943044185638,0.0,0.0,0.0,0.0
10.242462158203125,-1.4105145931243896,1.9478837251663208,0.0,0.0,-0.007533114403486252,-0.24684301018714905,0.0,0.0,-0.6677466868326359,-0.691427468432242,0.2859618365764618,0.08034943044185638,0.0,0.0,0.0,0.0
10.243877649307251,-1.4105145931243896,1.9478837251663208,0.0,0.0,-0.007533114403486252,-0.24684301018714905,0.0,0.0,-0.6678521573744788,-0.6916239909953384,0.2912038564682007,0.07516634464263916,0.0,0.0,0.0,0.0
10.245681762695312,-1.4105145931243896,1.9478837251663208,0.0,0.0,-0.007533114403486252,-0.24684301018714905,0.0,0.0,-0.6679096910167003,-0.6918157385938242,0.2921479046344757,0.07765542715787888,0.0,0.0,0.0,0.0
10.247207403182983,-1.4105145931243896,1.9478837251663208,0.0,0.0,-0.007533114403486252,-0.24684301018714905,0.0,0.0,-0.6679096910167003,-0.6918157385938242,0.2921479046344757,0.07765542715787888,0.0,0.0,0.0,0.0
10.24866509437561,-1.420389175415039,2.053009510040283,0.0,0.0,-0.00755707873031497,-0.24685227870941162,0.0,0.0,-0.6680199365231538,-0.6919595492926884,0.29014524817466736,0.07857101410627365,0.0,0.0,0.0,0.0
10.25012493133545,-1.420389175415039,2.053009510040283,0.0,0.0,-0.00755707873031497,-0.24685227870941162,0.0,0.0,-0.6680199365231538,-0.6919595492926884,0.29014524817466736,0.07857101410627365,0.0,0.0,0.0,0.0
10.251555681228638,-1.420389175415039,2.053009510040283,0.0,0.0,-0.00755707873031497,-0.24685227870941162,0.0,0.0,-0.6681254070649967,-0.6920746165771313,0.28951576352119446,0.07971542328596115,0.0,0.0,0.0,0.0
10.25375485420227,-1.420389175415039,2.053009510040283,0.0,0.0,-0.00755707873031497,-0.24685227870941162,0.0,0.0,-0.6682165058996288,-0.6923238978178384,0.295229971408844,0.07494527846574783,0.0,0.0,0.0,0.0
10.255687952041626,-1.420389175415039,2.053009510040283,0.0,0.0,-0.00755707873031497,-0.24685227870941162,0.0,0.0,-0.6682165058996288,-0.6923238978178384,0.295229971408844,0.07494527846574783,0.0,0.0,0.0,0.0
10.257550239562988,-1.420389175415039,2.053009510040283,0.0,0.0,-0.00755707873031497,-0.24685227870941162,0.0,0.0,-0.6683123796988717,-0.6924101748744813,0.29422861337661743,0.07460195571184158,0.0,0.0,0.0,0.0
10.259491682052612,-1.415881633758545,2.0326988697052,0.0,0.0,-0.007570922374725342,-0.24695797264575958,0.0,0.0,-0.6684034317201253,-0.6923670129394706,0.29362791776657104,0.07354337722063065,0.0,0.0,0.0,0.0
10.261702299118042,-1.415881633758545,2.0326988697052,0.0,0.0,-0.007570922374725342,-0.24695797264575958,0.0,0.0,-0.6686383412536216,-0.6925012268957349,0.2914249300956726,0.07508838921785355,0.0,0.0,0.0,0.0
10.26408576965332,-1.415881633758545,2.0326988697052,0.0,0.0,-0.007570922374725342,-0.24695797264575958,0.0,0.0,-0.6687677802452752,-0.692918287285117,0.29729360342025757,0.07437072694301605,0.0,0.0,0.0,0.0
10.266286134719849,-1.415881633758545,2.0326988697052,0.0,0.0,-0.007570922374725342,-0.24695797264575958,0.0,0.0,-0.668844460559318,-0.6929805958919492,0.2968071699142456,0.07348403334617615,0.0,0.0,0.0,0.0
10.267975568771362,-1.415881633758545,2.0326988697052,0.0,0.0,-0.007570922374725342,-0.24695797264575958,0.0,0.0,-0.668844460559318,-0.6929805958919492,0.2968071699142456,0.07348403334617615,0.0,0.0,0.0,0.0
10.269438028335571,-1.4182549715042114,2.115724802017212,0.0,0.0,-0.007594016846269369,-0.24699604511260986,0.0,0.0,-0.6689355593939502,-0.6931579717832241,0.296292245388031,0.07414201647043228,0.0,0.0,0.0,0.0
10.270889282226562,-1.4182549715042114,2.115724802017212,0.0,0.0,-0.007594016846269369,-0.24699604511260986,0.0,0.0,-0.669180018856668,-0.6933305727098884,0.29572004079818726,0.07522915303707123,0.0,0.0,0.0,0.0
10.272293090820312,-1.4182549715042114,2.115724802017212,0.0,0.0,-0.007594016846269369,-0.24699604511260986,0.0,0.0,-0.669180018856668,-0.6933305727098884,0.29572004079818726,0.07522915303707123,0.0,0.0,0.0,0.0
10.273826360702515,-1.4182549715042114,2.115724802017212,0.0,0.0,-0.007594016846269369,-0.24699604511260986,0.0,0.0,-0.6693621697125538,-0.6935127235657741,0.2974398136138916,0.07036233693361282,0.0,0.0,0.0,0.0
10.275254487991333,-1.4182549715042114,2.115724802017212,0.0,0.0,-0.007594016846269369,-0.24699604511260986,0.0,0.0,-0.6693621697125538,-0.6935127235657741,0.2974398136138916,0.07036233693361282,0.0,0.0,0.0,0.0
10.276731729507446,-1.4182549715042114,2.115724802017212,0.0,0.0,-0.007594016846269369,-0.24699604511260986,0.0,0.0,-0.669357394747943,-0.6936229690722276,0.2991563379764557,0.0702478364109993,0.0,0.0,0.0,0.0
10.278836011886597,-1.4316776990890503,2.1577224731445312,0.0,0.0,-0.007637188769876957,-0.2470502257347107,0.0,0.0,-0.6694340750619859,-0.6937044711642598,0.3004152476787567,0.07073426991701126,0.0,0.0,0.0,0.0
10.280303001403809,-1.4316776990890503,2.1577224731445312,0.0,0.0,-0.007637188769876957,-0.2470502257347107,0.0,0.0,-0.6694340750619859,-0.6937044711642598,0.3004152476787567,0.07073426991701126,0.0,0.0,0.0,0.0
10.281908512115479,-1.4316776990890503,2.1577224731445312,0.0,0.0,-0.007637188769876957,-0.2470502257347107,0.0,0.0,-0.6695347706392181,-0.6939681241121777,0.30428746342658997,0.06563052535057068,0.0,0.0,0.0,0.0
10.283568143844604,-1.4316776990890503,2.1577224731445312,0.0,0.0,-0.007637188769876957,-0.2470502257347107,0.0,0.0,-0.6695347706392181,-0.6939681241121777,0.30428746342658997,0.06563052535057068,0.0,0.0,0.0,0.0
10.285179138183594,-1.4316776990890503,2.1577224731445312,0.0,0.0,-0.007637188769876957,-0.2470502257347107,0.0,0.0,-0.670009317857443,-0.6945817070646562,0.298450767993927,0.0715242326259613,0.0,0.0,0.0,0.0
10.287311315536499,-1.4316776990890503,2.1577224731445312,0.0,0.0,-0.007637188769876957,-0.2470502257347107,0.0,0.0,-0.6703305044475822,-0.6950371076110597,0.2977927327156067,0.07624486833810806,0.0,0.0,0.0,0.0
10.28878927230835,-1.4364873170852661,2.1838667392730713,0.0,0.0,-0.007644395809620619,-0.24710975587368011,0.0,0.0,-0.6703305044475822,-0.6950371076110597,0.2977927327156067,0.07624486833810806,0.0,0.0,0.0,0.0
10.290257215499878,-1.4364873170852661,2.1838667392730713,0.0,0.0,-0.007644395809620619,-0.24710975587368011,0.0,0.0,-0.6705749639103001,-0.6954781364502526,0.2964194715023041,0.07939199358224869,0.0,0.0,0.0,0.0
10.292325258255005,-1.4364873170852661,2.1838667392730713,0.0,0.0,-0.007644395809620619,-0.24710975587368011,0.0,0.0,-0.6707283713517644,-0.6958664066118347,0.3021736145019531,0.07440872490406036,0.0,0.0,0.0,0.0
10.294159889221191,-1.4364873170852661,2.1838667392730713,0.0,0.0,-0.007644395809620619,-0.24710975587368011,0.0,0.0,-0.6707283713517644,-0.6958664066118347,0.3021736145019531,0.07440872490406036,0.0,0.0,0.0,0.0
10.295979261398315,-1.4364873170852661,2.1838667392730713,0.0,0.0,-0.007644395809620619,-0.24710975587368011,0.0,0.0,-0.6710016210422822,-0.6960725259175311,0.3009718954563141,0.0754101425409317,0.0,0.0,0.0,0.0
10.298174381256104,-1.419247031211853,2.223896026611328,0.0,0.0,-0.007646252401173115,-0.24717168509960175,0.0,0.0,-0.6713467760822323,-0.6963793408004597,0.2975960373878479,0.07732708752155304,0.0,0.0,0.0,0.0
10.300364255905151,-1.419247031211853,2.223896026611328,0.0,0.0,-0.007646252401173115,-0.24717168509960175,0.0,0.0,-0.6715624921305287,-0.696671737162799,0.2971383035182953,0.07892914116382599,0.0,0.0,0.0,0.0
10.302160501480103,-1.419247031211853,2.223896026611328,0.0,0.0,-0.007646252401173115,-0.24717168509960175,0.0,0.0,-0.6715624921305287,-0.696671737162799,0.2971383035182953,0.07892914116382599,0.0,0.0,0.0,0.0
10.304715633392334,-1.419247031211853,2.223896026611328,0.0,0.0,-0.007646252401173115,-0.24717168509960175,0.0,0.0,-0.6715049584883073,-0.6967196740624204,0.303579181432724,0.07142940908670425,0.0,0.0,0.0,0.0
10.307298183441162,-1.419247031211853,2.223896026611328,0.0,0.0,-0.007646252401173115,-0.24717168509960175,0.0,0.0,-0.6715049584883073,-0.6968107728970525,0.3048953711986542,0.07194433361291885,0.0,0.0,0.0,0.0
10.310264110565186,-1.4238228797912598,2.335798740386963,0.0,0.0,-0.007682273164391518,-0.2472033053636551,0.0,0.0,-0.6716056072521608,-0.6973237070856775,0.3034934401512146,0.07669369131326675,0.0,0.0,0.0,0.0
10.313140630722046,-1.4238228797912598,2.335798740386963,0.0,0.0,-0.007682273164391518,-0.2472033053636551,0.0,0.0,-0.6720993947689643,-0.6975969567761953,0.3046502470970154,0.07159056514501572,0.0,0.0,0.0,0.0
10.314846515655518,-1.4238228797912598,2.335798740386963,0.0,0.0,-0.007682273164391518,-0.2472033053636551,0.0,0.0,-0.6720993947689643,-0.6975969567761953,0.3046502470970154,0.07159056514501572,0.0,0.0,0.0,0.0
10.316482543945312,-1.4238228797912598,2.335798740386963,0.0,0.0,-0.007682273164391518,-0.2472033053636551,0.0,0.0,-0.6723917911313037,-0.6979085466237346,0.30307668447494507,0.07465185970067978,0.0,0.0,0.0,0.0
10.318950414657593,-1.4521691799163818,2.2344446182250977,0.0,0.0,-0.0077744415029883385,-0.24736152589321136,0.0,0.0,-0.6727081559434536,-0.6985412762480345,0.3011024296283722,0.07968703657388687,0.0,0.0,0.0,0.0
10.320760726928711,-1.4521691799163818,2.2344446182250977,0.0,0.0,-0.0077744415029883385,-0.24736152589321136,0.0,0.0,-0.6727081559434536,-0.6985412762480345,0.3011024296283722,0.07968703657388687,0.0,0.0,0.0,0.0
10.322637557983398,-1.4521691799163818,2.2344446182250977,0.0,0.0,-0.0077744415029883385,-0.24736152589321136,0.0,0.0,-0.6728663851629072,-0.6991596809785023,0.30670514702796936,0.07837465405464172,0.0,0.0,0.0,0.0
10.324441194534302,-1.4521691799163818,2.2344446182250977,0.0,0.0,-0.0077744415029883385,-0.24736152589321136,0.0,0.0,-0.6732642520670893,-0.6998547660230131,0.30278557538986206,0.08315256237983704,0.0,0.0,0.0,0.0
10.326562643051147,-1.4521691799163818,2.2344446182250977,0.0,0.0,-0.0077744415029883385,-0.24736152589321136,0.0,0.0,-0.6737532178059036,-0.7004012654040488,0.30026766657829285,0.08612819015979767,0.0,0.0,0.0,0.0
10.3283531665802,-1.4438532590866089,2.2773587703704834,0.0,0.0,-0.007786604575812817,-0.24744601547718048,0.0,0.0,-0.6737532178059036,-0.7004012654040488,0.30026766657829285,0.08612819015979767,0.0,0.0,0.0,0.0
10.329830646514893,-1.4438532590866089,2.2773587703704834,0.0,0.0,-0.007786604575812817,-0.24744601547718048,0.0,0.0,-0.6744195126226142,-0.7012689045618451,0.2945457100868225,0.0925653800368309,0.0,0.0,0.0,0.0
10.331867218017578,-1.4438532590866089,2.2773587703704834,0.0,0.0,-0.007786604575812817,-0.24744601547718048,0.0,0.0,-0.674850944719207,-0.7017866137150809,0.2983485460281372,0.08687451481819153,0.0,0.0,0.0,0.0
10.33354377746582,-1.4438532590866089,2.2773587703704834,0.0,0.0,-0.007786604575812817,-0.24744601547718048,0.0,0.0,-0.674850944719207,-0.7017866137150809,0.2983485460281372,0.08687451481819153,0.0,0.0,0.0,0.0
10.335219860076904,-1.4438532590866089,2.2773587703704834,0.0,0.0,-0.007786604575812817,-0.24744601547718048,0.0,0.0,-0.6752536334013785,-0.7024097934101594,0.2966318726539612,0.0905938446521759,0.0,0.0,0.0,0.0
10.336911678314209,-1.4438532590866089,2.2773587703704834,0.0,0.0,-0.007786604575812817,-0.24744601547718048,0.0,0.0,-0.6755316580565071,-0.7027981103851201,0.2944576144218445,0.09405557811260223,0.0,0.0,0.0,0.0
10.338561773300171,-1.4477320909500122,2.2873337268829346,0.0,0.0,-0.007824007421731949,-0.24752143025398254,0.0,0.0,-0.6755316580565071,-0.7027981103851201,0.2944576144218445,0.09405557811260223,0.0,0.0,0.0,0.0
10.340188026428223,-1.4477320909500122,2.2873337268829346,0.0,0.0,-0.007824007421731949,-0.24752143025398254,0.0,0.0,-0.6758000859690356,-0.70312407193987,0.29419994354248047,0.09508548676967621,0.0,0.0,0.0,0.0
10.342098474502563,-1.4477320909500122,2.2873337268829346,0.0,0.0,-0.007824007421731949,-0.24752143025398254,0.0,0.0,-0.6760925291447534,-0.7034835986870307,0.29844874143600464,0.09012150019407272,0.0,0.0,0.0,0.0
10.343680381774902,-1.4477320909500122,2.2873337268829346,0.0,0.0,-0.007824007421731949,-0.24752143025398254,0.0,0.0,-0.6760925291447534,-0.7034835986870307,0.29844874143600464,0.09012150019407272,0.0,0.0,0.0,0.0
10.34571123123169,-1.4477320909500122,2.2873337268829346,0.0,0.0,-0.007824007421731949,-0.24752143025398254,0.0,0.0,-0.6764280874421034,-0.7039485959760343,0.2955304980278015,0.09441320598125458,0.0,0.0,0.0,0.0
10.347244262695312,-1.4477320909500122,2.2873337268829346,0.0,0.0,-0.007824007421731949,-0.24752143025398254,0.0,0.0,-0.676893084731107,-0.7043033009452058,0.29421448707580566,0.09584348648786545,0.0,0.0,0.0,0.0
10.348688125610352,-1.4885869026184082,2.1623003482818604,0.0,0.0,-0.007964983582496643,-0.2476949393749237,0.0,0.0,-0.676893084731107,-0.7043033009452058,0.29421448707580566,0.09584348648786545,0.0,0.0,0.0,0.0
10.350120544433594,-1.4885869026184082,2.1623003482818604,0.0,0.0,-0.007964983582496643,-0.2476949393749237,0.0,0.0,-0.6770943822588141,-0.7046916179201664,0.2933276295661926,0.09733133018016815,0.0,0.0,0.0,0.0
10.351575136184692,-1.4885869026184082,2.1623003482818604,0.0,0.0,-0.007964983582496643,-0.2476949393749237,0.0,0.0,-0.6770943822588141,-0.7046916179201664,0.2933276295661926,0.09733133018016815,0.0,0.0,0.0,0.0
10.35358214378357,-1.4885869026184082,2.1623003482818604,0.0,0.0,-0.007964983582496643,-0.2476949393749237,0.0,0.0,-0.6772765799280783,-0.7048066383912307,0.292125940322876,0.09713106602430344,0.0,0.0,0.0,0.0
10.354988098144531,-1.4885869026184082,2.1623003482818604,0.0,0.0,-0.007964983582496643,-0.2476949393749237,0.0,0.0,-0.6773532602421213,-0.7049696425752949,0.29249775409698486,0.09821818768978119,0.0,0.0,0.0,0.0
10.356392621994019,-1.4885869026184082,2.1623003482818604,0.0,0.0,-0.007964983582496643,-0.2476949393749237,0.0,0.0,-0.6773532602421213,-0.7049696425752949,0.29249775409698486,0.09821818768978119,0.0,0.0,0.0,0.0
10.358347654342651,-1.4958438873291016,2.034559726715088,0.0,0.0,-0.008042674511671066,-0.24792854487895966,0.0,0.0,-0.6773340667569212,-0.7049456741254843,0.2934420704841614,0.09764605760574341,0.0,0.0,0.0,0.0
10.360966682434082,-1.4958438873291016,2.034559726715088,0.0,0.0,-0.008042674511671066,-0.24792854487895966,0.0,0.0,-0.6773340667569212,-0.7049456741254843,0.2934420704841614,0.09635864198207855,0.0,0.0,0.0,0.0
10.362427473068237,-1.4958438873291016,2.034559726715088,0.0,0.0,-0.008042674511671066,-0.24792854487895966,0.0,0.0,-0.6773340667569212,-0.7049456741254843,0.2934420704841614,0.09635864198207855,0.0,0.0,0.0,0.0
10.363904237747192,-1.4958438873291016,2.034559726715088,0.0,0.0,-0.008042674511671066,-0.24792854487895966,0.0,0.0,-0.6773340667569212,-0.7049456741254843,0.2934420704841614,0.09635864198207855,0.0,0.0,0.0,0.0
10.365413188934326,-1.4958438873291016,2.034559726715088,0.0,0.0,-0.008042674511671066,-0.24792854487895966,0.0,0.0,-0.6773340667569212,-0.7049456741254843,0.2934420704841614,0.09635864198207855,0.0,0.0,0.0,0.0
10.366969108581543,-1.4958438873291016,2.034559726715088,0.0,0.0,-0.008042674511671066,-0.24792854487895966,0.0,0.0,-0.6773340667569212,-0.7049456741254843,0.2934420704841614,0.09635864198207855,0.0,0.0,0.0,0.0
10.368446350097656,-1.5070319175720215,1.9892256259918213,0.0,0.0,-0.00809242483228445,-0.24806776642799377,0.0,0.0,-0.6774539090059748,-0.7049456741254843,0.2919255495071411,0.09635864198207855,0.0,0.0,0.0,0.0
10.370144128799438,-1.5070319175720215,1.9892256259918213,0.0,0.0,-0.00809242483228445,-0.24806776642799377,0.0,0.0,-0.6775497828052177,-0.7050463228893379,0.2913248538970947,0.09778910130262375,0.0,0.0,0.0,0.0
10.371610641479492,-1.5070319175720215,1.9892256259918213,0.0,0.0,-0.00809242483228445,-0.24806776642799377,0.0,0.0,-0.6775497828052177,-0.7050463228893379,0.2913248538970947,0.09778910130262375,0.0,0.0,0.0,0.0
10.373047351837158,-1.5070319175720215,1.9892256259918213,0.0,0.0,-0.00809242483228445,-0.24806776642799377,0.0,0.0,-0.6776504783824497,-0.7051421966885807,0.29072386026382446,0.0983613058924675,0.0,0.0,0.0,0.0
10.374460220336914,-1.5070319175720215,1.9892256259918213,0.0,0.0,-0.00809242483228445,-0.24806776642799377,0.0,0.0,-0.6776504783824497,-0.7051421966885807,0.29072386026382446,0.0983613058924675,0.0,0.0,0.0,0.0
10.376251459121704,-1.5070319175720215,1.9892256259918213,0.0,0.0,-0.00809242483228445,-0.24806776642799377,0.0,0.0,-0.6776408816398498,-0.7052380704878235,0.2916108965873718,0.09890501201152802,0.0,0.0,0.0,0.0
10.37766146659851,-1.5070319175720215,1.9892256259918213,0.0,0.0,-0.00809242483228445,-0.24806776642799377,0.0,0.0,-0.6776408816398498,-0.7052380704878235,0.2916108965873718,0.09890501201152802,0.0,0.0,0.0,0.0
10.379033327102661,-1.5055944919586182,1.9310137033462524,0.0,0.0,-0.008096492849290371,-0.24815616011619568,0.0,0.0,-0.6776408816398498,-0.7052524421950342,0.2916108965873718,0.09953421354293823,0.0,0.0,0.0,0.0
10.38041090965271,-1.5055944919586182,1.9310137033462524,0.0,0.0,-0.008096492849290371,-0.24815616011619568,0.0,0.0,-0.6776408816398498,-0.7052524421950342,0.2916108965873718,0.09953421354293823,0.0,0.0,0.0,0.0
10.381780862808228,-1.5055944919586182,1.9310137033462524,0.0,0.0,-0.008096492849290371,-0.24815616011619568,0.0,0.0,-0.6776408816398498,-0.7052524421950342,0.2916108965873718,0.09818951785564423,0.0,0.0,0.0,0.0
10.383138656616211,-1.5055944919586182,1.9310137033462524,0.0,0.0,-0.008096492849290371,-0.24815616011619568,0.0,0.0,-0.6776408816398498,-0.7052524421950342,0.2916108965873718,0.09818951785564423,0.0,0.0,0.0,0.0
10.384897947311401,-1.5055944919586182,1.9310137033462524,0.0,0.0,-0.008096492849290371,-0.24815616011619568,0.0,0.0,-0.6776408816398498,-0.7052524421950342,0.2916108965873718,0.09818951785564423,0.0,0.0,0.0,0.0
10.386314392089844,-1.5055944919586182,1.9310137033462524,0.0,0.0,-0.008096492849290371,-0.24815616011619568,0.0,0.0,-0.6776408816398498,-0.7052524421950342,0.2916108965873718,0.09818951785564423,0.0,0.0,0.0,0.0
10.38822603225708,-1.5069788694381714,1.9513834714889526,0.0,0.0,-0.008106943219900131,-0.248166024684906,0.0,0.0,-0.6776408816398498,-0.7052524421950342,0.2916108965873718,0.09818951785564423,0.0,0.0,0.0,0.0
10.390305757522583,-1.5069788694381714,1.9513834714889526,0.0,0.0,-0.008106943219900131,-0.248166024684906,0.0,0.0,-0.6776408816398498,-0.7052524421950342,0.2916108965873718,0.09818951785564423,0.0,0.0,0.0,0.0
10.391944169998169,-1.5069788694381714,1.9513834714889526,0.0,0.0,-0.008106943219900131,-0.248166024684906,0.0,0.0,-0.6776408816398498,-0.7052524421950342,0.2916108965873718,0.09818951785564423,0.0,0.0,0.0,0.0
10.394237041473389,-1.5069788694381714,1.9513834714889526,0.0,0.0,-0.008106943219900131,-0.248166024684906,0.0,0.0,-0.6776408816398498,-0.7052524421950342,0.2916108965873718,0.09818951785564423,0.0,0.0,0.0,0.0
10.395731210708618,-1.5069788694381714,1.9513834714889526,0.0,0.0,-0.008106943219900131,-0.248166024684906,0.0,0.0,-0.6776408816398498,-0.7052524421950342,0.2916108965873718,0.09818951785564423,0.0,0.0,0.0,0.0
10.397239923477173,-1.5069788694381714,1.9513834714889526,0.0,0.0,-0.008106943219900131,-0.248166024684906,0.0,0.0,-0.6776408816398498,-0.7053867029646771,0.2916108965873718,0.09979182481765747,0.0,0.0,0.0,0.0
10.39888310432434,-1.5055233240127563,1.9059419631958008,0.0,0.0,-0.008092958480119705,-0.24819308519363403,0.0,0.0,-0.6776408816398498,-0.7054777549859307,0.2916108965873718,0.1003355160355568,0.0,0.0,0.0,0.0
10.400355100631714,-1.5055233240127563,1.9059419631958008,0.0,0.0,-0.008092958480119705,-0.24819308519363403,0.0,0.0,-0.6776408816398498,-0.7054777549859307,0.2916108965873718,0.1003355160355568,0.0,0.0,0.0,0.0
10.401864290237427,-1.5055233240127563,1.9059419631958008,0.0,0.0,-0.008092958480119705,-0.24819308519363403,0.0,0.0,-0.6776408816398498,-0.7055880004923842,0.2916108965873718,0.10102200508117676,0.0,0.0,0.0,0.0
10.40427041053772,-1.5055233240127563,1.9059419631958008,0.0,0.0,-0.008092958480119705,-0.24819308519363403,0.0,0.0,-0.6776408816398498,-0.7055592570779629,0.2916108965873718,0.10002070665359497,0.0,0.0,0.0,0.0
10.406105995178223,-1.5055233240127563,1.9059419631958008,0.0,0.0,-0.008092958480119705,-0.24819308519363403,0.0,0.0,-0.6776408816398498,-0.7055592570779629,0.2916108965873718,0.10002070665359497,0.0,0.0,0.0,0.0
10.40764045715332,-1.5055233240127563,1.9059419631958008,0.0,0.0,-0.008092958480119705,-0.24819308519363403,0.0,0.0,-0.6776408816398498,-0.7055592570779629,0.2916108965873718,0.10002070665359497,0.0,0.0,0.0,0.0
10.409273862838745,-1.5079193115234375,1.9163874387741089,0.0,0.0,-0.008108040317893028,-0.24819780886173248,0.0,0.0,-0.6776408816398498,-0.7055592570779629,0.2916108965873718,0.10002070665359497,0.0,0.0,0.0,0.0
10.411366939544678,-1.5079193115234375,1.9163874387741089,0.0,0.0,-0.008108040317893028,-0.24819780886173248,0.0,0.0,-0.6776408816398498,-0.7055592570779629,0.2916108965873718,0.10002070665359497,0.0,0.0,0.0,0.0
10.412909746170044,-1.5079193115234375,1.9163874387741089,0.0,0.0,-0.008108040317893028,-0.24819780886173248,0.0,0.0,-0.6776408816398498,-0.7055592570779629,0.2916108965873718,0.10002070665359497,0.0,0.0,0.0,0.0
10.414385318756104,-1.5079193115234375,1.9163874387741089,0.0,0.0,-0.008108040317893028,-0.24819780886173248,0.0,0.0,-0.6776408816398498,-0.7055592570779629,0.2916108965873718,0.10002070665359497,0.0,0.0,0.0,0.0
10.415916204452515,-1.5079193115234375,1.9163874387741089,0.0,0.0,-0.008108040317893028,-0.24819780886173248,0.0,0.0,-0.6776408816398498,-0.7055592570779629,0.2916108965873718,0.10002070665359497,0.0,0.0,0.0,0.0
10.41822361946106,-1.5079193115234375,1.9163874387741089,0.0,0.0,-0.008108040317893028,-0.24819780886173248,0.0,0.0,-0.6776408816398498,-0.7055592570779629,0.2916108965873718,0.10002070665359497,0.0,0.0,0.0,0.0
10.419785737991333,-1.5079193115234375,1.9163874387741089,0.0,0.0,-0.008108040317893028,-0.24819780886173248,0.0,0.0,-0.6776408816398498,-0.7055592570779629,0.2916108965873718,0.10002070665359497,0.0,0.0,0.0,0.0
10.42132568359375,-1.5079193115234375,1.9163874387741089,0.0,0.0,-0.008108040317893028,-0.24819780886173248,0.0,0.0,-0.6776408816398498,-0.7055592570779629,0.2916108965873718,0.10002070665359497,0.0,0.0,0.0,0.0
10.422798156738281,-1.5079193115234375,1.9163874387741089,0.0,0.0,-0.008108040317893028,-0.24819780886173248,0.0,0.0,-0.6776408816398498,-0.7055592570779629,0.2916108965873718,0.10002070665359497,0.0,0.0,0.0,0.0
10.424225807189941,-1.5079193115234375,1.9163874387741089,0.0,0.0,-0.008108040317893028,-0.24819780886173248,0.0,0.0,-0.6776408816398498,-0.7055592570779629,0.2916108965873718,0.10002070665359497,0.0,0.0,0.0,0.0
10.425667762756348,-1.5079193115234375,1.9163874387741089,0.0,0.0,-0.008108040317893028,-0.24819780886173248,0.0,0.0,-0.6776408816398498,-0.7055592570779629,0.2916108965873718,0.10002070665359497,0.0,0.0,0.0,0.0
10.427127361297607,-1.5079193115234375,1.9163874387741089,0.0,0.0,-0.008108040317893028,-0.24819780886173248,0.0,0.0,-0.6776408816398498,-0.7055592570779629,0.2916108965873718,0.10002070665359497,0.0,0.0,0.0,0.0
10.428601503372192,-1.5154690742492676,1.8993566036224365,0.0,0.0,-0.008146611042320728,-0.24821245670318604,0.0,0.0,-0.6776408816398498,-0.7055592570779629,0.2916108965873718,0.10002070665359497,0.0,0.0,0.0,0.0
10.430103540420532,-1.5154690742492676,1.8993566036224365,0.0,0.0,-0.008146611042320728,-0.24821245670318604,0.0,0.0,-0.6776408816398498,-0.7055592570779629,0.2916108965873718,0.10002070665359497,0.0,0.0,0.0,0.0
10.432307004928589,-1.5154690742492676,1.8993566036224365,0.0,0.0,-0.008146611042320728,-0.24821245670318604,0.0,0.0,-0.6776408816398498,-0.7055592570779629,0.2916108965873718,0.10002070665359497,0.0,0.0,0.0,0.0
10.433789014816284,-1.5154690742492676,1.8993566036224365,0.0,0.0,-0.008146611042320728,-0.24821245670318604,0.0,0.0,-0.6776408816398498,-0.7055592570779629,0.2916108965873718,0.10002070665359497,0.0,0.0,0.0,0.0
10.436184406280518,-1.5154690742492676,1.8993566036224365,0.0,0.0,-0.008146611042320728,-0.24821245670318604,0.0,0.0,-0.6776408816398498,-0.7055592570779629,0.2916108965873718,0.10002070665359497,0.0,0.0,0.0,0.0
10.437687873840332,-1.5154690742492676,1.8993566036224365,0.0,0.0,-0.008146611042320728,-0.24821245670318604,0.0,0.0,-0.6776408816398498,-0.7055592570779629,0.2916108965873718,0.10002070665359497,0.0,0.0,0.0,0.0
10.440412521362305,-1.5154690742492676,1.8993566036224365,0.0,0.0,-0.008146611042320728,-0.24821245670318604,0.0,0.0,-0.6776408816398498,-0.7055592570779629,0.2916108965873718,0.10002070665359497,0.0,0.0,0.0,0.0
10.441938400268555,-1.5154690742492676,1.8993566036224365,0.0,0.0,-0.008146611042320728,-0.24821245670318604,0.0,0.0,-0.6776408816398498,-0.7055592570779629,0.2916108965873718,0.10002070665359497,0.0,0.0,0.0,0.0
10.443909168243408,-1.5154690742492676,1.8993566036224365,0.0,0.0,-0.008146611042320728,-0.24821245670318604,0.0,0.0,-0.6776408816398498,-0.7055592570779629,0.2916108965873718,0.10002070665359497,0.0,0.0,0.0,0.0
10.445493221282959,-1.5154690742492676,1.8993566036224365,0.0,0.0,-0.008146611042320728,-0.24821245670318604,0.0,0.0,-0.6776408816398498,-0.7055592570779629,0.2916108965873718,0.10002070665359497,0.0,0.0,0.0,0.0
10.447034358978271,-1.5154690742492676,1.8993566036224365,0.0,0.0,-0.008146611042320728,-0.24821245670318604,0.0,0.0,-0.6776408816398498,-0.7055592570779629,0.2916108965873718,0.10002070665359497,0.0,0.0,0.0,0.0
10.448678731918335,-1.5154690742492676,1.8993566036224365,0.0,0.0,-0.008146611042320728,-0.24821245670318604,0.0,0.0,-0.6776408816398498,-0.7055592570779629,0.2916108965873718,0.10002070665359497,0.0,0.0,0.0,0.0
10.45017147064209,-1.5154690742492676,1.8993566036224365,0.0,0.0,-0.008146611042320728,-0.24821245670318604,0.0,0.0,-0.6777799173741034,-0.7055592570779629,0.28998011350631714,0.10002070665359497,0.0,0.0,0.0,0.0
10.45163369178772,-1.5154690742492676,1.8993566036224365,0.0,0.0,-0.008146611042320728,-0.24821245670318604,0.0,0.0,-0.6778757911733462,-0.7055592570779629,0.28937941789627075,0.10002070665359497,0.0,0.0,0.0,0.0
10.45320463180542,-1.5154690742492676,1.8993566036224365,0.0,0.0,-0.008146611042320728,-0.24821245670318604,0.0,0.0,-0.6778757911733462,-0.7055592570779629,0.28937941789627075,0.10002070665359497,0.0,0.0,0.0,0.0
10.454686641693115,-1.5154690742492676,1.8993566036224365,0.0,0.0,-0.008146611042320728,-0.24821245670318604,0.0,0.0,-0.6779764399371998,-0.7055592570779629,0.2887784242630005,0.10002070665359497,0.0,0.0,0.0,0.0
10.456101179122925,-1.5154690742492676,1.8993566036224365,0.0,0.0,-0.008146611042320728,-0.24821245670318604,0.0,0.0,-0.6779764399371998,-0.7055592570779629,0.2887784242630005,0.10002070665359497,0.0,0.0,0.0,0.0
10.457475185394287,-1.5154690742492676,1.8993566036224365,0.0,0.0,-0.008146611042320728,-0.24821245670318604,0.0,0.0,-0.6779476965227783,-0.7055592570779629,0.2897797226905823,0.10002070665359497,0.0,0.0,0.0,0.0
10.458880424499512,-1.5154690742492676,1.8993566036224365,0.0,0.0,-0.008146611042320728,-0.24821245670318604,0.0,0.0,-0.6779476965227783,-0.7055592570779629,0.2897797226905823,0.10002070665359497,0.0,0.0,0.0,0.0
10.460672855377197,-1.5154690742492676,1.8993566036224365,0.0,0.0,-0.008146611042320728,-0.24821245670318604,0.0,0.0,-0.6779476965227783,-0.7055592570779629,0.2897797226905823,0.10002070665359497,0.0,0.0,0.0,0.0
10.462031602859497,-1.5154690742492676,1.8993566036224365,0.0,0.0,-0.008146611042320728,-0.24821245670318604,0.0,0.0,-0.6779476965227783,-0.7055592570779629,0.2897797226905823,0.10002070665359497,0.0,0.0,0.0,0.0
10.463460683822632,-1.5154690742492676,1.8993566036224365,0.0,0.0,-0.008146611042320728,-0.24821245670318604,0.0,0.0,-0.6779476965227783,-0.7055592570779629,0.2897797226905823,0.10002070665359497,0.0,0.0,0.0,0.0
10.46528959274292,-1.5154690742492676,1.8993566036224365,0.0,0.0,-0.008146611042320728,-0.24821245670318604,0.0,0.0,-0.6779476965227783,-0.7055592570779629,0.2897797226905823,0.10002070665359497,0.0,0.0,0.0,0.0
10.467095136642456,-1.5154690742492676,1.8993566036224365,0.0,0.0,-0.008146611042320728,-0.24821245670318604,0.0,0.0,-0.6779476965227783,-0.7055592570779629,0.2897797226905823,0.10002070665359497,0.0,0.0,0.0,0.0
10.468630075454712,-1.5154690742492676,1.8993566036224365,0.0,0.0,-0.008146611042320728,-0.24821245670318604,0.0,0.0,-0.6779476965227783,-0.7055592570779629,0.2897797226905823,0.10002070665359497,0.0,0.0,0.0,0.0
10.470173835754395,-1.5154690742492676,1.8993566036224365,0.0,0.0,-0.008146611042320728,-0.24821245670318604,0.0,0.0,-0.6779476965227783,-0.7055592570779629,0.2897797226905823,0.10002070665359497,0.0,0.0,0.0,0.0
10.471787691116333,-1.5154690742492676,1.8993566036224365,0.0,0.0,-0.008146611042320728,-0.24821245670318604,0.0,0.0,-0.6779476965227783,-0.7055592570779629,0.2897797226905823,0.10002070665359497,0.0,0.0,0.0,0.0
10.4734525680542,-1.5154690742492676,1.8993566036224365,0.0,0.0,-0.008146611042320728,-0.24821245670318604,0.0,0.0,-0.6779476965227783,-0.7055592570779629,0.2897797226905823,0.10002070665359497,0.0,0.0,0.0,0.0
10.475641965866089,-1.5154690742492676,1.8993566036224365,0.0,0.0,-0.008146611042320728,-0.24821245670318604,0.0,0.0,-0.6779476965227783,-0.7055592570779629,0.2897797226905823,0.10002070665359497,0.0,0.0,0.0,0.0
10.477298259735107,-1.5154690742492676,1.8993566036224365,0.0,0.0,-0.008146611042320728,-0.24821245670318604,0.0,0.0,-0.6779476965227783,-0.7055592570779629,0.2897797226905823,0.10002070665359497,0.0,0.0,0.0,0.0
10.478860139846802,-1.505165457725525,1.8715804815292358,0.0,0.0,-0.008105517365038395,-0.2482312023639679,0.0,0.0,-0.6779476965227783,-0.7055592570779629,0.2897797226905823,0.10002070665359497,0.0,0.0,0.0,0.0
10.480325698852539,-1.505165457725525,1.8715804815292358,0.0,0.0,-0.008105517365038395,-0.2482312023639679,0.0,0.0,-0.6779476965227783,-0.7055592570779629,0.2897797226905823,0.10002070665359497,0.0,0.0,0.0,0.0
10.481876134872437,-1.505165457725525,1.8715804815292358,0.0,0.0,-0.008105517365038395,-0.2482312023639679,0.0,0.0,-0.6779476965227783,-0.7057174394840378,0.2897797226905823,0.10179453343153,0.0,0.0,0.0,0.0
10.483307123184204,-1.505165457725525,1.8715804815292358,0.0,0.0,-0.008105517365038395,-0.2482312023639679,0.0,0.0,-0.6779476965227783,-0.7057174394840378,0.2897797226905823,0.10179453343153,0.0,0.0,0.0,0.0
10.484865427017212,-1.505165457725525,1.8715804815292358,0.0,0.0,-0.008105517365038395,-0.2482312023639679,0.0,0.0,-0.6779476965227783,-0.7058229100258806,0.2897797226905823,0.10239522159099579,0.0,0.0,0.0,0.0
10.486325740814209,-1.505165457725525,1.8715804815292358,0.0,0.0,-0.008105517365038395,-0.2482312023639679,0.0,0.0,-0.6779476965227783,-0.7058229100258806,0.2897797226905823,0.10239522159099579,0.0,0.0,0.0,0.0
10.487762928009033,-1.505165457725525,1.8715804815292358,0.0,0.0,-0.008105517365038395,-0.2482312023639679,0.0,0.0,-0.6779476965227783,-0.7059235587897342,0.2897797226905823,0.10296743363142014,0.0,0.0,0.0,0.0
10.489209175109863,-1.5088623762130737,1.8813763856887817,0.0,0.0,-0.008109020069241524,-0.24822959303855896,0.0,0.0,-0.6779476965227783,-0.7059235587897342,0.2897797226905823,0.10296743363142014,0.0,0.0,0.0,0.0
10.490625619888306,-1.5088623762130737,1.8813763856887817,0.0,0.0,-0.008109020069241524,-0.24822959303855896,0.0,0.0,-0.6779476965227783,-0.7058660719608914,0.2897797226905823,0.10185186564922333,0.0,0.0,0.0,0.0
10.492703914642334,-1.5088623762130737,1.8813763856887817,0.0,0.0,-0.008109020069241524,-0.24822959303855896,0.0,0.0,-0.6779476965227783,-0.7058660719608914,0.2897797226905823,0.10185186564922333,0.0,0.0,0.0,0.0
10.494220495223999,-1.5088623762130737,1.8813763856887817,0.0,0.0,-0.008109020069241524,-0.24822959303855896,0.0,0.0,-0.6779476965227783,-0.7058660719608914,0.2897797226905823,0.10185186564922333,0.0,0.0,0.0,0.0
10.49573802947998,-1.5088623762130737,1.8813763856887817,0.0,0.0,-0.008109020069241524,-0.24822959303855896,0.0,0.0,-0.6779476965227783,-0.7058660719608914,0.2897797226905823,0.10185186564922333,0.0,0.0,0.0,0.0
10.497292757034302,-1.5088623762130737,1.8813763856887817,0.0,0.0,-0.008109020069241524,-0.24822959303855896,0.0,0.0,-0.6779476965227783,-0.7058660719608914,0.2897797226905823,0.10185186564922333,0.0,0.0,0.0,0.0
10.4990816116333,-1.5088623762130737,1.8813763856887817,0.0,0.0,-0.008109020069241524,-0.24822959303855896,0.0,0.0,-0.6779476965227783,-0.7058660719608914,0.2897797226905823,0.10185186564922333,0.0,0.0,0.0,0.0
10.501039743423462,-1.5088623762130737,1.8813763856887817,0.0,0.0,-0.008109020069241524,-0.24822959303855896,0.0,0.0,-0.6779476965227783,-0.7058660719608914,0.2897797226905823,0.10185186564922333,0.0,0.0,0.0,0.0
10.50257158279419,-1.5088623762130737,1.8813763856887817,0.0,0.0,-0.008109020069241524,-0.24822959303855896,0.0,0.0,-0.6779476965227783,-0.7058660719608914,0.2897797226905823,0.10185186564922333,0.0,0.0,0.0,0.0
10.504076957702637,-1.5088623762130737,1.8813763856887817,0.0,0.0,-0.008109020069241524,-0.24822959303855896,0.0,0.0,-0.6779476965227783,-0.7058660719608914,0.2897797226905823,0.10185186564922333,0.0,0.0,0.0,0.0
10.506098508834839,-1.5088623762130737,1.8813763856887817,0.0,0.0,-0.008109020069241524,-0.24822959303855896,0.0,0.0,-0.6779476965227783,-0.7058660719608914,0.2897797226905823,0.10185186564922333,0.0,0.0,0.0,0.0
10.507697105407715,-1.5088623762130737,1.8813763856887817,0.0,0.0,-0.008109020069241524,-0.24822959303855896,0.0,0.0,-0.6779476965227783,-0.7058660719608914,0.2897797226905823,0.10185186564922333,0.0,0.0,0.0,0.0
10.510181427001953,-1.516357660293579,1.8646997213363647,0.0,0.0,-0.008128877729177475,-0.24823717772960663,0.0,0.0,-0.6779476965227783,-0.7058660719608914,0.2897797226905823,0.10185186564922333,0.0,0.0,0.0,0.0
10.511717796325684,-1.516357660293579,1.8646997213363647,0.0,0.0,-0.008128877729177475,-0.24823717772960663,0.0,0.0,-0.6779476965227783,-0.7058660719608914,0.2897797226905823,0.10185186564922333,0.0,0.0,0.0,0.0
10.513278484344482,-1.516357660293579,1.8646997213363647,0.0,0.0,-0.008128877729177475,-0.24823717772960663,0.0,0.0,-0.6779476965227783,-0.7058660719608914,0.2897797226905823,0.10185186564922333,0.0,0.0,0.0,0.0
10.514733076095581,-1.516357660293579,1.8646997213363647,0.0,0.0,-0.008128877729177475,-0.24823717772960663,0.0,0.0,-0.6779476965227783,-0.7058660719608914,0.2897797226905823,0.10185186564922333,0.0,0.0,0.0,0.0
10.516194820404053,-1.516357660293579,1.8646997213363647,0.0,0.0,-0.008128877729177475,-0.24823717772960663,0.0,0.0,-0.6779476965227783,-0.7058660719608914,0.2897797226905823,0.10185186564922333,0.0,0.0,0.0,0.0
10.518415451049805,-1.5164166688919067,1.8643401861190796,0.0,0.0,-0.008147595450282097,-0.2482442557811737,0.0,0.0,-0.6779476965227783,-0.7058660719608914,0.2897797226905823,0.10185186564922333,0.0,0.0,0.0,0.0
10.519979238510132,-1.5164166688919067,1.8643401861190796,0.0,0.0,-0.008147595450282097,-0.2482442557811737,0.0,0.0,-0.6779476965227783,-0.7058660719608914,0.2897797226905823,0.10185186564922333,0.0,0.0,0.0,0.0
10.521405458450317,-1.5164166688919067,1.8643401861190796,0.0,0.0,-0.008147595450282097,-0.2482442557811737,0.0,0.0,-0.6779476965227783,-0.7058660719608914,0.2897797226905823,0.10185186564922333,0.0,0.0,0.0,0.0
10.522874116897583,-1.5164166688919067,1.8643401861190796,0.0,0.0,-0.008147595450282097,-0.2482442557811737,0.0,0.0,-0.6779476965227783,-0.7058660719608914,0.2897797226905823,0.10185186564922333,0.0,0.0,0.0,0.0
10.524948358535767,-1.5164166688919067,1.8643401861190796,0.0,0.0,-0.008147595450282097,-0.2482442557811737,0.0,0.0,-0.6779476965227783,-0.7058660719608914,0.2897797226905823,0.10185186564922333,0.0,0.0,0.0,0.0
10.526465654373169,-1.5164166688919067,1.8643401861190796,0.0,0.0,-0.008147595450282097,-0.2482442557811737,0.0,0.0,-0.6779476965227783,-0.7058660719608914,0.2897797226905823,0.10185186564922333,0.0,0.0,0.0,0.0
10.52848482131958,-1.5164166688919067,1.8643401861190796,0.0,0.0,-0.008147595450282097,-0.2482442557811737,0.0,0.0,-0.6779476965227783,-0.7058660719608914,0.2897797226905823,0.10185186564922333,0.0,0.0,0.0,0.0
10.53049087524414,-1.5164166688919067,1.8643401861190796,0.0,0.0,-0.008147595450282097,-0.2482442557811737,0.0,0.0,-0.6779476965227783,-0.7058660719608914,0.2897797226905823,0.10185186564922333,0.0,0.0,0.0,0.0
10.531948328018188,-1.5164166688919067,1.8643401861190796,0.0,0.0,-0.008147595450282097,-0.2482442557811737,0.0,0.0,-0.6779476965227783,-0.7058660719608914,0.2897797226905823,0.10185186564922333,0.0,0.0,0.0,0.0
10.533401489257812,-1.5164166688919067,1.8643401861190796,0.0,0.0,-0.008147595450282097,-0.2482442557811737,0.0,0.0,-0.6779476965227783,-0.7058660719608914,0.2897797226905823,0.10185186564922333,0.0,0.0,0.0,0.0
10.535469055175781,-1.5164166688919067,1.8643401861190796,0.0,0.0,-0.008147595450282097,-0.2482442557811737,0.0,0.0,-0.6779476965227783,-0.7058660719608914,0.2897797226905823,0.10185186564922333,0.0,0.0,0.0,0.0
10.537318229675293,-1.5164166688919067,1.8643401861190796,0.0,0.0,-0.008147595450282097,-0.2482442557811737,0.0,0.0,-0.6779476965227783,-0.7058660719608914,0.2897797226905823,0.10185186564922333,0.0,0.0,0.0,0.0
10.539845943450928,-1.5164166688919067,1.8643401861190796,0.0,0.0,-0.008147595450282097,-0.2482442557811737,0.0,0.0,-0.6779476965227783,-0.7058660719608914,0.2897797226905823,0.10185186564922333,0.0,0.0,0.0,0.0
10.541319370269775,-1.5164166688919067,1.8643401861190796,0.0,0.0,-0.008147595450282097,-0.2482442557811737,0.0,0.0,-0.6779476965227783,-0.7058660719608914,0.2897797226905823,0.10185186564922333,0.0,0.0,0.0,0.0
10.543198347091675,-1.5164166688919067,1.8643401861190796,0.0,0.0,-0.008147595450282097,-0.2482442557811737,0.0,0.0,-0.6779476965227783,-0.7058660719608914,0.2897797226905823,0.10185186564922333,0.0,0.0,0.0,0.0
10.544769525527954,-1.5164166688919067,1.8643401861190796,0.0,0.0,-0.008147595450282097,-0.2482442557811737,0.0,0.0,-0.6779476965227783,-0.7058660719608914,0.2897797226905823,0.10185186564922333,0.0,0.0,0.0,0.0
10.546255350112915,-1.5164166688919067,1.8643401861190796,0.0,0.0,-0.008147595450282097,-0.2482442557811737,0.0,0.0,-0.6779476965227783,-0.7058660719608914,0.2897797226905823,0.10185186564922333,0.0,0.0,0.0,0.0
10.54785943031311,-1.5164166688919067,1.8643401861190796,0.0,0.0,-0.008147595450282097,-0.2482442557811737,0.0,0.0,-0.6779476965227783,-0.7058660719608914,0.2897797226905823,0.10185186564922333,0.0,0.0,0.0,0.0
10.551138401031494,-1.5164166688919067,1.8643401861190796,0.0,0.0,-0.008147595450282097,-0.2482442557811737,0.0,0.0,-0.6779476965227783,-0.7058660719608914,0.2897797226905823,0.10185186564922333,0.0,0.0,0.0,0.0
10.552778959274292,-1.5164166688919067,1.8643401861190796,0.0,0.0,-0.008147595450282097,-0.2482442557811737,0.0,0.0,-0.6779476965227783,-0.7058660719608914,0.2897797226905823,0.10185186564922333,0.0,0.0,0.0,0.0
10.554213762283325,-1.5164166688919067,1.8643401861190796,0.0,0.0,-0.008147595450282097,-0.2482442557811737,0.0,0.0,-0.6779476965227783,-0.7058660719608914,0.2897797226905823,0.10185186564922333,0.0,0.0,0.0,0.0
10.555681705474854,-1.5164166688919067,1.8643401861190796,0.0,0.0,-0.008147595450282097,-0.2482442557811737,0.0,0.0,-0.6779476965227783,-0.7058660719608914,0.2897797226905823,0.10185186564922333,0.0,0.0,0.0,0.0
10.557236194610596,-1.5164166688919067,1.8643401861190796,0.0,0.0,-0.008147595450282097,-0.2482442557811737,0.0,0.0,-0.6779476965227783,-0.7058660719608914,0.2897797226905823,0.10185186564922333,0.0,0.0,0.0,0.0
10.559240579605103,-1.5164166688919067,1.8643401861190796,0.0,0.0,-0.008147595450282097,-0.2482442557811737,0.0,0.0,-0.6779476965227783,-0.7058660719608914,0.2897797226905823,0.10185186564922333,0.0,0.0,0.0,0.0
10.56088399887085,-1.5164166688919067,1.8643401861190796,0.0,0.0,-0.008147595450282097,-0.2482442557811737,0.0,0.0,-0.6779476965227783,-0.7058660719608914,0.2897797226905823,0.10185186564922333,0.0,0.0,0.0,0.0
10.563397645950317,-1.5164166688919067,1.8643401861190796,0.0,0.0,-0.008147595450282097,-0.2482442557811737,0.0,0.0,-0.6779476965227783,-0.7058660719608914,0.2897797226905823,0.10185186564922333,0.0,0.0,0.0,0.0
10.564955472946167,-1.5164166688919067,1.8643401861190796,0.0,0.0,-0.008147595450282097,-0.2482442557811737,0.0,0.0,-0.6779476965227783,-0.7058660719608914,0.2897797226905823,0.10185186564922333,0.0,0.0,0.0,0.0
10.566683530807495,-1.5164166688919067,1.8643401861190796,0.0,0.0,-0.008147595450282097,-0.2482442557811737,0.0,0.0,-0.6779476965227783,-0.7058660719608914,0.2897797226905823,0.10185186564922333,0.0,0.0,0.0,0.0
10.568264722824097,-1.5164166688919067,1.8643401861190796,0.0,0.0,-0.008147595450282097,-0.2482442557811737,0.0,0.0,-0.6779476965227783,-0.7058660719608914,0.2897797226905823,0.10185186564922333,0.0,0.0,0.0,0.0
10.569773435592651,-1.5164166688919067,1.8643401861190796,0.0,0.0,-0.008147595450282097,-0.2482442557811737,0.0,0.0,-0.6779476965227783,-0.7058660719608914,0.2897797226905823,0.10185186564922333,0.0,0.0,0.0,0.0
10.571888208389282,-1.5164166688919067,1.8643401861190796,0.0,0.0,-0.008147595450282097,-0.2482442557811737,0.0,0.0,-0.6779476965227783,-0.7058660719608914,0.2897797226905823,0.10185186564922333,0.0,0.0,0.0,0.0
10.573399543762207,-1.5164166688919067,1.8643401861190796,0.0,0.0,-0.008147595450282097,-0.2482442557811737,0.0,0.0,-0.6779476965227783,-0.7058660719608914,0.2897797226905823,0.10185186564922333,0.0,0.0,0.0,0.0
10.574984550476074,-1.5164166688919067,1.8643401861190796,0.0,0.0,-0.008147595450282097,-0.2482442557811737,0.0,0.0,-0.6779476965227783,-0.7058660719608914,0.2897797226905823,0.10185186564922333,0.0,0.0,0.0,0.0
10.576953649520874,-1.5164166688919067,1.8643401861190796,0.0,0.0,-0.008147595450282097,-0.2482442557811737,0.0,0.0,-0.6779476965227783,-0.7058660719608914,0.2897797226905823,0.10185186564922333,0.0,0.0,0.0,0.0
10.578421115875244,-1.5164166688919067,1.8643401861190796,0.0,0.0,-0.008147595450282097,-0.2482442557811737,0.0,0.0,-0.6779476965227783,-0.7058660719608914,0.2897797226905823,0.10185186564922333,0.0,0.0,0.0,0.0
10.579984664916992,-1.5164166688919067,1.8643401861190796,0.0,0.0,-0.008147595450282097,-0.2482442557811737,0.0,0.0,-0.6779476965227783,-0.7058660719608914,0.2897797226905823,0.10185186564922333,0.0,0.0,0.0,0.0
10.581398248672485,-1.5164166688919067,1.8643401861190796,0.0,0.0,-0.008147595450282097,-0.2482442557811737,0.0,0.0,-0.6779476965227783,-0.7058660719608914,0.2897797226905823,0.10185186564922333,0.0,0.0,0.0,0.0
10.582823038101196,-1.5164166688919067,1.8643401861190796,0.0,0.0,-0.008147595450282097,-0.2482442557811737,0.0,0.0,-0.6779476965227783,-0.7058660719608914,0.2897797226905823,0.10185186564922333,0.0,0.0,0.0,0.0
10.58426570892334,-1.5164166688919067,1.8643401861190796,0.0,0.0,-0.008147595450282097,-0.2482442557811737,0.0,0.0,-0.6779476965227783,-0.7058660719608914,0.2897797226905823,0.10185186564922333,0.0,0.0,0.0,0.0
10.585678815841675,-1.5164166688919067,1.8643401861190796,0.0,0.0,-0.008147595450282097,-0.2482442557811737,0.0,0.0,-0.6779476965227783,-0.7058660719608914,0.2897797226905823,0.10185186564922333,0.0,0.0,0.0,0.0
10.587632894515991,-1.5164166688919067,1.8643401861190796,0.0,0.0,-0.008147595450282097,-0.2482442557811737,0.0,0.0,-0.6779476965227783,-0.7058660719608914,0.2897797226905823,0.10185186564922333,0.0,0.0,0.0,0.0
10.589096546173096,-1.5164166688919067,1.8643401861190796,0.0,0.0,-0.008147595450282097,-0.2482442557811737,0.0,0.0,-0.6779476965227783,-0.7058660719608914,0.2897797226905823,0.10185186564922333,0.0,0.0,0.0,0.0
10.590754985809326,-1.5164166688919067,1.8643401861190796,0.0,0.0,-0.008147595450282097,-0.2482442557811737,0.0,0.0,-0.6779476965227783,-0.7058660719608914,0.2897797226905823,0.10185186564922333,0.0,0.0,0.0,0.0
10.592299699783325,-1.5164166688919067,1.8643401861190796,0.0,0.0,-0.008147595450282097,-0.2482442557811737,0.0,0.0,-0.6779476965227783,-0.7058660719608914,0.2897797226905823,0.10185186564922333,0.0,0.0,0.0,0.0
10.594226837158203,-1.5164166688919067,1.8643401861190796,0.0,0.0,-0.008147595450282097,-0.2482442557811737,0.0,0.0,-0.6779476965227783,-0.7058660719608914,0.2897797226905823,0.10185186564922333,0.0,0.0,0.0,0.0
10.595932960510254,-1.5164166688919067,1.8643401861190796,0.0,0.0,-0.008147595450282097,-0.2482442557811737,0.0,0.0,-0.6779476965227783,-0.7058660719608914,0.2897797226905823,0.10185186564922333,0.0,0.0,0.0,0.0
10.598219156265259,-1.5164166688919067,1.8643401861190796,0.0,0.0,-0.008147595450282097,-0.2482442557811737,0.0,0.0,-0.6779476965227783,-0.7058660719608914,0.2897797226905823,0.10185186564922333,0.0,0.0,0.0,0.0
10.599899291992188,-1.5164166688919067,1.8643401861190796,0.0,0.0,-0.008147595450282097,-0.2482442557811737,0.0,0.0,-0.6779476965227783,-0.7058660719608914,0.2897797226905823,0.10185186564922333,0.0,0.0,0.0,0.0
10.601510524749756,-1.5164166688919067,1.8643401861190796,0.0,0.0,-0.008147595450282097,-0.2482442557811737,0.0,0.0,-0.6779476965227783,-0.7058660719608914,0.2897797226905823,0.10185186564922333,0.0,0.0,0.0,0.0
10.603022575378418,-1.5164166688919067,1.8643401861190796,0.0,0.0,-0.008147595450282097,-0.2482442557811737,0.0,0.0,-0.6779476965227783,-0.7054202213437093,0.2897797226905823,0.09678768366575241,0.0,0.0,0.0,0.0
10.604528427124023,-1.5164166688919067,1.8643401861190796,0.0,0.0,-0.008147595450282097,-0.2482442557811737,0.0,0.0,-0.6779476965227783,-0.7054202213437093,0.2897797226905823,0.09678768366575241,0.0,0.0,0.0,0.0
10.606117486953735,-1.5164166688919067,1.8643401861190796,0.0,0.0,-0.008147595450282097,-0.2482442557811737,0.0,0.0,-0.6779476965227783,-0.7053722844440878,0.2897797226905823,0.09807530790567398,0.0,0.0,0.0,0.0
10.607727766036987,-1.5164166688919067,1.8643401861190796,0.0,0.0,-0.008147595450282097,-0.2482442557811737,0.0,0.0,-0.6779476965227783,-0.7053722844440878,0.2897797226905823,0.09807530790567398,0.0,0.0,0.0,0.0
10.60990834236145,-1.5164166688919067,1.8643401861190796,0.0,0.0,-0.008147595450282097,-0.2482442557811737,0.0,0.0,-0.6779476965227783,-0.7054010746718878,0.2897797226905823,0.09907660633325577,0.0,0.0,0.0,0.0
10.611449003219604,-1.5164166688919067,1.8643401861190796,0.0,0.0,-0.008147595450282097,-0.2482442557811737,0.0,0.0,-0.6779476965227783,-0.7054010746718878,0.2897797226905823,0.09907660633325577,0.0,0.0,0.0,0.0
10.61319375038147,-1.5164166688919067,1.8643401861190796,0.0,0.0,-0.008147595450282097,-0.2482442557811737,0.0,0.0,-0.6779476965227783,-0.7054010746718878,0.2897797226905823,0.09907660633325577,0.0,0.0,0.0,0.0
10.615058422088623,-1.5164166688919067,1.8643401861190796,0.0,0.0,-0.008147595450282097,-0.2482442557811737,0.0,0.0,-0.6779476965227783,-0.7054010746718878,0.2897797226905823,0.09907660633325577,0.0,0.0,0.0,0.0
10.616507053375244,-1.5164166688919067,1.8643401861190796,0.0,0.0,-0.008147595450282097,-0.2482442557811737,0.0,0.0,-0.6779476965227783,-0.7054010746718878,0.2897797226905823,0.09907660633325577,0.0,0.0,0.0,0.0
10.61841344833374,-1.5164166688919067,1.8643401861190796,0.0,0.0,-0.008147595450282097,-0.2482442557811737,0.0,0.0,-0.6779476965227783,-0.7054010746718878,0.2897797226905823,0.09907660633325577,0.0,0.0,0.0,0.0
10.619982481002808,-1.5164166688919067,1.8643401861190796,0.0,0.0,-0.008147595450282097,-0.2482442557811737,0.0,0.0,-0.6779476965227783,-0.7054010746718878,0.2897797226905823,0.09907660633325577,0.0,0.0,0.0,0.0
10.621987342834473,-1.5164166688919067,1.8643401861190796,0.0,0.0,-0.008147595450282097,-0.2482442557811737,0.0,0.0,-0.6779476965227783,-0.7054010746718878,0.2897797226905823,0.09907660633325577,0.0,0.0,0.0,0.0
10.623739957809448,-1.5164166688919067,1.8643401861190796,0.0,0.0,-0.008147595450282097,-0.2482442557811737,0.0,0.0,-0.6779476965227783,-0.7054010746718878,0.2897797226905823,0.09907660633325577,0.0,0.0,0.0,0.0
10.626099348068237,-1.5164166688919067,1.8643401861190796,0.0,0.0,-0.008147595450282097,-0.2482442557811737,0.0,0.0,-0.6779476965227783,-0.7054010746718878,0.2897797226905823,0.09907660633325577,0.0,0.0,0.0,0.0
10.628538131713867,-1.495013952255249,1.91195809841156,0.0,0.0,-0.008091502822935581,-0.2482229620218277,0.0,0.0,-0.6779476965227783,-0.7054010746718878,0.2897797226905823,0.09907660633325577,0.0,0.0,0.0,0.0
10.6302011013031,-1.495013952255249,1.91195809841156,0.0,0.0,-0.008091502822935581,-0.2482229620218277,0.0,0.0,-0.6779476965227783,-0.7054010746718878,0.2897797226905823,0.09907660633325577,0.0,0.0,0.0,0.0
10.631707906723022,-1.495013952255249,1.91195809841156,0.0,0.0,-0.008091502822935581,-0.2482229620218277,0.0,0.0,-0.6779476965227783,-0.7054010746718878,0.2897797226905823,0.09907660633325577,0.0,0.0,0.0,0.0
10.633285284042358,-1.495013952255249,1.91195809841156,0.0,0.0,-0.008091502822935581,-0.2482229620218277,0.0,0.0,-0.6779476965227783,-0.7054010746718878,0.2897797226905823,0.09907660633325577,0.0,0.0,0.0,0.0
10.635449409484863,-1.495013952255249,1.91195809841156,0.0,0.0,-0.008091502822935581,-0.2482229620218277,0.0,0.0,-0.6779476965227783,-0.7054010746718878,0.2897797226905823,0.09907660633325577,0.0,0.0,0.0,0.0
10.637092590332031,-1.495013952255249,1.91195809841156,0.0,0.0,-0.008091502822935581,-0.2482229620218277,0.0,0.0,-0.6779476965227783,-0.7054010746718878,0.2897797226905823,0.09907660633325577,0.0,0.0,0.0,0.0
10.638989925384521,-1.504969596862793,1.8901597261428833,0.0,0.0,-0.008089103735983372,-0.24822203814983368,0.0,0.0,-0.6779476965227783,-0.7054010746718878,0.2897797226905823,0.09907660633325577,0.0,0.0,0.0,0.0
10.640568494796753,-1.504969596862793,1.8901597261428833,0.0,0.0,-0.008089103735983372,-0.24822203814983368,0.0,0.0,-0.6779476965227783,-0.7054010746718878,0.2897797226905823,0.09907660633325577,0.0,0.0,0.0,0.0
10.642120599746704,-1.504969596862793,1.8901597261428833,0.0,0.0,-0.008089103735983372,-0.24822203814983368,0.0,0.0,-0.6779476965227783,-0.7054010746718878,0.2897797226905823,0.09907660633325577,0.0,0.0,0.0,0.0
10.643825769424438,-1.504969596862793,1.8901597261428833,0.0,0.0,-0.008089103735983372,-0.24822203814983368,0.0,0.0,-0.6779476965227783,-0.7054010746718878,0.2897797226905823,0.09907660633325577,0.0,0.0,0.0,0.0
10.645925521850586,-1.504969596862793,1.8901597261428833,0.0,0.0,-0.008089103735983372,-0.24822203814983368,0.0,0.0,-0.6779476965227783,-0.7054010746718878,0.2897797226905823,0.09907660633325577,0.0,0.0,0.0,0.0
10.647495031356812,-1.504969596862793,1.8901597261428833,0.0,0.0,-0.008089103735983372,-0.24822203814983368,0.0,0.0,-0.6779476965227783,-0.7054010746718878,0.2897797226905823,0.09907660633325577,0.0,0.0,0.0,0.0
10.649792909622192,-1.504969596862793,1.8901597261428833,0.0,0.0,-0.008089103735983372,-0.24822203814983368,0.0,0.0,-0.6779476965227783,-0.7054010746718878,0.2897797226905823,0.09907660633325577,0.0,0.0,0.0,0.0
10.651246547698975,-1.504969596862793,1.8901597261428833,0.0,0.0,-0.008089103735983372,-0.24822203814983368,0.0,0.0,-0.6779476965227783,-0.7054010746718878,0.2897797226905823,0.09907660633325577,0.0,0.0,0.0,0.0
10.652684926986694,-1.504969596862793,1.8901597261428833,0.0,0.0,-0.008089103735983372,-0.24822203814983368,0.0,0.0,-0.6779476965227783,-0.7054010746718878,0.2897797226905823,0.09907660633325577,0.0,0.0,0.0,0.0
10.654116153717041,-1.504969596862793,1.8901597261428833,0.0,0.0,-0.008089103735983372,-0.24822203814983368,0.0,0.0,-0.6779476965227783,-0.7054010746718878,0.2897797226905823,0.09907660633325577,0.0,0.0,0.0,0.0
10.655565977096558,-1.504969596862793,1.8901597261428833,0.0,0.0,-0.008089103735983372,-0.24822203814983368,0.0,0.0,-0.6779476965227783,-0.7054010746718878,0.2897797226905823,0.09907660633325577,0.0,0.0,0.0,0.0
10.656998872756958,-1.504969596862793,1.8901597261428833,0.0,0.0,-0.008089103735983372,-0.24822203814983368,0.0,0.0,-0.6779476965227783,-0.7054010746718878,0.2897797226905823,0.09907660633325577,0.0,0.0,0.0,0.0
10.65923547744751,-1.504969596862793,1.8901597261428833,0.0,0.0,-0.008089103735983372,-0.24822203814983368,0.0,0.0,-0.6779476965227783,-0.7054010746718878,0.2897797226905823,0.09907660633325577,0.0,0.0,0.0,0.0
10.660688638687134,-1.504969596862793,1.8901597261428833,0.0,0.0,-0.008089103735983372,-0.24822203814983368,0.0,0.0,-0.6779476965227783,-0.7054777549859307,0.2897797226905823,0.09907660633325577,0.0,0.0,0.0,0.0
10.662131309509277,-1.504969596862793,1.8901597261428833,0.0,0.0,-0.008089103735983372,-0.24822203814983368,0.0,0.0,-0.6779476965227783,-0.7054777549859307,0.2897797226905823,0.09907660633325577,0.0,0.0,0.0,0.0
10.663893222808838,-1.504969596862793,1.8901597261428833,0.0,0.0,-0.008089103735983372,-0.24822203814983368,0.0,0.0,-0.6779476965227783,-0.7058708469255021,0.2897797226905823,0.10436933487653732,0.0,0.0,0.0,0.0
10.665329456329346,-1.504969596862793,1.8901597261428833,0.0,0.0,-0.008089103735983372,-0.24822203814983368,0.0,0.0,-0.6779476965227783,-0.7059044121179128,0.2897797226905823,0.10288166254758835,0.0,0.0,0.0,0.0
10.666760206222534,-1.504969596862793,1.8901597261428833,0.0,0.0,-0.008089103735983372,-0.24822203814983368,0.0,0.0,-0.6779476965227783,-0.7059044121179128,0.2897797226905823,0.10288166254758835,0.0,0.0,0.0,0.0
10.66816234588623,-1.504969596862793,1.8901597261428833,0.0,0.0,-0.008089103735983372,-0.24822203814983368,0.0,0.0,-0.6779476965227783,-0.7058660719608914,0.2897797226905823,0.10185186564922333,0.0,0.0,0.0,0.0
10.6695876121521,-1.504969596862793,1.8901597261428833,0.0,0.0,-0.008089103735983372,-0.24822203814983368,0.0,0.0,-0.6779476965227783,-0.7058660719608914,0.2897797226905823,0.10185186564922333,0.0,0.0,0.0,0.0
10.671420574188232,-1.504969596862793,1.8901597261428833,0.0,0.0,-0.008089103735983372,-0.24822203814983368,0.0,0.0,-0.6779476965227783,-0.7058660719608914,0.2897797226905823,0.10185186564922333,0.0,0.0,0.0,0.0
10.67312502861023,-1.504969596862793,1.8901597261428833,0.0,0.0,-0.008089103735983372,-0.24822203814983368,0.0,0.0,-0.6779476965227783,-0.7058660719608914,0.2897797226905823,0.10185186564922333,0.0,0.0,0.0,0.0
10.674684762954712,-1.504969596862793,1.8901597261428833,0.0,0.0,-0.008089103735983372,-0.24822203814983368,0.0,0.0,-0.6779476965227783,-0.7058660719608914,0.2897797226905823,0.10185186564922333,0.0,0.0,0.0,0.0
10.676159143447876,-1.504969596862793,1.8901597261428833,0.0,0.0,-0.008089103735983372,-0.24822203814983368,0.0,0.0,-0.6779476965227783,-0.7058660719608914,0.2897797226905823,0.10185186564922333,0.0,0.0,0.0,0.0
10.678013324737549,-1.504969596862793,1.8901597261428833,0.0,0.0,-0.008089103735983372,-0.24822203814983368,0.0,0.0,-0.6779476965227783,-0.7058660719608914,0.2897797226905823,0.10185186564922333,0.0,0.0,0.0,0.0
10.679939031600952,-1.504969596862793,1.8901597261428833,0.0,0.0,-0.008089103735983372,-0.24822203814983368,0.0,0.0,-0.6779476965227783,-0.7058660719608914,0.2897797226905823,0.10185186564922333,0.0,0.0,0.0,0.0
10.681401014328003,-1.504969596862793,1.8901597261428833,0.0,0.0,-0.008089103735983372,-0.24822203814983368,0.0,0.0,-0.6779476965227783,-0.7058660719608914,0.2897797226905823,0.10185186564922333,0.0,0.0,0.0,0.0
10.683264017105103,-1.504969596862793,1.8901597261428833,0.0,0.0,-0.008089103735983372,-0.24822203814983368,0.0,0.0,-0.6779476965227783,-0.7058660719608914,0.2897797226905823,0.10185186564922333,0.0,0.0,0.0,0.0
10.684689998626709,-1.504969596862793,1.8901597261428833,0.0,0.0,-0.008089103735983372,-0.24822203814983368,0.0,0.0,-0.6779476965227783,-0.7058660719608914,0.2897797226905823,0.10185186564922333,0.0,0.0,0.0,0.0
10.686105966567993,-1.504969596862793,1.8901597261428833,0.0,0.0,-0.008089103735983372,-0.24822203814983368,0.0,0.0,-0.6779476965227783,-0.7058660719608914,0.2897797226905823,0.10185186564922333,0.0,0.0,0.0,0.0
10.6875319480896,-1.504969596862793,1.8901597261428833,0.0,0.0,-0.008089103735983372,-0.24822203814983368,0.0,0.0,-0.6779476965227783,-0.7058660719608914,0.2897797226905823,0.10185186564922333,0.0,0.0,0.0,0.0
10.689062356948853,-1.5273377895355225,1.8403968811035156,0.0,0.0,-0.00814819522202015,-0.2482444792985916,0.0,0.0,-0.6779476965227783,-0.7058660719608914,0.2897797226905823,0.10185186564922333,0.0,0.0,0.0,0.0
10.690990447998047,-1.5273377895355225,1.8403968811035156,0.0,0.0,-0.00814819522202015,-0.2482444792985916,0.0,0.0,-0.6779476965227783,-0.7058660719608914,0.2897797226905823,0.10185186564922333,0.0,0.0,0.0,0.0
10.69251012802124,-1.5273377895355225,1.8403968811035156,0.0,0.0,-0.00814819522202015,-0.2482444792985916,0.0,0.0,-0.6779476965227783,-0.7058660719608914,0.2897797226905823,0.10185186564922333,0.0,0.0,0.0,0.0
10.69390320777893,-1.5273377895355225,1.8403968811035156,0.0,0.0,-0.00814819522202015,-0.2482444792985916,0.0,0.0,-0.6779476965227783,-0.7058660719608914,0.2897797226905823,0.10185186564922333,0.0,0.0,0.0,0.0
10.69528579711914,-1.5273377895355225,1.8403968811035156,0.0,0.0,-0.00814819522202015,-0.2482444792985916,0.0,0.0,-0.6779476965227783,-0.7058660719608914,0.2897797226905823,0.10185186564922333,0.0,0.0,0.0,0.0
10.697229862213135,-1.5273377895355225,1.8403968811035156,0.0,0.0,-0.00814819522202015,-0.2482444792985916,0.0,0.0,-0.6779476965227783,-0.7058660719608914,0.2897797226905823,0.10185186564922333,0.0,0.0,0.0,0.0
10.69871211051941,-1.5164166688919067,1.8643401861190796,0.0,0.0,-0.008147595450282097,-0.2482442557811737,0.0,0.0,-0.6779476965227783,-0.7058660719608914,0.2897797226905823,0.10185186564922333,0.0,0.0,0.0,0.0
10.700095653533936,-1.5164166688919067,1.8643401861190796,0.0,0.0,-0.008147595450282097,-0.2482442557811737,0.0,0.0,-0.6779476965227783,-0.7058660719608914,0.2897797226905823,0.10185186564922333,0.0,0.0,0.0,0.0
10.701735496520996,-1.5164166688919067,1.8643401861190796,0.0,0.0,-0.008147595450282097,-0.2482442557811737,0.0,0.0,-0.6779476965227783,-0.7058660719608914,0.2897797226905823,0.10185186564922333,0.0,0.0,0.0,0.0
10.70313048362732,-1.5164166688919067,1.8643401861190796,0.0,0.0,-0.008147595450282097,-0.2482442557811737,0.0,0.0,-0.6779476965227783,-0.7058660719608914,0.2897797226905823,0.10185186564922333,0.0,0.0,0.0,0.0
10.705444812774658,-1.5164166688919067,1.8643401861190796,0.0,0.0,-0.008147595450282097,-0.2482442557811737,0.0,0.0,-0.6779476965227783,-0.7058660719608914,0.2897797226905823,0.10185186564922333,0.0,0.0,0.0,0.0
10.707516431808472,-1.5164166688919067,1.8643401861190796,0.0,0.0,-0.008147595450282097,-0.2482442557811737,0.0,0.0,-0.6779476965227783,-0.7058660719608914,0.2897797226905823,0.10185186564922333,0.0,0.0,0.0,0.0
10.709502220153809,-1.5164166688919067,1.8643401861190796,0.0,0.0,-0.008147595450282097,-0.2482442557811737,0.0,0.0,-0.6779476965227783,-0.7058660719608914,0.2897797226905823,0.10185186564922333,0.0,0.0,0.0,0.0
10.711318254470825,-1.5164166688919067,1.8643401861190796,0.0,0.0,-0.008147595450282097,-0.2482442557811737,0.0,0.0,-0.6779476965227783,-0.7058660719608914,0.2897797226905823,0.10185186564922333,0.0,0.0,0.0,0.0
10.712930679321289,-1.5164166688919067,1.8643401861190796,0.0,0.0,-0.008147595450282097,-0.2482442557811737,0.0,0.0,-0.6779476965227783,-0.7058660719608914,0.2897797226905823,0.10185186564922333,0.0,0.0,0.0,0.0
10.714613676071167,-1.5164166688919067,1.8643401861190796,0.0,0.0,-0.008147595450282097,-0.2482442557811737,0.0,0.0,-0.6779476965227783,-0.7058660719608914,0.2897797226905823,0.10185186564922333,0.0,0.0,0.0,0.0
10.716577291488647,-1.5164166688919067,1.8643401861190796,0.0,0.0,-0.008147595450282097,-0.2482442557811737,0.0,0.0,-0.6779476965227783,-0.7058660719608914,0.2897797226905823,0.10185186564922333,0.0,0.0,0.0,0.0
10.718162059783936,-1.5164166688919067,1.8643401861190796,0.0,0.0,-0.008147595450282097,-0.2482442557811737,0.0,0.0,-0.6779476965227783,-0.7058660719608914,0.2897797226905823,0.10185186564922333,0.0,0.0,0.0,0.0
10.719698190689087,-1.5164166688919067,1.8643401861190796,0.0,0.0,-0.008147595450282097,-0.2482442557811737,0.0,0.0,-0.6779476965227783,-0.7058660719608914,0.2897797226905823,0.10185186564922333,0.0,0.0,0.0,0.0
10.721342086791992,-1.5164166688919067,1.8643401861190796,0.0,0.0,-0.008147595450282097,-0.2482442557811737,0.0,0.0,-0.6779476965227783,-0.7058660719608914,0.2897797226905823,0.10185186564922333,0.0,0.0,0.0,0.0
10.722790002822876,-1.5164166688919067,1.8643401861190796,0.0,0.0,-0.008147595450282097,-0.2482442557811737,0.0,0.0,-0.6779476965227783,-0.7058660719608914,0.2897797226905823,0.10185186564922333,0.0,0.0,0.0,0.0
10.724117279052734,-1.5164166688919067,1.8643401861190796,0.0,0.0,-0.008147595450282097,-0.2482442557811737,0.0,0.0,-0.6779476965227783,-0.7058660719608914,0.2897797226905823,0.10185186564922333,0.0,0.0,0.0,0.0
10.725400924682617,-1.5164166688919067,1.8643401861190796,0.0,0.0,-0.008147595450282097,-0.2482442557811737,0.0,0.0,-0.6779476965227783,-0.7058660719608914,0.2897797226905823,0.10185186564922333,0.0,0.0,0.0,0.0
10.726982355117798,-1.5164166688919067,1.8643401861190796,0.0,0.0,-0.008147595450282097,-0.2482442557811737,0.0,0.0,-0.6779476965227783,-0.7058660719608914,0.2897797226905823,0.10185186564922333,0.0,0.0,0.0,0.0
10.728246927261353,-1.5164166688919067,1.8643401861190796,0.0,0.0,-0.008147595450282097,-0.2482442557811737,0.0,0.0,-0.6779476965227783,-0.7058660719608914,0.2897797226905823,0.10185186564922333,0.0,0.0,0.0,0.0
10.729893207550049,-1.5164166688919067,1.8643401861190796,0.0,0.0,-0.008147595450282097,-0.2482442557811737,0.0,0.0,-0.6779476965227783,-0.7058660719608914,0.2897797226905823,0.10185186564922333,0.0,0.0,0.0,0.0
10.73114275932312,-1.5164166688919067,1.8643401861190796,0.0,0.0,-0.008147595450282097,-0.2482442557811737,0.0,0.0,-0.6779476965227783,-0.7058660719608914,0.2897797226905823,0.10185186564922333,0.0,0.0,0.0,0.0
10.732388257980347,-1.5164166688919067,1.8643401861190796,0.0,0.0,-0.008147595450282097,-0.2482442557811737,0.0,0.0,-0.6779476965227783,-0.7058660719608914,0.2897797226905823,0.10185186564922333,0.0,0.0,0.0,0.0
10.733623266220093,-1.5164166688919067,1.8643401861190796,0.0,0.0,-0.008147595450282097,-0.2482442557811737,0.0,0.0,-0.6779476965227783,-0.7058660719608914,0.2897797226905823,0.10185186564922333,0.0,0.0,0.0,0.0
10.734866380691528,-1.5164166688919067,1.8643401861190796,0.0,0.0,-0.008147595450282097,-0.2482442557811737,0.0,0.0,-0.6779476965227783,-0.7058660719608914,0.2897797226905823,0.10185186564922333,0.0,0.0,0.0,0.0
10.736289024353027,-1.5164166688919067,1.8643401861190796,0.0,0.0,-0.008147595450282097,-0.2482442557811737,0.0,0.0,-0.6779476965227783,-0.7058660719608914,0.2897797226905823,0.10185186564922333,0.0,0.0,0.0,0.0
10.73752498626709,-1.5164166688919067,1.8643401861190796,0.0,0.0,-0.008147595450282097,-0.2482442557811737,0.0,0.0,-0.6779476965227783,-0.7058660719608914,0.2897797226905823,0.10185186564922333,0.0,0.0,0.0,0.0
10.738758563995361,-1.5164166688919067,1.8643401861190796,0.0,0.0,-0.008147595450282097,-0.2482442557811737,0.0,0.0,-0.6779476965227783,-0.7058660719608914,0.2897797226905823,0.10185186564922333,0.0,0.0,0.0,0.0
10.740065574645996,-1.5164166688919067,1.8643401861190796,0.0,0.0,-0.008147595450282097,-0.2482442557811737,0.0,0.0,-0.6779476965227783,-0.7058660719608914,0.2897797226905823,0.10185186564922333,0.0,0.0,0.0,0.0
10.741322040557861,-1.5164166688919067,1.8643401861190796,0.0,0.0,-0.008147595450282097,-0.2482442557811737,0.0,0.0,-0.6779476965227783,-0.7058660719608914,0.2897797226905823,0.10185186564922333,0.0,0.0,0.0,0.0
10.742711544036865,-1.5164166688919067,1.8643401861190796,0.0,0.0,-0.008147595450282097,-0.2482442557811737,0.0,0.0,-0.6779476965227783,-0.7058660719608914,0.2897797226905823,0.10185186564922333,0.0,0.0,0.0,0.0
10.744003534317017,-1.5164166688919067,1.8643401861190796,0.0,0.0,-0.008147595450282097,-0.2482442557811737,0.0,0.0,-0.6779476965227783,-0.7058660719608914,0.2897797226905823,0.10185186564922333,0.0,0.0,0.0,0.0
10.745245456695557,-1.5164166688919067,1.8643401861190796,0.0,0.0,-0.008147595450282097,-0.2482442557811737,0.0,0.0,-0.6779476965227783,-0.7058660719608914,0.2897797226905823,0.10185186564922333,0.0,0.0,0.0,0.0
10.746509075164795,-1.5164166688919067,1.8643401861190796,0.0,0.0,-0.008147595450282097,-0.2482442557811737,0.0,0.0,-0.6779476965227783,-0.7058660719608914,0.2897797226905823,0.10185186564922333,0.0,0.0,0.0,0.0
10.748060703277588,-1.5164166688919067,1.8643401861190796,0.0,0.0,-0.008147595450282097,-0.2482442557811737,0.0,0.0,-0.6779476965227783,-0.7058660719608914,0.2897797226905823,0.10185186564922333,0.0,0.0,0.0,0.0
10.749341011047363,-1.5164166688919067,1.8643401861190796,0.0,0.0,-0.008147595450282097,-0.2482442557811737,0.0,0.0,-0.6779476965227783,-0.7058660719608914,0.2897797226905823,0.10185186564922333,0.0,0.0,0.0,0.0
10.75060510635376,-1.5164166688919067,1.8643401861190796,0.0,0.0,-0.008147595450282097,-0.2482442557811737,0.0,0.0,-0.6779476965227783,-0.7058660719608914,0.2897797226905823,0.10185186564922333,0.0,0.0,0.0,0.0
10.752204179763794,-1.5164166688919067,1.8643401861190796,0.0,0.0,-0.008147595450282097,-0.2482442557811737,0.0,0.0,-0.6779476965227783,-0.7054633832787199,0.2897797226905823,0.09704528748989105,0.0,0.0,0.0,0.0
10.753582239151001,-1.5164166688919067,1.8643401861190796,0.0,0.0,-0.008147595450282097,-0.2482442557811737,0.0,0.0,-0.6779476965227783,-0.7054633832787199,0.2897797226905823,0.09704528748989105,0.0,0.0,0.0,0.0
10.754852533340454,-1.5164166688919067,1.8643401861190796,0.0,0.0,-0.008147595450282097,-0.2482442557811737,0.0,0.0,-0.6779476965227783,-0.7053962528938985,0.2897797226905823,0.09693067520856857,0.0,0.0,0.0,0.0
10.756123304367065,-1.5164166688919067,1.8643401861190796,0.0,0.0,-0.008147595450282097,-0.2482442557811737,0.0,0.0,-0.6779476965227783,-0.7053962528938985,0.2897797226905823,0.09693067520856857,0.0,0.0,0.0,0.0
10.757384538650513,-1.5164166688919067,1.8643401861190796,0.0,0.0,-0.008147595450282097,-0.2482442557811737,0.0,0.0,-0.6779476965227783,-0.7054010746718878,0.2897797226905823,0.09907660633325577,0.0,0.0,0.0,0.0
10.758663415908813,-1.5164166688919067,1.8643401861190796,0.0,0.0,-0.008147595450282097,-0.2482442557811737,0.0,0.0,-0.6779476965227783,-0.7054010746718878,0.2897797226905823,0.09907660633325577,0.0,0.0,0.0,0.0
10.759953498840332,-1.5164166688919067,1.8643401861190796,0.0,0.0,-0.008147595450282097,-0.2482442557811737,0.0,0.0,-0.6779476965227783,-0.7054010746718878,0.2897797226905823,0.09907660633325577,0.0,0.0,0.0,0.0
10.76124095916748,-1.5164166688919067,1.8643401861190796,0.0,0.0,-0.008147595450282097,-0.2482442557811737,0.0,0.0,-0.6779476965227783,-0.7054010746718878,0.2897797226905823,0.09907660633325577,0.0,0.0,0.0,0.0
10.762948751449585,-1.5164166688919067,1.8643401861190796,0.0,0.0,-0.008147595450282097,-0.2482442557811737,0.0,0.0,-0.6779476965227783,-0.7054010746718878,0.2897797226905823,0.09907660633325577,0.0,0.0,0.0,0.0
10.7642343044281,-1.5164166688919067,1.8643401861190796,0.0,0.0,-0.008147595450282097,-0.2482442557811737,0.0,0.0,-0.6779476965227783,-0.7054010746718878,0.2897797226905823,0.09907660633325577,0.0,0.0,0.0,0.0
10.76553463935852,-1.5164166688919067,1.8643401861190796,0.0,0.0,-0.008147595450282097,-0.2482442557811737,0.0,0.0,-0.6779476965227783,-0.7054010746718878,0.2897797226905823,0.09907660633325577,0.0,0.0,0.0,0.0
10.766817808151245,-1.5164166688919067,1.8643401861190796,0.0,0.0,-0.008147595450282097,-0.2482442557811737,0.0,0.0,-0.6779476965227783,-0.7054010746718878,0.2897797226905823,0.09907660633325577,0.0,0.0,0.0,0.0
10.768111228942871,-1.5164166688919067,1.8643401861190796,0.0,0.0,-0.008147595450282097,-0.2482442557811737,0.0,0.0,-0.6779476965227783,-0.7054010746718878,0.2897797226905823,0.09907660633325577,0.0,0.0,0.0,0.0
10.769442081451416,-1.5164166688919067,1.8643401861190796,0.0,0.0,-0.008147595450282097,-0.2482442557811737,0.0,0.0,-0.6779476965227783,-0.7054010746718878,0.2897797226905823,0.09907660633325577,0.0,0.0,0.0,0.0
10.77108645439148,-1.5164166688919067,1.8643401861190796,0.0,0.0,-0.008147595450282097,-0.2482442557811737,0.0,0.0,-0.6779476965227783,-0.7054010746718878,0.2897797226905823,0.09907660633325577,0.0,0.0,0.0,0.0
10.772647142410278,-1.5164166688919067,1.8643401861190796,0.0,0.0,-0.008147595450282097,-0.2482442557811737,0.0,0.0,-0.6779476965227783,-0.7054010746718878,0.2897797226905823,0.09907660633325577,0.0,0.0,0.0,0.0
10.774038553237915,-1.5164166688919067,1.8643401861190796,0.0,0.0,-0.008147595450282097,-0.2482442557811737,0.0,0.0,-0.6779476965227783,-0.7054010746718878,0.2897797226905823,0.09907660633325577,0.0,0.0,0.0,0.0
10.775408267974854,-1.5164166688919067,1.8643401861190796,0.0,0.0,-0.008147595450282097,-0.2482442557811737,0.0,0.0,-0.6779476965227783,-0.7054010746718878,0.2897797226905823,0.09907660633325577,0.0,0.0,0.0,0.0
10.776885986328125,-1.5164166688919067,1.8643401861190796,0.0,0.0,-0.008147595450282097,-0.2482442557811737,0.0,0.0,-0.6779476965227783,-0.7054010746718878,0.2897797226905823,0.09907660633325577,0.0,0.0,0.0,0.0
10.778163433074951,-1.495665431022644,1.9105675220489502,0.0,0.0,-0.00808850396424532,-0.24822182953357697,0.0,0.0,-0.6779476965227783,-0.7054010746718878,0.2897797226905823,0.09907660633325577,0.0,0.0,0.0,0.0
10.77999496459961,-1.495665431022644,1.9105675220489502,0.0,0.0,-0.00808850396424532,-0.24822182953357697,0.0,0.0,-0.6779476965227783,-0.7054010746718878,0.2897797226905823,0.09907660633325577,0.0,0.0,0.0,0.0
10.781258583068848,-1.495665431022644,1.9105675220489502,0.0,0.0,-0.00808850396424532,-0.24822182953357697,0.0,0.0,-0.6779476965227783,-0.7054010746718878,0.2897797226905823,0.09907660633325577,0.0,0.0,0.0,0.0
10.78251338005066,-1.495665431022644,1.9105675220489502,0.0,0.0,-0.00808850396424532,-0.24822182953357697,0.0,0.0,-0.6779476965227783,-0.7054010746718878,0.2897797226905823,0.09907660633325577,0.0,0.0,0.0,0.0
10.78413438796997,-1.495665431022644,1.9105675220489502,0.0,0.0,-0.00808850396424532,-0.24822182953357697,0.0,0.0,-0.6779476965227783,-0.7054010746718878,0.2897797226905823,0.09907660633325577,0.0,0.0,0.0,0.0
10.78539752960205,-1.495665431022644,1.9105675220489502,0.0,0.0,-0.00808850396424532,-0.24822182953357697,0.0,0.0,-0.6779476965227783,-0.7054010746718878,0.2897797226905823,0.09907660633325577,0.0,0.0,0.0,0.0
10.78667402267456,-1.495665431022644,1.9105675220489502,0.0,0.0,-0.00808850396424532,-0.24822182953357697,0.0,0.0,-0.6779476965227783,-0.7054010746718878,0.2897797226905823,0.09907660633325577,0.0,0.0,0.0,0.0
10.788266897201538,-1.504969596862793,1.8901597261428833,0.0,0.0,-0.008089103735983372,-0.24822203814983368,0.0,0.0,-0.6779476965227783,-0.7054010746718878,0.2897797226905823,0.09907660633325577,0.0,0.0,0.0,0.0
10.7896568775177,-1.504969596862793,1.8901597261428833,0.0,0.0,-0.008089103735983372,-0.24822203814983368,0.0,0.0,-0.6779476965227783,-0.7054010746718878,0.2897797226905823,0.09907660633325577,0.0,0.0,0.0,0.0
10.790936946868896,-1.504969596862793,1.8901597261428833,0.0,0.0,-0.008089103735983372,-0.24822203814983368,0.0,0.0,-0.6779476965227783,-0.7054010746718878,0.2897797226905823,0.09907660633325577,0.0,0.0,0.0,0.0
10.792210102081299,-1.504969596862793,1.8901597261428833,0.0,0.0,-0.008089103735983372,-0.24822203814983368,0.0,0.0,-0.6779476965227783,-0.7054010746718878,0.2897797226905823,0.09907660633325577,0.0,0.0,0.0,0.0
10.79346489906311,-1.504969596862793,1.8901597261428833,0.0,0.0,-0.008089103735983372,-0.24822203814983368,0.0,0.0,-0.6779476965227783,-0.7054010746718878,0.2897797226905823,0.09907660633325577,0.0,0.0,0.0,0.0
10.79474663734436,-1.504969596862793,1.8901597261428833,0.0,0.0,-0.008089103735983372,-0.24822203814983368,0.0,0.0,-0.6779476965227783,-0.7054010746718878,0.2897797226905823,0.09907660633325577,0.0,0.0,0.0,0.0
10.796005725860596,-1.504969596862793,1.8901597261428833,0.0,0.0,-0.008089103735983372,-0.24822203814983368,0.0,0.0,-0.6779476965227783,-0.7054010746718878,0.2897797226905823,0.09907660633325577,0.0,0.0,0.0,0.0
10.797274112701416,-1.504969596862793,1.8901597261428833,0.0,0.0,-0.008089103735983372,-0.24822203814983368,0.0,0.0,-0.6779476965227783,-0.7054010746718878,0.2897797226905823,0.09907660633325577,0.0,0.0,0.0,0.0
10.798539161682129,-1.504969596862793,1.8901597261428833,0.0,0.0,-0.008089103735983372,-0.24822203814983368,0.0,0.0,-0.6779476965227783,-0.7054010746718878,0.2897797226905823,0.09907660633325577,0.0,0.0,0.0,0.0
10.800102472305298,-1.504969596862793,1.8901597261428833,0.0,0.0,-0.008089103735983372,-0.24822203814983368,0.0,0.0,-0.6779476965227783,-0.7054010746718878,0.2897797226905823,0.09907660633325577,0.0,0.0,0.0,0.0
10.801378965377808,-1.504969596862793,1.8901597261428833,0.0,0.0,-0.008089103735983372,-0.24822203814983368,0.0,0.0,-0.6779476965227783,-0.7054010746718878,0.2897797226905823,0.09907660633325577,0.0,0.0,0.0,0.0
10.802665710449219,-1.504969596862793,1.8901597261428833,0.0,0.0,-0.008089103735983372,-0.24822203814983368,0.0,0.0,-0.6779476965227783,-0.7054010746718878,0.2897797226905823,0.09907660633325577,0.0,0.0,0.0,0.0
10.804133176803589,-1.504969596862793,1.8901597261428833,0.0,0.0,-0.008089103735983372,-0.24822203814983368,0.0,0.0,-0.6779476965227783,-0.7054010746718878,0.2897797226905823,0.09907660633325577,0.0,0.0,0.0,0.0
10.805461406707764,-1.504969596862793,1.8901597261428833,0.0,0.0,-0.008089103735983372,-0.24822203814983368,0.0,0.0,-0.6779476965227783,-0.7054010746718878,0.2897797226905823,0.09907660633325577,0.0,0.0,0.0,0.0
10.806844472885132,-1.504969596862793,1.8901597261428833,0.0,0.0,-0.008089103735983372,-0.24822203814983368,0.0,0.0,-0.6779476965227783,-0.7054010746718878,0.2897797226905823,0.09907660633325577,0.0,0.0,0.0,0.0
10.808163166046143,-1.504969596862793,1.8901597261428833,0.0,0.0,-0.008089103735983372,-0.24822203814983368,0.0,0.0,-0.6779476965227783,-0.7054010746718878,0.2897797226905823,0.09907660633325577,0.0,0.0,0.0,0.0
10.809646368026733,-1.504969596862793,1.8901597261428833,0.0,0.0,-0.008089103735983372,-0.24822203814983368,0.0,0.0,-0.6779476965227783,-0.7054010746718878,0.2897797226905823,0.09907660633325577,0.0,0.0,0.0,0.0
10.81102180480957,-1.504969596862793,1.8901597261428833,0.0,0.0,-0.008089103735983372,-0.24822203814983368,0.0,0.0,-0.6779476965227783,-0.7054010746718878,0.2897797226905823,0.09907660633325577,0.0,0.0,0.0,0.0
10.812304973602295,-1.504969596862793,1.8901597261428833,0.0,0.0,-0.008089103735983372,-0.24822203814983368,0.0,0.0,-0.6779476965227783,-0.7054010746718878,0.2897797226905823,0.09907660633325577,0.0,0.0,0.0,0.0
10.81364107131958,-1.504969596862793,1.8901597261428833,0.0,0.0,-0.008089103735983372,-0.24822203814983368,0.0,0.0,-0.6779476965227783,-0.7054010746718878,0.2897797226905823,0.09907660633325577,0.0,0.0,0.0,0.0
10.814913511276245,-1.504969596862793,1.8901597261428833,0.0,0.0,-0.008089103735983372,-0.24822203814983368,0.0,0.0,-0.6779476965227783,-0.7054010746718878,0.2897797226905823,0.09907660633325577,0.0,0.0,0.0,0.0
10.816193342208862,-1.504969596862793,1.8901597261428833,0.0,0.0,-0.008089103735983372,-0.24822203814983368,0.0,0.0,-0.6779476965227783,-0.7054010746718878,0.2897797226905823,0.09907660633325577,0.0,0.0,0.0,0.0
10.817456722259521,-1.504969596862793,1.8901597261428833,0.0,0.0,-0.008089103735983372,-0.24822203814983368,0.0,0.0,-0.6779476965227783,-0.7054010746718878,0.2897797226905823,0.09907660633325577,0.0,0.0,0.0,0.0
10.818770408630371,-1.504969596862793,1.8901597261428833,0.0,0.0,-0.008089103735983372,-0.24822203814983368,0.0,0.0,-0.6779476965227783,-0.7054010746718878,0.2897797226905823,0.09907660633325577,0.0,0.0,0.0,0.0
10.820034742355347,-1.504969596862793,1.8901597261428833,0.0,0.0,-0.008089103735983372,-0.24822203814983368,0.0,0.0,-0.6779476965227783,-0.7054010746718878,0.2897797226905823,0.09907660633325577,0.0,0.0,0.0,0.0
10.821582317352295,-1.504969596862793,1.8901597261428833,0.0,0.0,-0.008089103735983372,-0.24822203814983368,0.0,0.0,-0.6779476965227783,-0.7054010746718878,0.2897797226905823,0.09907660633325577,0.0,0.0,0.0,0.0
10.822892189025879,-1.504969596862793,1.8901597261428833,0.0,0.0,-0.008089103735983372,-0.24822203814983368,0.0,0.0,-0.6779476965227783,-0.7054010746718878,0.2897797226905823,0.09907660633325577,0.0,0.0,0.0,0.0
10.824541091918945,-1.504969596862793,1.8901597261428833,0.0,0.0,-0.008089103735983372,-0.24822203814983368,0.0,0.0,-0.6779476965227783,-0.7054010746718878,0.2897797226905823,0.09907660633325577,0.0,0.0,0.0,0.0
10.825796127319336,-1.504969596862793,1.8901597261428833,0.0,0.0,-0.008089103735983372,-0.24822203814983368,0.0,0.0,-0.6779476965227783,-0.7054010746718878,0.2897797226905823,0.09907660633325577,0.0,0.0,0.0,0.0
10.82702112197876,-1.504969596862793,1.8901597261428833,0.0,0.0,-0.008089103735983372,-0.24822203814983368,0.0,0.0,-0.6779476965227783,-0.7054010746718878,0.2897797226905823,0.09907660633325577,0.0,0.0,0.0,0.0
10.828341722488403,-1.504969596862793,1.8901597261428833,0.0,0.0,-0.008089103735983372,-0.24822203814983368,0.0,0.0,-0.6779476965227783,-0.7054010746718878,0.2897797226905823,0.09907660633325577,0.0,0.0,0.0,0.0
10.82960820198059,-1.504969596862793,1.8901597261428833,0.0,0.0,-0.008089103735983372,-0.24822203814983368,0.0,0.0,-0.6779476965227783,-0.7054010746718878,0.2897797226905823,0.09907660633325577,0.0,0.0,0.0,0.0
10.831184148788452,-1.504969596862793,1.8901597261428833,0.0,0.0,-0.008089103735983372,-0.24822203814983368,0.0,0.0,-0.6779476965227783,-0.7054010746718878,0.2897797226905823,0.09907660633325577,0.0,0.0,0.0,0.0
10.832533121109009,-1.504969596862793,1.8901597261428833,0.0,0.0,-0.008089103735983372,-0.24822203814983368,0.0,0.0,-0.6779476965227783,-0.7054010746718878,0.2897797226905823,0.09907660633325577,0.0,0.0,0.0,0.0
10.833796262741089,-1.504969596862793,1.8901597261428833,0.0,0.0,-0.008089103735983372,-0.24822203814983368,0.0,0.0,-0.6779476965227783,-0.7054010746718878,0.2897797226905823,0.09907660633325577,0.0,0.0,0.0,0.0
10.835034608840942,-1.504969596862793,1.8901597261428833,0.0,0.0,-0.008089103735983372,-0.24822203814983368,0.0,0.0,-0.6779476965227783,-0.7054010746718878,0.2897797226905823,0.09907660633325577,0.0,0.0,0.0,0.0
10.836266279220581,-1.504969596862793,1.8901597261428833,0.0,0.0,-0.008089103735983372,-0.24822203814983368,0.0,0.0,-0.6779476965227783,-0.7054010746718878,0.2897797226905823,0.09907660633325577,0.0,0.0,0.0,0.0
10.837597131729126,-1.504969596862793,1.8901597261428833,0.0,0.0,-0.008089103735983372,-0.24822203814983368,0.0,0.0,-0.6779476965227783,-0.7054010746718878,0.2897797226905823,0.09907660633325577,0.0,0.0,0.0,0.0
10.838878870010376,-1.504969596862793,1.8901597261428833,0.0,0.0,-0.008089103735983372,-0.24822203814983368,0.0,0.0,-0.6779476965227783,-0.7054010746718878,0.2897797226905823,0.09907660633325577,0.0,0.0,0.0,0.0
10.840147018432617,-1.504969596862793,1.8901597261428833,0.0,0.0,-0.008089103735983372,-0.24822203814983368,0.0,0.0,-0.6779476965227783,-0.7054010746718878,0.2897797226905823,0.09907660633325577,0.0,0.0,0.0,0.0
10.84141230583191,-1.504969596862793,1.8901597261428833,0.0,0.0,-0.008089103735983372,-0.24822203814983368,0.0,0.0,-0.6779476965227783,-0.7054010746718878,0.2897797226905823,0.09907660633325577,0.0,0.0,0.0,0.0
10.842917919158936,-1.504969596862793,1.8901597261428833,0.0,0.0,-0.008089103735983372,-0.24822203814983368,0.0,0.0,-0.6779476965227783,-0.7054010746718878,0.2897797226905823,0.09907660633325577,0.0,0.0,0.0,0.0
10.844181060791016,-1.504969596862793,1.8901597261428833,0.0,0.0,-0.008089103735983372,-0.24822203814983368,0.0,0.0,-0.6779476965227783,-0.7054010746718878,0.2897797226905823,0.09907660633325577,0.0,0.0,0.0,0.0
10.845465421676636,-1.504969596862793,1.8901597261428833,0.0,0.0,-0.008089103735983372,-0.24822203814983368,0.0,0.0,-0.6779476965227783,-0.7054010746718878,0.2897797226905823,0.09907660633325577,0.0,0.0,0.0,0.0
10.846750974655151,-1.504969596862793,1.8901597261428833,0.0,0.0,-0.008089103735983372,-0.24822203814983368,0.0,0.0,-0.6779476965227783,-0.7054010746718878,0.2897797226905823,0.09907660633325577,0.0,0.0,0.0,0.0
10.848052263259888,-1.504969596862793,1.8901597261428833,0.0,0.0,-0.008089103735983372,-0.24822203814983368,0.0,0.0,-0.6779476965227783,-0.7054010746718878,0.2897797226905823,0.09907660633325577,0.0,0.0,0.0,0.0
10.84928560256958,-1.504969596862793,1.8901597261428833,0.0,0.0,-0.008089103735983372,-0.24822203814983368,0.0,0.0,-0.6779476965227783,-0.7054010746718878,0.2897797226905823,0.09907660633325577,0.0,0.0,0.0,0.0
10.850586652755737,-1.504969596862793,1.8901597261428833,0.0,0.0,-0.008089103735983372,-0.24822203814983368,0.0,0.0,-0.6779476965227783,-0.7054010746718878,0.2897797226905823,0.09907660633325577,0.0,0.0,0.0,0.0
10.851855278015137,-1.504969596862793,1.8901597261428833,0.0,0.0,-0.008089103735983372,-0.24822203814983368,0.0,0.0,-0.6779476965227783,-0.7054010746718878,0.2897797226905823,0.09907660633325577,0.0,0.0,0.0,0.0
10.853105783462524,-1.504969596862793,1.8901597261428833,0.0,0.0,-0.008089103735983372,-0.24822203814983368,0.0,0.0,-0.6779476965227783,-0.7054010746718878,0.2897797226905823,0.09907660633325577,0.0,0.0,0.0,0.0
10.854370832443237,-1.504969596862793,1.8901597261428833,0.0,0.0,-0.008089103735983372,-0.24822203814983368,0.0,0.0,-0.6779476965227783,-0.7054010746718878,0.2897797226905823,0.09907660633325577,0.0,0.0,0.0,0.0
10.855592966079712,-1.504969596862793,1.8901597261428833,0.0,0.0,-0.008089103735983372,-0.24822203814983368,0.0,0.0,-0.6779476965227783,-0.7054010746718878,0.2897797226905823,0.09907660633325577,0.0,0.0,0.0,0.0
10.856836557388306,-1.504969596862793,1.8901597261428833,0.0,0.0,-0.008089103735983372,-0.24822203814983368,0.0,0.0,-0.6779476965227783,-0.7054010746718878,0.2897797226905823,0.09907660633325577,0.0,0.0,0.0,0.0
10.858099222183228,-1.504969596862793,1.8901597261428833,0.0,0.0,-0.008089103735983372,-0.24822203814983368,0.0,0.0,-0.6779476965227783,-0.7054010746718878,0.2897797226905823,0.09907660633325577,0.0,0.0,0.0,0.0
10.859363079071045,-1.504969596862793,1.8901597261428833,0.0,0.0,-0.008089103735983372,-0.24822203814983368,0.0,0.0,-0.6779476965227783,-0.7054010746718878,0.2897797226905823,0.09907660633325577,0.0,0.0,0.0,0.0
10.860637664794922,-1.504969596862793,1.8901597261428833,0.0,0.0,-0.008089103735983372,-0.24822203814983368,0.0,0.0,-0.6779476965227783,-0.7054010746718878,0.2897797226905823,0.09907660633325577,0.0,0.0,0.0,0.0
10.86212158203125,-1.504969596862793,1.8901597261428833,0.0,0.0,-0.008089103735983372,-0.24822203814983368,0.0,0.0,-0.6779476965227783,-0.7054010746718878,0.2897797226905823,0.09907660633325577,0.0,0.0,0.0,0.0
10.863543272018433,-1.504969596862793,1.8901597261428833,0.0,0.0,-0.008089103735983372,-0.24822203814983368,0.0,0.0,-0.6779476965227783,-0.7054010746718878,0.2897797226905823,0.09907660633325577,0.0,0.0,0.0,0.0
10.864953994750977,-1.504969596862793,1.8901597261428833,0.0,0.0,-0.008089103735983372,-0.24822203814983368,0.0,0.0,-0.6779476965227783,-0.7054010746718878,0.2897797226905823,0.09907660633325577,0.0,0.0,0.0,0.0
10.866368055343628,-1.504969596862793,1.8901597261428833,0.0,0.0,-0.008089103735983372,-0.24822203814983368,0.0,0.0,-0.6779476965227783,-0.7054010746718878,0.2897797226905823,0.09907660633325577,0.0,0.0,0.0,0.0
10.867659091949463,-1.504969596862793,1.8901597261428833,0.0,0.0,-0.008089103735983372,-0.24822203814983368,0.0,0.0,-0.6779476965227783,-0.7054010746718878,0.2897797226905823,0.09907660633325577,0.0,0.0,0.0,0.0
10.868979215621948,-1.504969596862793,1.8901597261428833,0.0,0.0,-0.008089103735983372,-0.24822203814983368,0.0,0.0,-0.6779476965227783,-0.7054010746718878,0.2897797226905823,0.09907660633325577,0.0,0.0,0.0,0.0
10.870280504226685,-1.504969596862793,1.8901597261428833,0.0,0.0,-0.008089103735983372,-0.24822203814983368,0.0,0.0,-0.6779476965227783,-0.7054010746718878,0.2897797226905823,0.09907660633325577,0.0,0.0,0.0,0.0
10.871596813201904,-1.504969596862793,1.8901597261428833,0.0,0.0,-0.008089103735983372,-0.24822203814983368,0.0,0.0,-0.6779476965227783,-0.7054010746718878,0.2897797226905823,0.09907660633325577,0.0,0.0,0.0,0.0
10.872978925704956,-1.504969596862793,1.8901597261428833,0.0,0.0,-0.008089103735983372,-0.24822203814983368,0.0,0.0,-0.6779476965227783,-0.7054010746718878,0.2897797226905823,0.09907660633325577,0.0,0.0,0.0,0.0
10.874461650848389,-1.504969596862793,1.8901597261428833,0.0,0.0,-0.008089103735983372,-0.24822203814983368,0.0,0.0,-0.6779476965227783,-0.7054010746718878,0.2897797226905823,0.09907660633325577,0.0,0.0,0.0,0.0
10.875940084457397,-1.504969596862793,1.8901597261428833,0.0,0.0,-0.008089103735983372,-0.24822203814983368,0.0,0.0,-0.6779476965227783,-0.7054010746718878,0.2897797226905823,0.09907660633325577,0.0,0.0,0.0,0.0
10.877475023269653,-1.504969596862793,1.8901597261428833,0.0,0.0,-0.008089103735983372,-0.24822203814983368,0.0,0.0,-0.6779476965227783,-0.7054010746718878,0.2897797226905823,0.09907660633325577,0.0,0.0,0.0,0.0
10.879419803619385,-1.504969596862793,1.8901597261428833,0.0,0.0,-0.008089103735983372,-0.24822203814983368,0.0,0.0,-0.6779476965227783,-0.7054010746718878,0.2897797226905823,0.09907660633325577,0.0,0.0,0.0,0.0
10.88091230392456,-1.504969596862793,1.8901597261428833,0.0,0.0,-0.008089103735983372,-0.24822203814983368,0.0,0.0,-0.6779476965227783,-0.7054010746718878,0.2897797226905823,0.09907660633325577,0.0,0.0,0.0,0.0
10.882408618927002,-1.504969596862793,1.8901597261428833,0.0,0.0,-0.008089103735983372,-0.24822203814983368,0.0,0.0,-0.6779476965227783,-0.7054010746718878,0.2897797226905823,0.09907660633325577,0.0,0.0,0.0,0.0
10.883900165557861,-1.504969596862793,1.8901597261428833,0.0,0.0,-0.008089103735983372,-0.24822203814983368,0.0,0.0,-0.6779476965227783,-0.7054010746718878,0.2897797226905823,0.09907660633325577,0.0,0.0,0.0,0.0
10.885478496551514,-1.504969596862793,1.8901597261428833,0.0,0.0,-0.008089103735983372,-0.24822203814983368,0.0,0.0,-0.6779476965227783,-0.7054010746718878,0.2897797226905823,0.09907660633325577,0.0,0.0,0.0,0.0
10.887040853500366,-1.504969596862793,1.8901597261428833,0.0,0.0,-0.008089103735983372,-0.24822203814983368,0.0,0.0,-0.6779476965227783,-0.7054010746718878,0.2897797226905823,0.09907660633325577,0.0,0.0,0.0,0.0
10.888968229293823,-1.504969596862793,1.8901597261428833,0.0,0.0,-0.008089103735983372,-0.24822203814983368,0.0,0.0,-0.6779476965227783,-0.7054010746718878,0.2897797226905823,0.09907660633325577,0.0,0.0,0.0,0.0
10.890512228012085,-1.504969596862793,1.8901597261428833,0.0,0.0,-0.008089103735983372,-0.24822203814983368,0.0,0.0,-0.6779476965227783,-0.7054010746718878,0.2897797226905823,0.09907660633325577,0.0,0.0,0.0,0.0
10.892365455627441,-1.504969596862793,1.8901597261428833,0.0,0.0,-0.008089103735983372,-0.24822203814983368,0.0,0.0,-0.6779476965227783,-0.7054010746718878,0.2897797226905823,0.09907660633325577,0.0,0.0,0.0,0.0
10.893929719924927,-1.504969596862793,1.8901597261428833,0.0,0.0,-0.008089103735983372,-0.24822203814983368,0.0,0.0,-0.6779476965227783,-0.7054010746718878,0.2897797226905823,0.09907660633325577,0.0,0.0,0.0,0.0
10.895437002182007,-1.504969596862793,1.8901597261428833,0.0,0.0,-0.008089103735983372,-0.24822203814983368,0.0,0.0,-0.6779476965227783,-0.7054010746718878,0.2897797226905823,0.09907660633325577,0.0,0.0,0.0,0.0
10.8975088596344,-1.504969596862793,1.8901597261428833,0.0,0.0,-0.008089103735983372,-0.24822203814983368,0.0,0.0,-0.6779476965227783,-0.7054010746718878,0.2897797226905823,0.09907660633325577,0.0,0.0,0.0,0.0
10.899154901504517,-1.504969596862793,1.8901597261428833,0.0,0.0,-0.008089103735983372,-0.24822203814983368,0.0,0.0,-0.6779476965227783,-0.7054010746718878,0.2897797226905823,0.09907660633325577,0.0,0.0,0.0,0.0
10.901301145553589,-1.504969596862793,1.8901597261428833,0.0,0.0,-0.008089103735983372,-0.24822203814983368,0.0,0.0,-0.6779476965227783,-0.7054010746718878,0.2897797226905823,0.09907660633325577,0.0,0.0,0.0,0.0
10.903326988220215,-1.504969596862793,1.8901597261428833,0.0,0.0,-0.008089103735983372,-0.24822203814983368,0.0,0.0,-0.6779476965227783,-0.7054010746718878,0.2897797226905823,0.09907660633325577,0.0,0.0,0.0,0.0
10.90560007095337,-1.504969596862793,1.8901597261428833,0.0,0.0,-0.008089103735983372,-0.24822203814983368,0.0,0.0,-0.6779476965227783,-0.7054010746718878,0.2897797226905823,0.09907660633325577,0.0,0.0,0.0,0.0
10.907309293746948,-1.504969596862793,1.8901597261428833,0.0,0.0,-0.008089103735983372,-0.24822203814983368,0.0,0.0,-0.6779476965227783,-0.7054010746718878,0.2897797226905823,0.09907660633325577,0.0,0.0,0.0,0.0
10.91020679473877,-1.504969596862793,1.8901597261428833,0.0,0.0,-0.008089103735983372,-0.24822203814983368,0.0,0.0,-0.6779476965227783,-0.7054010746718878,0.2897797226905823,0.09907660633325577,0.0,0.0,0.0,0.0
10.912643909454346,-1.504969596862793,1.8901597261428833,0.0,0.0,-0.008089103735983372,-0.24822203814983368,0.0,0.0,-0.6779476965227783,-0.7054010746718878,0.2897797226905823,0.09907660633325577,0.0,0.0,0.0,0.0
10.91504955291748,-1.504969596862793,1.8901597261428833,0.0,0.0,-0.008089103735983372,-0.24822203814983368,0.0,0.0,-0.6779476965227783,-0.7054010746718878,0.2897797226905823,0.09907660633325577,0.0,0.0,0.0,0.0
10.916608810424805,-1.504969596862793,1.8901597261428833,0.0,0.0,-0.008089103735983372,-0.24822203814983368,0.0,0.0,-0.6779476965227783,-0.7054010746718878,0.2897797226905823,0.09907660633325577,0.0,0.0,0.0,0.0
10.918848991394043,-1.504969596862793,1.8901597261428833,0.0,0.0,-0.008089103735983372,-0.24822203814983368,0.0,0.0,-0.6779476965227783,-0.7054010746718878,0.2897797226905823,0.09907660633325577,0.0,0.0,0.0,0.0
10.920472383499146,-1.504969596862793,1.8901597261428833,0.0,0.0,-0.008089103735983372,-0.24822203814983368,0.0,0.0,-0.6779476965227783,-0.7054010746718878,0.2897797226905823,0.09907660633325577,0.0,0.0,0.0,0.0
10.922080516815186,-1.504969596862793,1.8901597261428833,0.0,0.0,-0.008089103735983372,-0.24822203814983368,0.0,0.0,-0.6779476965227783,-0.7054010746718878,0.2897797226905823,0.09907660633325577,0.0,0.0,0.0,0.0
10.924010992050171,-1.504969596862793,1.8901597261428833,0.0,0.0,-0.008089103735983372,-0.24822203814983368,0.0,0.0,-0.6779476965227783,-0.7054010746718878,0.2897797226905823,0.09907660633325577,0.0,0.0,0.0,0.0
10.925603151321411,-1.504969596862793,1.8901597261428833,0.0,0.0,-0.008089103735983372,-0.24822203814983368,0.0,0.0,-0.6779476965227783,-0.7054010746718878,0.2897797226905823,0.09907660633325577,0.0,0.0,0.0,0.0
10.927173852920532,-1.504969596862793,1.8901597261428833,0.0,0.0,-0.008089103735983372,-0.24822203814983368,0.0,0.0,-0.6779476965227783,-0.7054010746718878,0.2897797226905823,0.09907660633325577,0.0,0.0,0.0,0.0
10.928939580917358,-1.504969596862793,1.8901597261428833,0.0,0.0,-0.008089103735983372,-0.24822203814983368,0.0,0.0,-0.6779476965227783,-0.7054010746718878,0.2897797226905823,0.09907660633325577,0.0,0.0,0.0,0.0
10.93038821220398,-1.504969596862793,1.8901597261428833,0.0,0.0,-0.008089103735983372,-0.24822203814983368,0.0,0.0,-0.6779476965227783,-0.7054010746718878,0.2897797226905823,0.09907660633325577,0.0,0.0,0.0,0.0
10.931829452514648,-1.504969596862793,1.8901597261428833,0.0,0.0,-0.008089103735983372,-0.24822203814983368,0.0,0.0,-0.6779476965227783,-0.7054010746718878,0.2897797226905823,0.09907660633325577,0.0,0.0,0.0,0.0
10.933373928070068,-1.504969596862793,1.8901597261428833,0.0,0.0,-0.008089103735983372,-0.24822203814983368,0.0,0.0,-0.6779476965227783,-0.7054010746718878,0.2897797226905823,0.09907660633325577,0.0,0.0,0.0,0.0
10.935524940490723,-1.504969596862793,1.8901597261428833,0.0,0.0,-0.008089103735983372,-0.24822203814983368,0.0,0.0,-0.6779476965227783,-0.7054010746718878,0.2897797226905823,0.09907660633325577,0.0,0.0,0.0,0.0
10.937050104141235,-1.504969596862793,1.8901597261428833,0.0,0.0,-0.008089103735983372,-0.24822203814983368,0.0,0.0,-0.6779476965227783,-0.7054010746718878,0.2897797226905823,0.09907660633325577,0.0,0.0,0.0,0.0
10.939171075820923,-1.504969596862793,1.8901597261428833,0.0,0.0,-0.008089103735983372,-0.24822203814983368,0.0,0.0,-0.6779476965227783,-0.7054010746718878,0.2897797226905823,0.09907660633325577,0.0,0.0,0.0,0.0
10.940715789794922,-1.504969596862793,1.8901597261428833,0.0,0.0,-0.008089103735983372,-0.24822203814983368,0.0,0.0,-0.6779476965227783,-0.7054010746718878,0.2897797226905823,0.09907660633325577,0.0,0.0,0.0,0.0
10.942244529724121,-1.504969596862793,1.8901597261428833,0.0,0.0,-0.008089103735983372,-0.24822203814983368,0.0,0.0,-0.6779476965227783,-0.7054010746718878,0.2897797226905823,0.09907660633325577,0.0,0.0,0.0,0.0
10.943756818771362,-1.504969596862793,1.8901597261428833,0.0,0.0,-0.008089103735983372,-0.24822203814983368,0.0,0.0,-0.6779476965227783,-0.7054010746718878,0.2897797226905823,0.09907660633325577,0.0,0.0,0.0,0.0
10.945258378982544,-1.504969596862793,1.8901597261428833,0.0,0.0,-0.008089103735983372,-0.24822203814983368,0.0,0.0,-0.6779476965227783,-0.7054010746718878,0.2897797226905823,0.09907660633325577,0.0,0.0,0.0,0.0
10.946659564971924,-1.504969596862793,1.8901597261428833,0.0,0.0,-0.008089103735983372,-0.24822203814983368,0.0,0.0,-0.6779476965227783,-0.7054010746718878,0.2897797226905823,0.09907660633325577,0.0,0.0,0.0,0.0
10.948155641555786,-1.504969596862793,1.8901597261428833,0.0,0.0,-0.008089103735983372,-0.24822203814983368,0.0,0.0,-0.6779476965227783,-0.7054010746718878,0.2897797226905823,0.09907660633325577,0.0,0.0,0.0,0.0
10.949702978134155,-1.504969596862793,1.8901597261428833,0.0,0.0,-0.008089103735983372,-0.24822203814983368,0.0,0.0,-0.6779476965227783,-0.7054010746718878,0.2897797226905823,0.09907660633325577,0.0,0.0,0.0,0.0
10.951328992843628,-1.504969596862793,1.8901597261428833,0.0,0.0,-0.008089103735983372,-0.24822203814983368,0.0,0.0,-0.6779476965227783,-0.7054010746718878,0.2897797226905823,0.09907660633325577,0.0,0.0,0.0,0.0
10.952990055084229,-1.504969596862793,1.8901597261428833,0.0,0.0,-0.008089103735983372,-0.24822203814983368,0.0,0.0,-0.6779476965227783,-0.7054010746718878,0.2897797226905823,0.09907660633325577,0.0,0.0,0.0,0.0
10.95471477508545,-1.504969596862793,1.8901597261428833,0.0,0.0,-0.008089103735983372,-0.24822203814983368,0.0,0.0,-0.6779476965227783,-0.7054010746718878,0.2897797226905823,0.09907660633325577,0.0,0.0,0.0,0.0
10.956389665603638,-1.504969596862793,1.8901597261428833,0.0,0.0,-0.008089103735983372,-0.24822203814983368,0.0,0.0,-0.6779476965227783,-0.7054010746718878,0.2897797226905823,0.09907660633325577,0.0,0.0,0.0,0.0
10.95806360244751,-1.504969596862793,1.8901597261428833,0.0,0.0,-0.008089103735983372,-0.24822203814983368,0.0,0.0,-0.6779476965227783,-0.7054010746718878,0.2897797226905823,0.09907660633325577,0.0,0.0,0.0,0.0
10.959773540496826,-1.504969596862793,1.8901597261428833,0.0,0.0,-0.008089103735983372,-0.24822203814983368,0.0,0.0,-0.6779476965227783,-0.7054010746718878,0.2897797226905823,0.09907660633325577,0.0,0.0,0.0,0.0
10.96146273612976,-1.504969596862793,1.8901597261428833,0.0,0.0,-0.008089103735983372,-0.24822203814983368,0.0,0.0,-0.6779476965227783,-0.7054010746718878,0.2897797226905823,0.09907660633325577,0.0,0.0,0.0,0.0
10.96372389793396,-1.504969596862793,1.8901597261428833,0.0,0.0,-0.008089103735983372,-0.24822203814983368,0.0,0.0,-0.6779476965227783,-0.7054010746718878,0.2897797226905823,0.09907660633325577,0.0,0.0,0.0,0.0
10.965432167053223,-1.504969596862793,1.8901597261428833,0.0,0.0,-0.008089103735983372,-0.24822203814983368,0.0,0.0,-0.6779476965227783,-0.7054010746718878,0.2897797226905823,0.09907660633325577,0.0,0.0,0.0,0.0
10.967127084732056,-1.504969596862793,1.8901597261428833,0.0,0.0,-0.008089103735983372,-0.24822203814983368,0.0,0.0,-0.6779476965227783,-0.7054010746718878,0.2897797226905823,0.09907660633325577,0.0,0.0,0.0,0.0
10.968806505203247,-1.504969596862793,1.8901597261428833,0.0,0.0,-0.008089103735983372,-0.24822203814983368,0.0,0.0,-0.6779476965227783,-0.7054010746718878,0.2897797226905823,0.09907660633325577,0.0,0.0,0.0,0.0
10.97045373916626,-1.504969596862793,1.8901597261428833,0.0,0.0,-0.008089103735983372,-0.24822203814983368,0.0,0.0,-0.6779476965227783,-0.7054010746718878,0.2897797226905823,0.09907660633325577,0.0,0.0,0.0,0.0
10.972132682800293,-1.504969596862793,1.8901597261428833,0.0,0.0,-0.008089103735983372,-0.24822203814983368,0.0,0.0,-0.6779476965227783,-0.7054010746718878,0.2897797226905823,0.09907660633325577,0.0,0.0,0.0,0.0
10.97449541091919,-1.504969596862793,1.8901597261428833,0.0,0.0,-0.008089103735983372,-0.24822203814983368,0.0,0.0,-0.6779476965227783,-0.7054010746718878,0.2897797226905823,0.09907660633325577,0.0,0.0,0.0,0.0
10.976221799850464,-1.504969596862793,1.8901597261428833,0.0,0.0,-0.008089103735983372,-0.24822203814983368,0.0,0.0,-0.6779476965227783,-0.7054010746718878,0.2897797226905823,0.09907660633325577,0.0,0.0,0.0,0.0
10.978384256362915,-1.504969596862793,1.8901597261428833,0.0,0.0,-0.008089103735983372,-0.24822203814983368,0.0,0.0,-0.6779476965227783,-0.7054010746718878,0.2897797226905823,0.09907660633325577,0.0,0.0,0.0,0.0
10.980030059814453,-1.504969596862793,1.8901597261428833,0.0,0.0,-0.008089103735983372,-0.24822203814983368,0.0,0.0,-0.6779476965227783,-0.7054010746718878,0.2897797226905823,0.09907660633325577,0.0,0.0,0.0,0.0
10.981531381607056,-1.504969596862793,1.8901597261428833,0.0,0.0,-0.008089103735983372,-0.24822203814983368,0.0,0.0,-0.6779476965227783,-0.7054010746718878,0.2897797226905823,0.09907660633325577,0.0,0.0,0.0,0.0
10.983126163482666,-1.504969596862793,1.8901597261428833,0.0,0.0,-0.008089103735983372,-0.24822203814983368,0.0,0.0,-0.6779476965227783,-0.7054010746718878,0.2897797226905823,0.09907660633325577,0.0,0.0,0.0,0.0
10.985449075698853,-1.504969596862793,1.8901597261428833,0.0,0.0,-0.008089103735983372,-0.24822203814983368,0.0,0.0,-0.6779476965227783,-0.7054010746718878,0.2897797226905823,0.09907660633325577,0.0,0.0,0.0,0.0
10.988207578659058,-1.504969596862793,1.8901597261428833,0.0,0.0,-0.008089103735983372,-0.24822203814983368,0.0,0.0,-0.6779476965227783,-0.7054010746718878,0.2897797226905823,0.09907660633325577,0.0,0.0,0.0,0.0
10.989930629730225,-1.504969596862793,1.8901597261428833,0.0,0.0,-0.008089103735983372,-0.24822203814983368,0.0,0.0,-0.6779476965227783,-0.7054010746718878,0.2897797226905823,0.09907660633325577,0.0,0.0,0.0,0.0
10.991584777832031,-1.504969596862793,1.8901597261428833,0.0,0.0,-0.008089103735983372,-0.24822203814983368,0.0,0.0,-0.6779476965227783,-0.7054010746718878,0.2897797226905823,0.09907660633325577,0.0,0.0,0.0,0.0
10.994520664215088,-1.504969596862793,1.8901597261428833,0.0,0.0,-0.008089103735983372,-0.24822203814983368,0.0,0.0,-0.6779476965227783,-0.7054010746718878,0.2897797226905823,0.09907660633325577,0.0,0.0,0.0,0.0
10.99623966217041,-1.504969596862793,1.8901597261428833,0.0,0.0,-0.008089103735983372,-0.24822203814983368,0.0,0.0,-0.6779476965227783,-0.7054010746718878,0.2897797226905823,0.09907660633325577,0.0,0.0,0.0,0.0
10.998258829116821,-1.504969596862793,1.8901597261428833,0.0,0.0,-0.008089103735983372,-0.24822203814983368,0.0,0.0,-0.6779476965227783,-0.7054010746718878,0.2897797226905823,0.09907660633325577,0.0,0.0,0.0,0.0
10.999929428100586,-1.504969596862793,1.8901597261428833,0.0,0.0,-0.008089103735983372,-0.24822203814983368,0.0,0.0,-0.6779476965227783,-0.7054010746718878,0.2897797226905823,0.09907660633325577,0.0,0.0,0.0,0.0
11.001570463180542,-1.504969596862793,1.8901597261428833,0.0,0.0,-0.008089103735983372,-0.24822203814983368,0.0,0.0,-0.6779476965227783,-0.7054010746718878,0.2897797226905823,0.09907660633325577,0.0,0.0,0.0,0.0
11.003708839416504,-1.504969596862793,1.8901597261428833,0.0,0.0,-0.008089103735983372,-0.24822203814983368,0.0,0.0,-0.6779476965227783,-0.7054010746718878,0.2897797226905823,0.09907660633325577,0.0,0.0,0.0,0.0
11.005856990814209,-1.504969596862793,1.8901597261428833,0.0,0.0,-0.008089103735983372,-0.24822203814983368,0.0,0.0,-0.6779476965227783,-0.7054010746718878,0.2897797226905823,0.09907660633325577,0.0,0.0,0.0,0.0
11.008286237716675,-1.504969596862793,1.8901597261428833,0.0,0.0,-0.008089103735983372,-0.24822203814983368,0.0,0.0,-0.6779476965227783,-0.7054010746718878,0.2897797226905823,0.09907660633325577,0.0,0.0,0.0,0.0
11.010097026824951,-1.504969596862793,1.8901597261428833,0.0,0.0,-0.008089103735983372,-0.24822203814983368,0.0,0.0,-0.6779476965227783,-0.7054010746718878,0.2897797226905823,0.09907660633325577,0.0,0.0,0.0,0.0
11.01305603981018,-1.504969596862793,1.8901597261428833,0.0,0.0,-0.008089103735983372,-0.24822203814983368,0.0,0.0,-0.6779476965227783,-0.7054010746718878,0.2897797226905823,0.09907660633325577,0.0,0.0,0.0,0.0
11.015087366104126,-1.504969596862793,1.8901597261428833,0.0,0.0,-0.008089103735983372,-0.24822203814983368,0.0,0.0,-0.6779476965227783,-0.7054010746718878,0.2897797226905823,0.09907660633325577,0.0,0.0,0.0,0.0
11.0167977809906,-1.504969596862793,1.8901597261428833,0.0,0.0,-0.008089103735983372,-0.24822203814983368,0.0,0.0,-0.6779476965227783,-0.7054010746718878,0.2897797226905823,0.09907660633325577,0.0,0.0,0.0,0.0
11.01840353012085,-1.504969596862793,1.8901597261428833,0.0,0.0,-0.008089103735983372,-0.24822203814983368,0.0,0.0,-0.6779476965227783,-0.7054010746718878,0.2897797226905823,0.09907660633325577,0.0,0.0,0.0,0.0
11.020572185516357,-1.504969596862793,1.8901597261428833,0.0,0.0,-0.008089103735983372,-0.24822203814983368,0.0,0.0,-0.6779476965227783,-0.7054010746718878,0.2897797226905823,0.09907660633325577,0.0,0.0,0.0,0.0
11.022908210754395,-1.504969596862793,1.8901597261428833,0.0,0.0,-0.008089103735983372,-0.24822203814983368,0.0,0.0,-0.6779476965227783,-0.7054010746718878,0.2897797226905823,0.09907660633325577,0.0,0.0,0.0,0.0
11.02467942237854,-1.504969596862793,1.8901597261428833,0.0,0.0,-0.008089103735983372,-0.24822203814983368,0.0,0.0,-0.6779476965227783,-0.7054010746718878,0.2897797226905823,0.09907660633325577,0.0,0.0,0.0,0.0
11.026410579681396,-1.504969596862793,1.8901597261428833,0.0,0.0,-0.008089103735983372,-0.24822203814983368,0.0,0.0,-0.6779476965227783,-0.7054010746718878,0.2897797226905823,0.09907660633325577,0.0,0.0,0.0,0.0
11.028602123260498,-1.504969596862793,1.8901597261428833,0.0,0.0,-0.008089103735983372,-0.24822203814983368,0.0,0.0,-0.6779476965227783,-0.7054010746718878,0.2897797226905823,0.09907660633325577,0.0,0.0,0.0,0.0
11.030895233154297,-1.504969596862793,1.8901597261428833,0.0,0.0,-0.008089103735983372,-0.24822203814983368,0.0,0.0,-0.6779476965227783,-0.7054010746718878,0.2897797226905823,0.09907660633325577,0.0,0.0,0.0,0.0
11.032806634902954,-1.504969596862793,1.8901597261428833,0.0,0.0,-0.008089103735983372,-0.24822203814983368,0.0,0.0,-0.6779476965227783,-0.7054010746718878,0.2897797226905823,0.09907660633325577,0.0,0.0,0.0,0.0
11.034578561782837,-1.504969596862793,1.8901597261428833,0.0,0.0,-0.008089103735983372,-0.24822203814983368,0.0,0.0,-0.6779476965227783,-0.7054010746718878,0.2897797226905823,0.09907660633325577,0.0,0.0,0.0,0.0
11.036461114883423,-1.504969596862793,1.8901597261428833,0.0,0.0,-0.008089103735983372,-0.24822203814983368,0.0,0.0,-0.6779476965227783,-0.7054010746718878,0.2897797226905823,0.09907660633325577,0.0,0.0,0.0,0.0
11.038789987564087,-1.504969596862793,1.8901597261428833,0.0,0.0,-0.008089103735983372,-0.24822203814983368,0.0,0.0,-0.6779476965227783,-0.7054010746718878,0.2897797226905823,0.09907660633325577,0.0,0.0,0.0,0.0
11.040506601333618,-1.504969596862793,1.8901597261428833,0.0,0.0,-0.008089103735983372,-0.24822203814983368,0.0,0.0,-0.6779476965227783,-0.7054010746718878,0.2897797226905823,0.09907660633325577,0.0,0.0,0.0,0.0
11.042207479476929,-1.504969596862793,1.8901597261428833,0.0,0.0,-0.008089103735983372,-0.24822203814983368,0.0,0.0,-0.6779476965227783,-0.7054010746718878,0.2897797226905823,0.09907660633325577,0.0,0.0,0.0,0.0
11.043968677520752,-1.504969596862793,1.8901597261428833,0.0,0.0,-0.008089103735983372,-0.24822203814983368,0.0,0.0,-0.6779476965227783,-0.7054010746718878,0.2897797226905823,0.09907660633325577,0.0,0.0,0.0,0.0
11.045772075653076,-1.504969596862793,1.8901597261428833,0.0,0.0,-0.008089103735983372,-0.24822203814983368,0.0,0.0,-0.6779476965227783,-0.7054010746718878,0.2897797226905823,0.09907660633325577,0.0,0.0,0.0,0.0
11.047601699829102,-1.504969596862793,1.8901597261428833,0.0,0.0,-0.008089103735983372,-0.24822203814983368,0.0,0.0,-0.6779476965227783,-0.7054010746718878,0.2897797226905823,0.09907660633325577,0.0,0.0,0.0,0.0
11.049474716186523,-1.504969596862793,1.8901597261428833,0.0,0.0,-0.008089103735983372,-0.24822203814983368,0.0,0.0,-0.6779476965227783,-0.7054010746718878,0.2897797226905823,0.09907660633325577,0.0,0.0,0.0,0.0
11.051330089569092,-1.504969596862793,1.8901597261428833,0.0,0.0,-0.008089103735983372,-0.24822203814983368,0.0,0.0,-0.6779476965227783,-0.7054010746718878,0.2897797226905823,0.09907660633325577,0.0,0.0,0.0,0.0
11.053619146347046,-1.504969596862793,1.8901597261428833,0.0,0.0,-0.008089103735983372,-0.24822203814983368,0.0,0.0,-0.6779476965227783,-0.7054010746718878,0.2897797226905823,0.09907660633325577,0.0,0.0,0.0,0.0
11.055335283279419,-1.504969596862793,1.8901597261428833,0.0,0.0,-0.008089103735983372,-0.24822203814983368,0.0,0.0,-0.6779476965227783,-0.7054010746718878,0.2897797226905823,0.09907660633325577,0.0,0.0,0.0,0.0
11.057011604309082,-1.504969596862793,1.8901597261428833,0.0,0.0,-0.008089103735983372,-0.24822203814983368,0.0,0.0,-0.6779476965227783,-0.7054010746718878,0.2897797226905823,0.09907660633325577,0.0,0.0,0.0,0.0
11.059414863586426,-1.504969596862793,1.8901597261428833,0.0,0.0,-0.008089103735983372,-0.24822203814983368,0.0,0.0,-0.6779476965227783,-0.7054010746718878,0.2897797226905823,0.09907660633325577,0.0,0.0,0.0,0.0
11.061115741729736,-1.504969596862793,1.8901597261428833,0.0,0.0,-0.008089103735983372,-0.24822203814983368,0.0,0.0,-0.6779476965227783,-0.7054010746718878,0.2897797226905823,0.09907660633325577,0.0,0.0,0.0,0.0
11.06318211555481,-1.504969596862793,1.8901597261428833,0.0,0.0,-0.008089103735983372,-0.24822203814983368,0.0,0.0,-0.6779476965227783,-0.7054010746718878,0.2897797226905823,0.09907660633325577,0.0,0.0,0.0,0.0
11.06534481048584,-1.504969596862793,1.8901597261428833,0.0,0.0,-0.008089103735983372,-0.24822203814983368,0.0,0.0,-0.6779476965227783,-0.7054010746718878,0.2897797226905823,0.09907660633325577,0.0,0.0,0.0,0.0
11.066869020462036,-1.504969596862793,1.8901597261428833,0.0,0.0,-0.008089103735983372,-0.24822203814983368,0.0,0.0,-0.6779476965227783,-0.7054010746718878,0.2897797226905823,0.09907660633325577,0.0,0.0,0.0,0.0
11.068622827529907,-1.504969596862793,1.8901597261428833,0.0,0.0,-0.008089103735983372,-0.24822203814983368,0.0,0.0,-0.6779476965227783,-0.7054010746718878,0.2897797226905823,0.09907660633325577,0.0,0.0,0.0,0.0
11.070346355438232,-1.504969596862793,1.8901597261428833,0.0,0.0,-0.008089103735983372,-0.24822203814983368,0.0,0.0,-0.6779476965227783,-0.7054010746718878,0.2897797226905823,0.09907660633325577,0.0,0.0,0.0,0.0
11.072039127349854,-1.504969596862793,1.8901597261428833,0.0,0.0,-0.008089103735983372,-0.24822203814983368,0.0,0.0,-0.6779476965227783,-0.7054010746718878,0.2897797226905823,0.09907660633325577,0.0,0.0,0.0,0.0
11.073742389678955,-1.504969596862793,1.8901597261428833,0.0,0.0,-0.008089103735983372,-0.24822203814983368,0.0,0.0,-0.6779476965227783,-0.7054010746718878,0.2897797226905823,0.09907660633325577,0.0,0.0,0.0,0.0
11.075507164001465,-1.504969596862793,1.8901597261428833,0.0,0.0,-0.008089103735983372,-0.24822203814983368,0.0,0.0,-0.6779476965227783,-0.7054010746718878,0.2897797226905823,0.09907660633325577,0.0,0.0,0.0,0.0
11.077606916427612,-1.504969596862793,1.8901597261428833,0.0,0.0,-0.008089103735983372,-0.24822203814983368,0.0,0.0,-0.6779476965227783,-0.7054010746718878,0.2897797226905823,0.09907660633325577,0.0,0.0,0.0,0.0
11.07936954498291,-1.504969596862793,1.8901597261428833,0.0,0.0,-0.008089103735983372,-0.24822203814983368,0.0,0.0,-0.6779476965227783,-0.7054010746718878,0.2897797226905823,0.09907660633325577,0.0,0.0,0.0,0.0
11.081589937210083,-1.504969596862793,1.8901597261428833,0.0,0.0,-0.008089103735983372,-0.24822203814983368,0.0,0.0,-0.6779476965227783,-0.7054010746718878,0.2897797226905823,0.09907660633325577,0.0,0.0,0.0,0.0
11.083922386169434,-1.504969596862793,1.8901597261428833,0.0,0.0,-0.008089103735983372,-0.24822203814983368,0.0,0.0,-0.6779476965227783,-0.7054010746718878,0.2897797226905823,0.09907660633325577,0.0,0.0,0.0,0.0
11.086137056350708,-1.504969596862793,1.8901597261428833,0.0,0.0,-0.008089103735983372,-0.24822203814983368,0.0,0.0,-0.6779476965227783,-0.7054010746718878,0.2897797226905823,0.09907660633325577,0.0,0.0,0.0,0.0
11.088678359985352,-1.504969596862793,1.8901597261428833,0.0,0.0,-0.008089103735983372,-0.24822203814983368,0.0,0.0,-0.6779476965227783,-0.7054010746718878,0.2897797226905823,0.09907660633325577,0.0,0.0,0.0,0.0
11.09046483039856,-1.504969596862793,1.8901597261428833,0.0,0.0,-0.008089103735983372,-0.24822203814983368,0.0,0.0,-0.6779476965227783,-0.7054010746718878,0.2897797226905823,0.09907660633325577,0.0,0.0,0.0,0.0
11.092225074768066,-1.504969596862793,1.8901597261428833,0.0,0.0,-0.008089103735983372,-0.24822203814983368,0.0,0.0,-0.6779476965227783,-0.7054010746718878,0.2897797226905823,0.09907660633325577,0.0,0.0,0.0,0.0
11.094452857971191,-1.504969596862793,1.8901597261428833,0.0,0.0,-0.008089103735983372,-0.24822203814983368,0.0,0.0,-0.6779476965227783,-0.7054010746718878,0.2897797226905823,0.09907660633325577,0.0,0.0,0.0,0.0
11.096629858016968,-1.504969596862793,1.8901597261428833,0.0,0.0,-0.008089103735983372,-0.24822203814983368,0.0,0.0,-0.6779476965227783,-0.7054010746718878,0.2897797226905823,0.09907660633325577,0.0,0.0,0.0,0.0
11.098413944244385,-1.504969596862793,1.8901597261428833,0.0,0.0,-0.008089103735983372,-0.24822203814983368,0.0,0.0,-0.6779476965227783,-0.7054010746718878,0.2897797226905823,0.09907660633325577,0.0,0.0,0.0,0.0
11.100149154663086,-1.504969596862793,1.8901597261428833,0.0,0.0,-0.008089103735983372,-0.24822203814983368,0.0,0.0,-0.6779476965227783,-0.7054010746718878,0.2897797226905823,0.09907660633325577,0.0,0.0,0.0,0.0
11.102311372756958,-1.504969596862793,1.8901597261428833,0.0,0.0,-0.008089103735983372,-0.24822203814983368,0.0,0.0,-0.6779476965227783,-0.7054010746718878,0.2897797226905823,0.09907660633325577,0.0,0.0,0.0,0.0
11.104020357131958,-1.504969596862793,1.8901597261428833,0.0,0.0,-0.008089103735983372,-0.24822203814983368,0.0,0.0,-0.6779476965227783,-0.7054010746718878,0.2897797226905823,0.09907660633325577,0.0,0.0,0.0,0.0
11.105742692947388,-1.504969596862793,1.8901597261428833,0.0,0.0,-0.008089103735983372,-0.24822203814983368,0.0,0.0,-0.6779476965227783,-0.7054010746718878,0.2897797226905823,0.09907660633325577,0.0,0.0,0.0,0.0
11.107969760894775,-1.504969596862793,1.8901597261428833,0.0,0.0,-0.008089103735983372,-0.24822203814983368,0.0,0.0,-0.6779476965227783,-0.7054010746718878,0.2897797226905823,0.09907660633325577,0.0,0.0,0.0,0.0
11.109811782836914,-1.504969596862793,1.8901597261428833,0.0,0.0,-0.008089103735983372,-0.24822203814983368,0.0,0.0,-0.6779476965227783,-0.7054010746718878,0.2897797226905823,0.09907660633325577,0.0,0.0,0.0,0.0
11.111454963684082,-1.504969596862793,1.8901597261428833,0.0,0.0,-0.008089103735983372,-0.24822203814983368,0.0,0.0,-0.6779476965227783,-0.7054010746718878,0.2897797226905823,0.09907660633325577,0.0,0.0,0.0,0.0
11.113914251327515,-1.504969596862793,1.8901597261428833,0.0,0.0,-0.008089103735983372,-0.24822203814983368,0.0,0.0,-0.6779476965227783,-0.7054010746718878,0.2897797226905823,0.09907660633325577,0.0,0.0,0.0,0.0
11.1159029006958,-1.504969596862793,1.8901597261428833,0.0,0.0,-0.008089103735983372,-0.24822203814983368,0.0,0.0,-0.6779476965227783,-0.7054010746718878,0.2897797226905823,0.09907660633325577,0.0,0.0,0.0,0.0
11.117815256118774,-1.504969596862793,1.8901597261428833,0.0,0.0,-0.008089103735983372,-0.24822203814983368,0.0,0.0,-0.6779476965227783,-0.7054010746718878,0.2897797226905823,0.09907660633325577,0.0,0.0,0.0,0.0
11.120872735977173,-1.504969596862793,1.8901597261428833,0.0,0.0,-0.008089103735983372,-0.24822203814983368,0.0,0.0,-0.6779476965227783,-0.7054010746718878,0.2897797226905823,0.09907660633325577,0.0,0.0,0.0,0.0
11.122666358947754,-1.504969596862793,1.8901597261428833,0.0,0.0,-0.008089103735983372,-0.24822203814983368,0.0,0.0,-0.6779476965227783,-0.7054010746718878,0.2897797226905823,0.09907660633325577,0.0,0.0,0.0,0.0
11.125104665756226,-1.504969596862793,1.8901597261428833,0.0,0.0,-0.008089103735983372,-0.24822203814983368,0.0,0.0,-0.6779476965227783,-0.7054010746718878,0.2897797226905823,0.09907660633325577,0.0,0.0,0.0,0.0
11.12680959701538,-1.504969596862793,1.8901597261428833,0.0,0.0,-0.008089103735983372,-0.24822203814983368,0.0,0.0,-0.6779476965227783,-0.7054010746718878,0.2897797226905823,0.09907660633325577,0.0,0.0,0.0,0.0
11.128435611724854,-1.504969596862793,1.8901597261428833,0.0,0.0,-0.008089103735983372,-0.24822203814983368,0.0,0.0,-0.6779476965227783,-0.7054010746718878,0.2897797226905823,0.09907660633325577,0.0,0.0,0.0,0.0
11.1304030418396,-1.504969596862793,1.8901597261428833,0.0,0.0,-0.008089103735983372,-0.24822203814983368,0.0,0.0,-0.6779476965227783,-0.7054010746718878,0.2897797226905823,0.09907660633325577,0.0,0.0,0.0,0.0
11.1327064037323,-1.504969596862793,1.8901597261428833,0.0,0.0,-0.008089103735983372,-0.24822203814983368,0.0,0.0,-0.6779476965227783,-0.7054010746718878,0.2897797226905823,0.09907660633325577,0.0,0.0,0.0,0.0
11.134541273117065,-1.504969596862793,1.8901597261428833,0.0,0.0,-0.008089103735983372,-0.24822203814983368,0.0,0.0,-0.6779476965227783,-0.7054010746718878,0.2897797226905823,0.09907660633325577,0.0,0.0,0.0,0.0
11.136477708816528,-1.504969596862793,1.8901597261428833,0.0,0.0,-0.008089103735983372,-0.24822203814983368,0.0,0.0,-0.6779476965227783,-0.7054010746718878,0.2897797226905823,0.09907660633325577,0.0,0.0,0.0,0.0
11.139619588851929,-1.504969596862793,1.8901597261428833,0.0,0.0,-0.008089103735983372,-0.24822203814983368,0.0,0.0,-0.6779476965227783,-0.7054010746718878,0.2897797226905823,0.09907660633325577,0.0,0.0,0.0,0.0
11.142338037490845,-1.504969596862793,1.8901597261428833,0.0,0.0,-0.008089103735983372,-0.24822203814983368,0.0,0.0,-0.6779476965227783,-0.7054010746718878,0.2897797226905823,0.09907660633325577,0.0,0.0,0.0,0.0
11.14453935623169,-1.504969596862793,1.8901597261428833,0.0,0.0,-0.008089103735983372,-0.24822203814983368,0.0,0.0,-0.6779476965227783,-0.7054010746718878,0.2897797226905823,0.09907660633325577,0.0,0.0,0.0,0.0
11.146100759506226,-1.504969596862793,1.8901597261428833,0.0,0.0,-0.008089103735983372,-0.24822203814983368,0.0,0.0,-0.6779476965227783,-0.7054010746718878,0.2897797226905823,0.09907660633325577,0.0,0.0,0.0,0.0
11.149013996124268,-1.504969596862793,1.8901597261428833,0.0,0.0,-0.008089103735983372,-0.24822203814983368,0.0,0.0,-0.6779476965227783,-0.7054010746718878,0.2897797226905823,0.09907660633325577,0.0,0.0,0.0,0.0
11.151227474212646,-1.504969596862793,1.8901597261428833,0.0,0.0,-0.008089103735983372,-0.24822203814983368,0.0,0.0,-0.6779476965227783,-0.7054010746718878,0.2897797226905823,0.09907660633325577,0.0,0.0,0.0,0.0
11.153127193450928,-1.504969596862793,1.8901597261428833,0.0,0.0,-0.008089103735983372,-0.24822203814983368,0.0,0.0,-0.6779476965227783,-0.7054010746718878,0.2897797226905823,0.09907660633325577,0.0,0.0,0.0,0.0
11.155319690704346,-1.504969596862793,1.8901597261428833,0.0,0.0,-0.008089103735983372,-0.24822203814983368,0.0,0.0,-0.6779476965227783,-0.7054010746718878,0.2897797226905823,0.09907660633325577,0.0,0.0,0.0,0.0
11.157124757766724,-1.504969596862793,1.8901597261428833,0.0,0.0,-0.008089103735983372,-0.24822203814983368,0.0,0.0,-0.6779476965227783,-0.7054010746718878,0.2897797226905823,0.09907660633325577,0.0,0.0,0.0,0.0
11.15998101234436,-1.504969596862793,1.8901597261428833,0.0,0.0,-0.008089103735983372,-0.24822203814983368,0.0,0.0,-0.6779476965227783,-0.7054010746718878,0.2897797226905823,0.09907660633325577,0.0,0.0,0.0,0.0
11.16251277923584,-1.504969596862793,1.8901597261428833,0.0,0.0,-0.008089103735983372,-0.24822203814983368,0.0,0.0,-0.6779476965227783,-0.7054010746718878,0.2897797226905823,0.09907660633325577,0.0,0.0,0.0,0.0
11.165219068527222,-1.504969596862793,1.8901597261428833,0.0,0.0,-0.008089103735983372,-0.24822203814983368,0.0,0.0,-0.6779476965227783,-0.7054010746718878,0.2897797226905823,0.09907660633325577,0.0,0.0,0.0,0.0
11.167676448822021,-1.504969596862793,1.8901597261428833,0.0,0.0,-0.008089103735983372,-0.24822203814983368,0.0,0.0,-0.6779476965227783,-0.7054010746718878,0.2897797226905823,0.09907660633325577,0.0,0.0,0.0,0.0
11.170534372329712,-1.504969596862793,1.8901597261428833,0.0,0.0,-0.008089103735983372,-0.24822203814983368,0.0,0.0,-0.6779476965227783,-0.7054010746718878,0.2897797226905823,0.09907660633325577,0.0,0.0,0.0,0.0
11.173033952713013,-1.504969596862793,1.8901597261428833,0.0,0.0,-0.008089103735983372,-0.24822203814983368,0.0,0.0,-0.6779476965227783,-0.7054010746718878,0.2897797226905823,0.09907660633325577,0.0,0.0,0.0,0.0
11.175326108932495,-1.504969596862793,1.8901597261428833,0.0,0.0,-0.008089103735983372,-0.24822203814983368,0.0,0.0,-0.6779476965227783,-0.7054010746718878,0.2897797226905823,0.09907660633325577,0.0,0.0,0.0,0.0
11.177135944366455,-1.504969596862793,1.8901597261428833,0.0,0.0,-0.008089103735983372,-0.24822203814983368,0.0,0.0,-0.6779476965227783,-0.7054010746718878,0.2897797226905823,0.09907660633325577,0.0,0.0,0.0,0.0
11.179483413696289,-1.504969596862793,1.8901597261428833,0.0,0.0,-0.008089103735983372,-0.24822203814983368,0.0,0.0,-0.6779476965227783,-0.7054010746718878,0.2897797226905823,0.09907660633325577,0.0,0.0,0.0,0.0
11.181731224060059,-1.504969596862793,1.8901597261428833,0.0,0.0,-0.008089103735983372,-0.24822203814983368,0.0,0.0,-0.6779476965227783,-0.7054010746718878,0.2897797226905823,0.09907660633325577,0.0,0.0,0.0,0.0
11.183444023132324,-1.504969596862793,1.8901597261428833,0.0,0.0,-0.008089103735983372,-0.24822203814983368,0.0,0.0,-0.6779476965227783,-0.7054010746718878,0.2897797226905823,0.09907660633325577,0.0,0.0,0.0,0.0
11.185123443603516,-1.504969596862793,1.8901597261428833,0.0,0.0,-0.008089103735983372,-0.24822203814983368,0.0,0.0,-0.6779476965227783,-0.7054010746718878,0.2897797226905823,0.09907660633325577,0.0,0.0,0.0,0.0
11.18679428100586,-1.504969596862793,1.8901597261428833,0.0,0.0,-0.008089103735983372,-0.24822203814983368,0.0,0.0,-0.6779476965227783,-0.7054010746718878,0.2897797226905823,0.09907660633325577,0.0,0.0,0.0,0.0
11.188401937484741,-1.504969596862793,1.8901597261428833,0.0,0.0,-0.008089103735983372,-0.24822203814983368,0.0,0.0,-0.6779476965227783,-0.7054010746718878,0.2897797226905823,0.09907660633325577,0.0,0.0,0.0,0.0
11.190766096115112,-1.504969596862793,1.8901597261428833,0.0,0.0,-0.008089103735983372,-0.24822203814983368,0.0,0.0,-0.6779476965227783,-0.7054010746718878,0.2897797226905823,0.09907660633325577,0.0,0.0,0.0,0.0
11.193073272705078,-1.504969596862793,1.8901597261428833,0.0,0.0,-0.008089103735983372,-0.24822203814983368,0.0,0.0,-0.6779476965227783,-0.7054010746718878,0.2897797226905823,0.09907660633325577,0.0,0.0,0.0,0.0
11.19532561302185,-1.504969596862793,1.8901597261428833,0.0,0.0,-0.008089103735983372,-0.24822203814983368,0.0,0.0,-0.6779476965227783,-0.7054010746718878,0.2897797226905823,0.09907660633325577,0.0,0.0,0.0,0.0
11.19709324836731,-1.504969596862793,1.8901597261428833,0.0,0.0,-0.008089103735983372,-0.24822203814983368,0.0,0.0,-0.6779476965227783,-0.7054010746718878,0.2897797226905823,0.09907660633325577,0.0,0.0,0.0,0.0
11.199123859405518,-1.504969596862793,1.8901597261428833,0.0,0.0,-0.008089103735983372,-0.24822203814983368,0.0,0.0,-0.6779476965227783,-0.7054010746718878,0.2897797226905823,0.09907660633325577,0.0,0.0,0.0,0.0
11.201029777526855,-1.504969596862793,1.8901597261428833,0.0,0.0,-0.008089103735983372,-0.24822203814983368,0.0,0.0,-0.6779476965227783,-0.7054010746718878,0.2897797226905823,0.09907660633325577,0.0,0.0,0.0,0.0
11.203359127044678,-1.504969596862793,1.8901597261428833,0.0,0.0,-0.008089103735983372,-0.24822203814983368,0.0,0.0,-0.6779476965227783,-0.7054010746718878,0.2897797226905823,0.09907660633325577,0.0,0.0,0.0,0.0
11.205281496047974,-1.504969596862793,1.8901597261428833,0.0,0.0,-0.008089103735983372,-0.24822203814983368,0.0,0.0,-0.6779476965227783,-0.7054010746718878,0.2897797226905823,0.09907660633325577,0.0,0.0,0.0,0.0
11.207160472869873,-1.504969596862793,1.8901597261428833,0.0,0.0,-0.008089103735983372,-0.24822203814983368,0.0,0.0,-0.6779476965227783,-0.7054010746718878,0.2897797226905823,0.09907660633325577,0.0,0.0,0.0,0.0
11.209771871566772,-1.504969596862793,1.8901597261428833,0.0,0.0,-0.008089103735983372,-0.24822203814983368,0.0,0.0,-0.6779476965227783,-0.7054010746718878,0.2897797226905823,0.09907660633325577,0.0,0.0,0.0,0.0
11.212289094924927,-1.504969596862793,1.8901597261428833,0.0,0.0,-0.008089103735983372,-0.24822203814983368,0.0,0.0,-0.6779476965227783,-0.7054010746718878,0.2897797226905823,0.09907660633325577,0.0,0.0,0.0,0.0
11.214114427566528,-1.504969596862793,1.8901597261428833,0.0,0.0,-0.008089103735983372,-0.24822203814983368,0.0,0.0,-0.6779476965227783,-0.7054010746718878,0.2897797226905823,0.09907660633325577,0.0,0.0,0.0,0.0
11.215891599655151,-1.504969596862793,1.8901597261428833,0.0,0.0,-0.008089103735983372,-0.24822203814983368,0.0,0.0,-0.6779476965227783,-0.7054010746718878,0.2897797226905823,0.09907660633325577,0.0,0.0,0.0,0.0
11.217732429504395,-1.504969596862793,1.8901597261428833,0.0,0.0,-0.008089103735983372,-0.24822203814983368,0.0,0.0,-0.6779476965227783,-0.7054010746718878,0.2897797226905823,0.09907660633325577,0.0,0.0,0.0,0.0
11.220559120178223,-1.504969596862793,1.8901597261428833,0.0,0.0,-0.008089103735983372,-0.24822203814983368,0.0,0.0,-0.6779476965227783,-0.7054010746718878,0.2897797226905823,0.09907660633325577,0.0,0.0,0.0,0.0
11.223724842071533,-1.504969596862793,1.8901597261428833,0.0,0.0,-0.008089103735983372,-0.24822203814983368,0.0,0.0,-0.6779476965227783,-0.7054010746718878,0.2897797226905823,0.09907660633325577,0.0,0.0,0.0,0.0
11.225550174713135,-1.504969596862793,1.8901597261428833,0.0,0.0,-0.008089103735983372,-0.24822203814983368,0.0,0.0,-0.6779476965227783,-0.7054010746718878,0.2897797226905823,0.09907660633325577,0.0,0.0,0.0,0.0
11.228575944900513,-1.504969596862793,1.8901597261428833,0.0,0.0,-0.008089103735983372,-0.24822203814983368,0.0,0.0,-0.6779476965227783,-0.7054010746718878,0.2897797226905823,0.09907660633325577,0.0,0.0,0.0,0.0
11.230311155319214,-1.504969596862793,1.8901597261428833,0.0,0.0,-0.008089103735983372,-0.24822203814983368,0.0,0.0,-0.6779476965227783,-0.7054010746718878,0.2897797226905823,0.09907660633325577,0.0,0.0,0.0,0.0
11.231961011886597,-1.504969596862793,1.8901597261428833,0.0,0.0,-0.008089103735983372,-0.24822203814983368,0.0,0.0,-0.6779476965227783,-0.7054010746718878,0.2897797226905823,0.09907660633325577,0.0,0.0,0.0,0.0
11.23371934890747,-1.504969596862793,1.8901597261428833,0.0,0.0,-0.008089103735983372,-0.24822203814983368,0.0,0.0,-0.6779476965227783,-0.7054010746718878,0.2897797226905823,0.09907660633325577,0.0,0.0,0.0,0.0
11.235483884811401,-1.504969596862793,1.8901597261428833,0.0,0.0,-0.008089103735983372,-0.24822203814983368,0.0,0.0,-0.6779476965227783,-0.7054010746718878,0.2897797226905823,0.09907660633325577,0.0,0.0,0.0,0.0
11.237229824066162,-1.504969596862793,1.8901597261428833,0.0,0.0,-0.008089103735983372,-0.24822203814983368,0.0,0.0,-0.6779476965227783,-0.7054010746718878,0.2897797226905823,0.09907660633325577,0.0,0.0,0.0,0.0
11.239508628845215,-1.504969596862793,1.8901597261428833,0.0,0.0,-0.008089103735983372,-0.24822203814983368,0.0,0.0,-0.6779476965227783,-0.7054010746718878,0.2897797226905823,0.09907660633325577,0.0,0.0,0.0,0.0
11.241209745407104,-1.504969596862793,1.8901597261428833,0.0,0.0,-0.008089103735983372,-0.24822203814983368,0.0,0.0,-0.6779476965227783,-0.7054010746718878,0.2897797226905823,0.09907660633325577,0.0,0.0,0.0,0.0
11.242759227752686,-1.504969596862793,1.8901597261428833,0.0,0.0,-0.008089103735983372,-0.24822203814983368,0.0,0.0,-0.6779476965227783,-0.7054010746718878,0.2897797226905823,0.09907660633325577,0.0,0.0,0.0,0.0
11.244420051574707,-1.504969596862793,1.8901597261428833,0.0,0.0,-0.008089103735983372,-0.24822203814983368,0.0,0.0,-0.6779476965227783,-0.7054010746718878,0.2897797226905823,0.09907660633325577,0.0,0.0,0.0,0.0
11.246407985687256,-1.504969596862793,1.8901597261428833,0.0,0.0,-0.008089103735983372,-0.24822203814983368,0.0,0.0,-0.6779476965227783,-0.7054010746718878,0.2897797226905823,0.09907660633325577,0.0,0.0,0.0,0.0
11.24795389175415,-1.504969596862793,1.8901597261428833,0.0,0.0,-0.008089103735983372,-0.24822203814983368,0.0,0.0,-0.6779476965227783,-0.7054010746718878,0.2897797226905823,0.09907660633325577,0.0,0.0,0.0,0.0
11.249570846557617,-1.504969596862793,1.8901597261428833,0.0,0.0,-0.008089103735983372,-0.24822203814983368,0.0,0.0,-0.6779476965227783,-0.7054010746718878,0.2897797226905823,0.09907660633325577,0.0,0.0,0.0,0.0
11.25122332572937,-1.504969596862793,1.8901597261428833,0.0,0.0,-0.008089103735983372,-0.24822203814983368,0.0,0.0,-0.6779476965227783,-0.7054010746718878,0.2897797226905823,0.09907660633325577,0.0,0.0,0.0,0.0
11.252976655960083,-1.504969596862793,1.8901597261428833,0.0,0.0,-0.008089103735983372,-0.24822203814983368,0.0,0.0,-0.6779476965227783,-0.7054010746718878,0.2897797226905823,0.09907660633325577,0.0,0.0,0.0,0.0
11.25471806526184,-1.504969596862793,1.8901597261428833,0.0,0.0,-0.008089103735983372,-0.24822203814983368,0.0,0.0,-0.6779476965227783,-0.7054010746718878,0.2897797226905823,0.09907660633325577,0.0,0.0,0.0,0.0
11.25642991065979,-1.504969596862793,1.8901597261428833,0.0,0.0,-0.008089103735983372,-0.24822203814983368,0.0,0.0,-0.6779476965227783,-0.7054010746718878,0.2897797226905823,0.09907660633325577,0.0,0.0,0.0,0.0
11.25812029838562,-1.504969596862793,1.8901597261428833,0.0,0.0,-0.008089103735983372,-0.24822203814983368,0.0,0.0,-0.6779476965227783,-0.7054010746718878,0.2897797226905823,0.09907660633325577,0.0,0.0,0.0,0.0
11.259812355041504,-1.504969596862793,1.8901597261428833,0.0,0.0,-0.008089103735983372,-0.24822203814983368,0.0,0.0,-0.6779476965227783,-0.7054010746718878,0.2897797226905823,0.09907660633325577,0.0,0.0,0.0,0.0
11.26149582862854,-1.504969596862793,1.8901597261428833,0.0,0.0,-0.008089103735983372,-0.24822203814983368,0.0,0.0,-0.6779476965227783,-0.7054010746718878,0.2897797226905823,0.09907660633325577,0.0,0.0,0.0,0.0
11.263277053833008,-1.504969596862793,1.8901597261428833,0.0,0.0,-0.008089103735983372,-0.24822203814983368,0.0,0.0,-0.6779476965227783,-0.7054010746718878,0.2897797226905823,0.09907660633325577,0.0,0.0,0.0,0.0
11.265162706375122,-1.504969596862793,1.8901597261428833,0.0,0.0,-0.008089103735983372,-0.24822203814983368,0.0,0.0,-0.6779476965227783,-0.7054010746718878,0.2897797226905823,0.09907660633325577,0.0,0.0,0.0,0.0
11.26675009727478,-1.504969596862793,1.8901597261428833,0.0,0.0,-0.008089103735983372,-0.24822203814983368,0.0,0.0,-0.6779476965227783,-0.7054010746718878,0.2897797226905823,0.09907660633325577,0.0,0.0,0.0,0.0
11.268283128738403,-1.504969596862793,1.8901597261428833,0.0,0.0,-0.008089103735983372,-0.24822203814983368,0.0,0.0,-0.6779476965227783,-0.7054010746718878,0.2897797226905823,0.09907660633325577,0.0,0.0,0.0,0.0
11.269853353500366,-1.504969596862793,1.8901597261428833,0.0,0.0,-0.008089103735983372,-0.24822203814983368,0.0,0.0,-0.6779476965227783,-0.7054010746718878,0.2897797226905823,0.09907660633325577,0.0,0.0,0.0,0.0
11.271442890167236,-1.504969596862793,1.8901597261428833,0.0,0.0,-0.008089103735983372,-0.24822203814983368,0.0,0.0,-0.6779476965227783,-0.7054010746718878,0.2897797226905823,0.09907660633325577,0.0,0.0,0.0,0.0
11.272972106933594,-1.504969596862793,1.8901597261428833,0.0,0.0,-0.008089103735983372,-0.24822203814983368,0.0,0.0,-0.6779476965227783,-0.7054010746718878,0.2897797226905823,0.09907660633325577,0.0,0.0,0.0,0.0
11.274950504302979,-1.504969596862793,1.8901597261428833,0.0,0.0,-0.008089103735983372,-0.24822203814983368,0.0,0.0,-0.6779476965227783,-0.7054010746718878,0.2897797226905823,0.09907660633325577,0.0,0.0,0.0,0.0
11.277156352996826,-1.504969596862793,1.8901597261428833,0.0,0.0,-0.008089103735983372,-0.24822203814983368,0.0,0.0,-0.6779476965227783,-0.7054010746718878,0.2897797226905823,0.09907660633325577,0.0,0.0,0.0,0.0
11.278751850128174,-1.504969596862793,1.8901597261428833,0.0,0.0,-0.008089103735983372,-0.24822203814983368,0.0,0.0,-0.6779476965227783,-0.7054010746718878,0.2897797226905823,0.09907660633325577,0.0,0.0,0.0,0.0
11.280227422714233,-1.504969596862793,1.8901597261428833,0.0,0.0,-0.008089103735983372,-0.24822203814983368,0.0,0.0,-0.6779476965227783,-0.7054010746718878,0.2897797226905823,0.09907660633325577,0.0,0.0,0.0,0.0
11.282181024551392,-1.504969596862793,1.8901597261428833,0.0,0.0,-0.008089103735983372,-0.24822203814983368,0.0,0.0,-0.6779476965227783,-0.7054010746718878,0.2897797226905823,0.09907660633325577,0.0,0.0,0.0,0.0
11.283852577209473,-1.504969596862793,1.8901597261428833,0.0,0.0,-0.008089103735983372,-0.24822203814983368,0.0,0.0,-0.6779476965227783,-0.7054010746718878,0.2897797226905823,0.09907660633325577,0.0,0.0,0.0,0.0
11.285500526428223,-1.504969596862793,1.8901597261428833,0.0,0.0,-0.008089103735983372,-0.24822203814983368,0.0,0.0,-0.6779476965227783,-0.7054010746718878,0.2897797226905823,0.09907660633325577,0.0,0.0,0.0,0.0
11.287255764007568,-1.504969596862793,1.8901597261428833,0.0,0.0,-0.008089103735983372,-0.24822203814983368,0.0,0.0,-0.6779476965227783,-0.7054010746718878,0.2897797226905823,0.09907660633325577,0.0,0.0,0.0,0.0
11.28890347480774,-1.504969596862793,1.8901597261428833,0.0,0.0,-0.008089103735983372,-0.24822203814983368,0.0,0.0,-0.6779476965227783,-0.7054010746718878,0.2897797226905823,0.09907660633325577,0.0,0.0,0.0,0.0
11.290491104125977,-1.504969596862793,1.8901597261428833,0.0,0.0,-0.008089103735983372,-0.24822203814983368,0.0,0.0,-0.6779476965227783,-0.7054010746718878,0.2897797226905823,0.09907660633325577,0.0,0.0,0.0,0.0
11.292360067367554,-1.504969596862793,1.8901597261428833,0.0,0.0,-0.008089103735983372,-0.24822203814983368,0.0,0.0,-0.6779476965227783,-0.7054010746718878,0.2897797226905823,0.09907660633325577,0.0,0.0,0.0,0.0
11.294035196304321,-1.504969596862793,1.8901597261428833,0.0,0.0,-0.008089103735983372,-0.24822203814983368,0.0,0.0,-0.6779476965227783,-0.7054010746718878,0.2897797226905823,0.09907660633325577,0.0,0.0,0.0,0.0
11.295717716217041,-1.504969596862793,1.8901597261428833,0.0,0.0,-0.008089103735983372,-0.24822203814983368,0.0,0.0,-0.6779476965227783,-0.7054010746718878,0.2897797226905823,0.09907660633325577,0.0,0.0,0.0,0.0
11.297393560409546,-1.504969596862793,1.8901597261428833,0.0,0.0,-0.008089103735983372,-0.24822203814983368,0.0,0.0,-0.6779476965227783,-0.7054010746718878,0.2897797226905823,0.09907660633325577,0.0,0.0,0.0,0.0
11.298969268798828,-1.504969596862793,1.8901597261428833,0.0,0.0,-0.008089103735983372,-0.24822203814983368,0.0,0.0,-0.6779476965227783,-0.7054010746718878,0.2897797226905823,0.09907660633325577,0.0,0.0,0.0,0.0
11.301266431808472,-1.504969596862793,1.8901597261428833,0.0,0.0,-0.008089103735983372,-0.24822203814983368,0.0,0.0,-0.6779476965227783,-0.7054010746718878,0.2897797226905823,0.09907660633325577,0.0,0.0,0.0,0.0
11.303912162780762,-1.504969596862793,1.8901597261428833,0.0,0.0,-0.008089103735983372,-0.24822203814983368,0.0,0.0,-0.6779476965227783,-0.7054010746718878,0.2897797226905823,0.09907660633325577,0.0,0.0,0.0,0.0
11.306137561798096,-1.504969596862793,1.8901597261428833,0.0,0.0,-0.008089103735983372,-0.24822203814983368,0.0,0.0,-0.6779476965227783,-0.7054010746718878,0.2897797226905823,0.09907660633325577,0.0,0.0,0.0,0.0
11.30824875831604,-1.504969596862793,1.8901597261428833,0.0,0.0,-0.008089103735983372,-0.24822203814983368,0.0,0.0,-0.6779476965227783,-0.7054010746718878,0.2897797226905823,0.09907660633325577,0.0,0.0,0.0,0.0
11.310422658920288,-1.504969596862793,1.8901597261428833,0.0,0.0,-0.008089103735983372,-0.24822203814983368,0.0,0.0,-0.6779476965227783,-0.7054010746718878,0.2897797226905823,0.09907660633325577,0.0,0.0,0.0,0.0
11.312360763549805,-1.504969596862793,1.8901597261428833,0.0,0.0,-0.008089103735983372,-0.24822203814983368,0.0,0.0,-0.6779476965227783,-0.7054010746718878,0.2897797226905823,0.09907660633325577,0.0,0.0,0.0,0.0
11.314284563064575,-1.504969596862793,1.8901597261428833,0.0,0.0,-0.008089103735983372,-0.24822203814983368,0.0,0.0,-0.6779476965227783,-0.7054010746718878,0.2897797226905823,0.09907660633325577,0.0,0.0,0.0,0.0
11.316038608551025,-1.504969596862793,1.8901597261428833,0.0,0.0,-0.008089103735983372,-0.24822203814983368,0.0,0.0,-0.6779476965227783,-0.7054010746718878,0.2897797226905823,0.09907660633325577,0.0,0.0,0.0,0.0
11.317755699157715,-1.504969596862793,1.8901597261428833,0.0,0.0,-0.008089103735983372,-0.24822203814983368,0.0,0.0,-0.6779476965227783,-0.7054010746718878,0.2897797226905823,0.09907660633325577,0.0,0.0,0.0,0.0
11.321372032165527,-1.504969596862793,1.8901597261428833,0.0,0.0,-0.008089103735983372,-0.24822203814983368,0.0,0.0,-0.6779476965227783,-0.7054010746718878,0.2897797226905823,0.09907660633325577,0.0,0.0,0.0,0.0
11.323647260665894,-1.504969596862793,1.8901597261428833,0.0,0.0,-0.008089103735983372,-0.24822203814983368,0.0,0.0,-0.6779476965227783,-0.7054010746718878,0.2897797226905823,0.09907660633325577,0.0,0.0,0.0,0.0
11.325825452804565,-1.504969596862793,1.8901597261428833,0.0,0.0,-0.008089103735983372,-0.24822203814983368,0.0,0.0,-0.6779476965227783,-0.7054010746718878,0.2897797226905823,0.09907660633325577,0.0,0.0,0.0,0.0
11.327713012695312,-1.504969596862793,1.8901597261428833,0.0,0.0,-0.008089103735983372,-0.24822203814983368,0.0,0.0,-0.6779476965227783,-0.7054010746718878,0.2897797226905823,0.09907660633325577,0.0,0.0,0.0,0.0
11.330349206924438,-1.504969596862793,1.8901597261428833,0.0,0.0,-0.008089103735983372,-0.24822203814983368,0.0,0.0,-0.6779476965227783,-0.7054010746718878,0.2897797226905823,0.09907660633325577,0.0,0.0,0.0,0.0
11.33197569847107,-1.504969596862793,1.8901597261428833,0.0,0.0,-0.008089103735983372,-0.24822203814983368,0.0,0.0,-0.6779476965227783,-0.7054010746718878,0.2897797226905823,0.09907660633325577,0.0,0.0,0.0,0.0
11.333880424499512,-1.504969596862793,1.8901597261428833,0.0,0.0,-0.008089103735983372,-0.24822203814983368,0.0,0.0,-0.6779476965227783,-0.7054010746718878,0.2897797226905823,0.09907660633325577,0.0,0.0,0.0,0.0
11.336689949035645,-1.504969596862793,1.8901597261428833,0.0,0.0,-0.008089103735983372,-0.24822203814983368,0.0,0.0,-0.6779476965227783,-0.7054010746718878,0.2897797226905823,0.09907660633325577,0.0,0.0,0.0,0.0
11.339147567749023,-1.504969596862793,1.8901597261428833,0.0,0.0,-0.008089103735983372,-0.24822203814983368,0.0,0.0,-0.6779476965227783,-0.7054010746718878,0.2897797226905823,0.09907660633325577,0.0,0.0,0.0,0.0
11.340742111206055,-1.504969596862793,1.8901597261428833,0.0,0.0,-0.008089103735983372,-0.24822203814983368,0.0,0.0,-0.6779476965227783,-0.7054010746718878,0.2897797226905823,0.09907660633325577,0.0,0.0,0.0,0.0
11.342235803604126,-1.504969596862793,1.8901597261428833,0.0,0.0,-0.008089103735983372,-0.24822203814983368,0.0,0.0,-0.6779476965227783,-0.7054010746718878,0.2897797226905823,0.09907660633325577,0.0,0.0,0.0,0.0
11.34369945526123,-1.504969596862793,1.8901597261428833,0.0,0.0,-0.008089103735983372,-0.24822203814983368,0.0,0.0,-0.6779476965227783,-0.7054010746718878,0.2897797226905823,0.09907660633325577,0.0,0.0,0.0,0.0
11.345171689987183,-1.504969596862793,1.8901597261428833,0.0,0.0,-0.008089103735983372,-0.24822203814983368,0.0,0.0,-0.6779476965227783,-0.7054010746718878,0.2897797226905823,0.09907660633325577,0.0,0.0,0.0,0.0
11.346625804901123,-1.504969596862793,1.8901597261428833,0.0,0.0,-0.008089103735983372,-0.24822203814983368,0.0,0.0,-0.6779476965227783,-0.7054010746718878,0.2897797226905823,0.09907660633325577,0.0,0.0,0.0,0.0
11.348139762878418,-1.504969596862793,1.8901597261428833,0.0,0.0,-0.008089103735983372,-0.24822203814983368,0.0,0.0,-0.6779476965227783,-0.7054010746718878,0.2897797226905823,0.09907660633325577,0.0,0.0,0.0,0.0
11.349594354629517,-1.504969596862793,1.8901597261428833,0.0,0.0,-0.008089103735983372,-0.24822203814983368,0.0,0.0,-0.6779476965227783,-0.7054010746718878,0.2897797226905823,0.09907660633325577,0.0,0.0,0.0,0.0
11.351117372512817,-1.504969596862793,1.8901597261428833,0.0,0.0,-0.008089103735983372,-0.24822203814983368,0.0,0.0,-0.6779476965227783,-0.7054010746718878,0.2897797226905823,0.09907660633325577,0.0,0.0,0.0,0.0
11.35251259803772,-1.504969596862793,1.8901597261428833,0.0,0.0,-0.008089103735983372,-0.24822203814983368,0.0,0.0,-0.6779476965227783,-0.7054010746718878,0.2897797226905823,0.09907660633325577,0.0,0.0,0.0,0.0
11.353935480117798,-1.504969596862793,1.8901597261428833,0.0,0.0,-0.008089103735983372,-0.24822203814983368,0.0,0.0,-0.6779476965227783,-0.7054010746718878,0.2897797226905823,0.09907660633325577,0.0,0.0,0.0,0.0
11.355910778045654,-1.504969596862793,1.8901597261428833,0.0,0.0,-0.008089103735983372,-0.24822203814983368,0.0,0.0,-0.6779476965227783,-0.7054010746718878,0.2897797226905823,0.09907660633325577,0.0,0.0,0.0,0.0
11.357321739196777,-1.504969596862793,1.8901597261428833,0.0,0.0,-0.008089103735983372,-0.24822203814983368,0.0,0.0,-0.6779476965227783,-0.7054010746718878,0.2897797226905823,0.09907660633325577,0.0,0.0,0.0,0.0
11.358758687973022,-1.504969596862793,1.8901597261428833,0.0,0.0,-0.008089103735983372,-0.24822203814983368,0.0,0.0,-0.6779476965227783,-0.7054010746718878,0.2897797226905823,0.09907660633325577,0.0,0.0,0.0,0.0
11.360205173492432,-1.504969596862793,1.8901597261428833,0.0,0.0,-0.008089103735983372,-0.24822203814983368,0.0,0.0,-0.6779476965227783,-0.7054010746718878,0.2897797226905823,0.09907660633325577,0.0,0.0,0.0,0.0
11.36191701889038,-1.504969596862793,1.8901597261428833,0.0,0.0,-0.008089103735983372,-0.24822203814983368,0.0,0.0,-0.6779476965227783,-0.7054010746718878,0.2897797226905823,0.09907660633325577,0.0,0.0,0.0,0.0
11.364113569259644,-1.504969596862793,1.8901597261428833,0.0,0.0,-0.008089103735983372,-0.24822203814983368,0.0,0.0,-0.6779476965227783,-0.7054010746718878,0.2897797226905823,0.09907660633325577,0.0,0.0,0.0,0.0
11.365594863891602,-1.504969596862793,1.8901597261428833,0.0,0.0,-0.008089103735983372,-0.24822203814983368,0.0,0.0,-0.6779476965227783,-0.7054010746718878,0.2897797226905823,0.09907660633325577,0.0,0.0,0.0,0.0
11.366997003555298,-1.504969596862793,1.8901597261428833,0.0,0.0,-0.008089103735983372,-0.24822203814983368,0.0,0.0,-0.6779476965227783,-0.7054010746718878,0.2897797226905823,0.09907660633325577,0.0,0.0,0.0,0.0
11.368408203125,-1.504969596862793,1.8901597261428833,0.0,0.0,-0.008089103735983372,-0.24822203814983368,0.0,0.0,-0.6779476965227783,-0.7054010746718878,0.2897797226905823,0.09907660633325577,0.0,0.0,0.0,0.0
11.369861841201782,-1.504969596862793,1.8901597261428833,0.0,0.0,-0.008089103735983372,-0.24822203814983368,0.0,0.0,-0.6779476965227783,-0.7054010746718878,0.2897797226905823,0.09907660633325577,0.0,0.0,0.0,0.0
11.371255874633789,-1.504969596862793,1.8901597261428833,0.0,0.0,-0.008089103735983372,-0.24822203814983368,0.0,0.0,-0.6779476965227783,-0.7054010746718878,0.2897797226905823,0.09907660633325577,0.0,0.0,0.0,0.0
11.372690916061401,-1.504969596862793,1.8901597261428833,0.0,0.0,-0.008089103735983372,-0.24822203814983368,0.0,0.0,-0.6779476965227783,-0.7054010746718878,0.2897797226905823,0.09907660633325577,0.0,0.0,0.0,0.0
11.374969244003296,-1.504969596862793,1.8901597261428833,0.0,0.0,-0.008089103735983372,-0.24822203814983368,0.0,0.0,-0.6779476965227783,-0.7054010746718878,0.2897797226905823,0.09907660633325577,0.0,0.0,0.0,0.0
11.3772714138031,-1.504969596862793,1.8901597261428833,0.0,0.0,-0.008089103735983372,-0.24822203814983368,0.0,0.0,-0.6779476965227783,-0.7054010746718878,0.2897797226905823,0.09907660633325577,0.0,0.0,0.0,0.0
11.379221677780151,-1.504969596862793,1.8901597261428833,0.0,0.0,-0.008089103735983372,-0.24822203814983368,0.0,0.0,-0.6779476965227783,-0.7054010746718878,0.2897797226905823,0.09907660633325577,0.0,0.0,0.0,0.0
11.38119626045227,-1.504969596862793,1.8901597261428833,0.0,0.0,-0.008089103735983372,-0.24822203814983368,0.0,0.0,-0.6779476965227783,-0.7054010746718878,0.2897797226905823,0.09907660633325577,0.0,0.0,0.0,0.0
11.384006261825562,-1.504969596862793,1.8901597261428833,0.0,0.0,-0.008089103735983372,-0.24822203814983368,0.0,0.0,-0.6779476965227783,-0.7054010746718878,0.2897797226905823,0.09907660633325577,0.0,0.0,0.0,0.0
11.386541843414307,-1.504969596862793,1.8901597261428833,0.0,0.0,-0.008089103735983372,-0.24822203814983368,0.0,0.0,-0.6779476965227783,-0.7054010746718878,0.2897797226905823,0.09907660633325577,0.0,0.0,0.0,0.0
11.388628005981445,-1.504969596862793,1.8901597261428833,0.0,0.0,-0.008089103735983372,-0.24822203814983368,0.0,0.0,-0.6779476965227783,-0.7054010746718878,0.2897797226905823,0.09907660633325577,0.0,0.0,0.0,0.0
11.390490531921387,-1.504969596862793,1.8901597261428833,0.0,0.0,-0.008089103735983372,-0.24822203814983368,0.0,0.0,-0.6779476965227783,-0.7054010746718878,0.2897797226905823,0.09907660633325577,0.0,0.0,0.0,0.0
11.392490148544312,-1.504969596862793,1.8901597261428833,0.0,0.0,-0.008089103735983372,-0.24822203814983368,0.0,0.0,-0.6779476965227783,-0.7054010746718878,0.2897797226905823,0.09907660633325577,0.0,0.0,0.0,0.0
11.394056797027588,-1.504969596862793,1.8901597261428833,0.0,0.0,-0.008089103735983372,-0.24822203814983368,0.0,0.0,-0.6779476965227783,-0.7054010746718878,0.2897797226905823,0.09907660633325577,0.0,0.0,0.0,0.0
11.395479917526245,-1.504969596862793,1.8901597261428833,0.0,0.0,-0.008089103735983372,-0.24822203814983368,0.0,0.0,-0.6779476965227783,-0.7054010746718878,0.2897797226905823,0.09907660633325577,0.0,0.0,0.0,0.0
11.39698338508606,-1.504969596862793,1.8901597261428833,0.0,0.0,-0.008089103735983372,-0.24822203814983368,0.0,0.0,-0.6779476965227783,-0.7054010746718878,0.2897797226905823,0.09907660633325577,0.0,0.0,0.0,0.0
11.399757862091064,-1.504969596862793,1.8901597261428833,0.0,0.0,-0.008089103735983372,-0.24822203814983368,0.0,0.0,-0.6779476965227783,-0.7054010746718878,0.2897797226905823,0.09907660633325577,0.0,0.0,0.0,0.0
11.401336669921875,-1.504969596862793,1.8901597261428833,0.0,0.0,-0.008089103735983372,-0.24822203814983368,0.0,0.0,-0.6779476965227783,-0.7054010746718878,0.2897797226905823,0.09907660633325577,0.0,0.0,0.0,0.0
11.402801752090454,-1.504969596862793,1.8901597261428833,0.0,0.0,-0.008089103735983372,-0.24822203814983368,0.0,0.0,-0.6779476965227783,-0.7054010746718878,0.2897797226905823,0.09907660633325577,0.0,0.0,0.0,0.0
11.404325723648071,-1.504969596862793,1.8901597261428833,0.0,0.0,-0.008089103735983372,-0.24822203814983368,0.0,0.0,-0.6779476965227783,-0.7054010746718878,0.2897797226905823,0.09907660633325577,0.0,0.0,0.0,0.0
11.405725955963135,-1.504969596862793,1.8901597261428833,0.0,0.0,-0.008089103735983372,-0.24822203814983368,0.0,0.0,-0.6779476965227783,-0.7054010746718878,0.2897797226905823,0.09907660633325577,0.0,0.0,0.0,0.0
11.407169580459595,-1.504969596862793,1.8901597261428833,0.0,0.0,-0.008089103735983372,-0.24822203814983368,0.0,0.0,-0.6779476965227783,-0.7054010746718878,0.2897797226905823,0.09907660633325577,0.0,0.0,0.0,0.0
11.408543109893799,-1.504969596862793,1.8901597261428833,0.0,0.0,-0.008089103735983372,-0.24822203814983368,0.0,0.0,-0.6779476965227783,-0.7054010746718878,0.2897797226905823,0.09907660633325577,0.0,0.0,0.0,0.0
11.40992546081543,-1.504969596862793,1.8901597261428833,0.0,0.0,-0.008089103735983372,-0.24822203814983368,0.0,0.0,-0.6779476965227783,-0.7054010746718878,0.2897797226905823,0.09907660633325577,0.0,0.0,0.0,0.0
11.411813974380493,-1.504969596862793,1.8901597261428833,0.0,0.0,-0.008089103735983372,-0.24822203814983368,0.0,0.0,-0.6779476965227783,-0.7054010746718878,0.2897797226905823,0.09907660633325577,0.0,0.0,0.0,0.0
11.413296699523926,-1.504969596862793,1.8901597261428833,0.0,0.0,-0.008089103735983372,-0.24822203814983368,0.0,0.0,-0.6779476965227783,-0.7054010746718878,0.2897797226905823,0.09907660633325577,0.0,0.0,0.0,0.0
11.414889574050903,-1.504969596862793,1.8901597261428833,0.0,0.0,-0.008089103735983372,-0.24822203814983368,0.0,0.0,-0.6779476965227783,-0.7054010746718878,0.2897797226905823,0.09907660633325577,0.0,0.0,0.0,0.0
11.416260480880737,-1.504969596862793,1.8901597261428833,0.0,0.0,-0.008089103735983372,-0.24822203814983368,0.0,0.0,-0.6779476965227783,-0.7054010746718878,0.2897797226905823,0.09907660633325577,0.0,0.0,0.0,0.0
11.417643785476685,-1.504969596862793,1.8901597261428833,0.0,0.0,-0.008089103735983372,-0.24822203814983368,0.0,0.0,-0.6779476965227783,-0.7054010746718878,0.2897797226905823,0.09907660633325577,0.0,0.0,0.0,0.0
11.419574499130249,-1.504969596862793,1.8901597261428833,0.0,0.0,-0.008089103735983372,-0.24822203814983368,0.0,0.0,-0.6779476965227783,-0.7054010746718878,0.2897797226905823,0.09907660633325577,0.0,0.0,0.0,0.0
11.421146631240845,-1.504969596862793,1.8901597261428833,0.0,0.0,-0.008089103735983372,-0.24822203814983368,0.0,0.0,-0.6779476965227783,-0.7054010746718878,0.2897797226905823,0.09907660633325577,0.0,0.0,0.0,0.0
11.422545671463013,-1.504969596862793,1.8901597261428833,0.0,0.0,-0.008089103735983372,-0.24822203814983368,0.0,0.0,-0.6779476965227783,-0.7054010746718878,0.2897797226905823,0.09907660633325577,0.0,0.0,0.0,0.0
11.423938989639282,-1.504969596862793,1.8901597261428833,0.0,0.0,-0.008089103735983372,-0.24822203814983368,0.0,0.0,-0.6779476965227783,-0.7054010746718878,0.2897797226905823,0.09907660633325577,0.0,0.0,0.0,0.0
11.425357580184937,-1.504969596862793,1.8901597261428833,0.0,0.0,-0.008089103735983372,-0.24822203814983368,0.0,0.0,-0.6779476965227783,-0.7054010746718878,0.2897797226905823,0.09907660633325577,0.0,0.0,0.0,0.0
11.426759004592896,-1.504969596862793,1.8901597261428833,0.0,0.0,-0.008089103735983372,-0.24822203814983368,0.0,0.0,-0.6779476965227783,-0.7054010746718878,0.2897797226905823,0.09907660633325577,0.0,0.0,0.0,0.0
11.428178787231445,-1.504969596862793,1.8901597261428833,0.0,0.0,-0.008089103735983372,-0.24822203814983368,0.0,0.0,-0.6779476965227783,-0.7054010746718878,0.2897797226905823,0.09907660633325577,0.0,0.0,0.0,0.0
11.429587602615356,-1.504969596862793,1.8901597261428833,0.0,0.0,-0.008089103735983372,-0.24822203814983368,0.0,0.0,-0.6779476965227783,-0.7054010746718878,0.2897797226905823,0.09907660633325577,0.0,0.0,0.0,0.0
11.431014060974121,-1.504969596862793,1.8901597261428833,0.0,0.0,-0.008089103735983372,-0.24822203814983368,0.0,0.0,-0.6779476965227783,-0.7054010746718878,0.2897797226905823,0.09907660633325577,0.0,0.0,0.0,0.0
11.432807445526123,-1.504969596862793,1.8901597261428833,0.0,0.0,-0.008089103735983372,-0.24822203814983368,0.0,0.0,-0.6779476965227783,-0.7054010746718878,0.2897797226905823,0.09907660633325577,0.0,0.0,0.0,0.0
11.4342520236969,-1.504969596862793,1.8901597261428833,0.0,0.0,-0.008089103735983372,-0.24822203814983368,0.0,0.0,-0.6779476965227783,-0.7054010746718878,0.2897797226905823,0.09907660633325577,0.0,0.0,0.0,0.0
11.435710430145264,-1.504969596862793,1.8901597261428833,0.0,0.0,-0.008089103735983372,-0.24822203814983368,0.0,0.0,-0.6779476965227783,-0.7054010746718878,0.2897797226905823,0.09907660633325577,0.0,0.0,0.0,0.0
11.437150239944458,-1.504969596862793,1.8901597261428833,0.0,0.0,-0.008089103735983372,-0.24822203814983368,0.0,0.0,-0.6779476965227783,-0.7054010746718878,0.2897797226905823,0.09907660633325577,0.0,0.0,0.0,0.0
11.4385826587677,-1.504969596862793,1.8901597261428833,0.0,0.0,-0.008089103735983372,-0.24822203814983368,0.0,0.0,-0.6779476965227783,-0.7054010746718878,0.2897797226905823,0.09907660633325577,0.0,0.0,0.0,0.0
11.440566539764404,-1.504969596862793,1.8901597261428833,0.0,0.0,-0.008089103735983372,-0.24822203814983368,0.0,0.0,-0.6779476965227783,-0.7054010746718878,0.2897797226905823,0.09907660633325577,0.0,0.0,0.0,0.0
11.442122459411621,-1.504969596862793,1.8901597261428833,0.0,0.0,-0.008089103735983372,-0.24822203814983368,0.0,0.0,-0.6779476965227783,-0.7054010746718878,0.2897797226905823,0.09907660633325577,0.0,0.0,0.0,0.0
11.443539381027222,-1.504969596862793,1.8901597261428833,0.0,0.0,-0.008089103735983372,-0.24822203814983368,0.0,0.0,-0.6779476965227783,-0.7054010746718878,0.2897797226905823,0.09907660633325577,0.0,0.0,0.0,0.0
11.44496202468872,-1.504969596862793,1.8901597261428833,0.0,0.0,-0.008089103735983372,-0.24822203814983368,0.0,0.0,-0.6779476965227783,-0.7054010746718878,0.2897797226905823,0.09907660633325577,0.0,0.0,0.0,0.0
11.446395874023438,-1.504969596862793,1.8901597261428833,0.0,0.0,-0.008089103735983372,-0.24822203814983368,0.0,0.0,-0.6779476965227783,-0.7054010746718878,0.2897797226905823,0.09907660633325577,0.0,0.0,0.0,0.0
11.448203086853027,-1.504969596862793,1.8901597261428833,0.0,0.0,-0.008089103735983372,-0.24822203814983368,0.0,0.0,-0.6779476965227783,-0.7054010746718878,0.2897797226905823,0.09907660633325577,0.0,0.0,0.0,0.0
11.450199127197266,-1.504969596862793,1.8901597261428833,0.0,0.0,-0.008089103735983372,-0.24822203814983368,0.0,0.0,-0.6779476965227783,-0.7054010746718878,0.2897797226905823,0.09907660633325577,0.0,0.0,0.0,0.0
11.452034950256348,-1.504969596862793,1.8901597261428833,0.0,0.0,-0.008089103735983372,-0.24822203814983368,0.0,0.0,-0.6779476965227783,-0.7054010746718878,0.2897797226905823,0.09907660633325577,0.0,0.0,0.0,0.0
11.454412460327148,-1.504969596862793,1.8901597261428833,0.0,0.0,-0.008089103735983372,-0.24822203814983368,0.0,0.0,-0.6779476965227783,-0.7054010746718878,0.2897797226905823,0.09907660633325577,0.0,0.0,0.0,0.0
11.456622838973999,-1.504969596862793,1.8901597261428833,0.0,0.0,-0.008089103735983372,-0.24822203814983368,0.0,0.0,-0.6779476965227783,-0.7054010746718878,0.2897797226905823,0.09907660633325577,0.0,0.0,0.0,0.0
11.458310604095459,-1.504969596862793,1.8901597261428833,0.0,0.0,-0.008089103735983372,-0.24822203814983368,0.0,0.0,-0.6779476965227783,-0.7054010746718878,0.2897797226905823,0.09907660633325577,0.0,0.0,0.0,0.0
11.460068464279175,-1.504969596862793,1.8901597261428833,0.0,0.0,-0.008089103735983372,-0.24822203814983368,0.0,0.0,-0.6779476965227783,-0.7054010746718878,0.2897797226905823,0.09907660633325577,0.0,0.0,0.0,0.0
11.462147235870361,-1.504969596862793,1.8901597261428833,0.0,0.0,-0.008089103735983372,-0.24822203814983368,0.0,0.0,-0.6779476965227783,-0.7054010746718878,0.2897797226905823,0.09907660633325577,0.0,0.0,0.0,0.0
11.46386456489563,-1.504969596862793,1.8901597261428833,0.0,0.0,-0.008089103735983372,-0.24822203814983368,0.0,0.0,-0.6779476965227783,-0.7054010746718878,0.2897797226905823,0.09907660633325577,0.0,0.0,0.0,0.0
11.465381622314453,-1.504969596862793,1.8901597261428833,0.0,0.0,-0.008089103735983372,-0.24822203814983368,0.0,0.0,-0.6779476965227783,-0.7054010746718878,0.2897797226905823,0.09907660633325577,0.0,0.0,0.0,0.0
11.466787576675415,-1.504969596862793,1.8901597261428833,0.0,0.0,-0.008089103735983372,-0.24822203814983368,0.0,0.0,-0.6779476965227783,-0.7054010746718878,0.2897797226905823,0.09907660633325577,0.0,0.0,0.0,0.0
11.468214750289917,-1.504969596862793,1.8901597261428833,0.0,0.0,-0.008089103735983372,-0.24822203814983368,0.0,0.0,-0.6779476965227783,-0.7054010746718878,0.2897797226905823,0.09907660633325577,0.0,0.0,0.0,0.0
11.469604969024658,-1.504969596862793,1.8901597261428833,0.0,0.0,-0.008089103735983372,-0.24822203814983368,0.0,0.0,-0.6779476965227783,-0.7054010746718878,0.2897797226905823,0.09907660633325577,0.0,0.0,0.0,0.0
11.470992088317871,-1.504969596862793,1.8901597261428833,0.0,0.0,-0.008089103735983372,-0.24822203814983368,0.0,0.0,-0.6779476965227783,-0.7054010746718878,0.2897797226905823,0.09907660633325577,0.0,0.0,0.0,0.0
11.472357273101807,-1.504969596862793,1.8901597261428833,0.0,0.0,-0.008089103735983372,-0.24822203814983368,0.0,0.0,-0.6779476965227783,-0.7054010746718878,0.2897797226905823,0.09907660633325577,0.0,0.0,0.0,0.0
11.47381591796875,-1.504969596862793,1.8901597261428833,0.0,0.0,-0.008089103735983372,-0.24822203814983368,0.0,0.0,-0.6779476965227783,-0.7054010746718878,0.2897797226905823,0.09907660633325577,0.0,0.0,0.0,0.0
11.475561380386353,-1.504969596862793,1.8901597261428833,0.0,0.0,-0.008089103735983372,-0.24822203814983368,0.0,0.0,-0.6779476965227783,-0.7054010746718878,0.2897797226905823,0.09907660633325577,0.0,0.0,0.0,0.0
11.477447032928467,-1.504969596862793,1.8901597261428833,0.0,0.0,-0.008089103735983372,-0.24822203814983368,0.0,0.0,-0.6779476965227783,-0.7054010746718878,0.2897797226905823,0.09907660633325577,0.0,0.0,0.0,0.0
11.479960918426514,-1.504969596862793,1.8901597261428833,0.0,0.0,-0.008089103735983372,-0.24822203814983368,0.0,0.0,-0.6779476965227783,-0.7054010746718878,0.2897797226905823,0.09907660633325577,0.0,0.0,0.0,0.0
11.481473922729492,-1.504969596862793,1.8901597261428833,0.0,0.0,-0.008089103735983372,-0.24822203814983368,0.0,0.0,-0.6779476965227783,-0.7054010746718878,0.2897797226905823,0.09907660633325577,0.0,0.0,0.0,0.0
11.482907772064209,-1.504969596862793,1.8901597261428833,0.0,0.0,-0.008089103735983372,-0.24822203814983368,0.0,0.0,-0.6779476965227783,-0.7054010746718878,0.2897797226905823,0.09907660633325577,0.0,0.0,0.0,0.0
11.484325170516968,-1.504969596862793,1.8901597261428833,0.0,0.0,-0.008089103735983372,-0.24822203814983368,0.0,0.0,-0.6779476965227783,-0.7054010746718878,0.2897797226905823,0.09907660633325577,0.0,0.0,0.0,0.0
11.485766172409058,-1.504969596862793,1.8901597261428833,0.0,0.0,-0.008089103735983372,-0.24822203814983368,0.0,0.0,-0.6779476965227783,-0.7054010746718878,0.2897797226905823,0.09907660633325577,0.0,0.0,0.0,0.0
11.48816990852356,-1.504969596862793,1.8901597261428833,0.0,0.0,-0.008089103735983372,-0.24822203814983368,0.0,0.0,-0.6779476965227783,-0.7054010746718878,0.2897797226905823,0.09907660633325577,0.0,0.0,0.0,0.0
11.490407466888428,-1.504969596862793,1.8901597261428833,0.0,0.0,-0.008089103735983372,-0.24822203814983368,0.0,0.0,-0.6779476965227783,-0.7054010746718878,0.2897797226905823,0.09907660633325577,0.0,0.0,0.0,0.0
11.49242877960205,-1.504969596862793,1.8901597261428833,0.0,0.0,-0.008089103735983372,-0.24822203814983368,0.0,0.0,-0.6779476965227783,-0.7054010746718878,0.2897797226905823,0.09907660633325577,0.0,0.0,0.0,0.0
11.49479866027832,-1.504969596862793,1.8901597261428833,0.0,0.0,-0.008089103735983372,-0.24822203814983368,0.0,0.0,-0.6779476965227783,-0.7054010746718878,0.2897797226905823,0.09907660633325577,0.0,0.0,0.0,0.0
11.496711254119873,-1.504969596862793,1.8901597261428833,0.0,0.0,-0.008089103735983372,-0.24822203814983368,0.0,0.0,-0.6779476965227783,-0.7054010746718878,0.2897797226905823,0.09907660633325577,0.0,0.0,0.0,0.0
11.498575925827026,-1.504969596862793,1.8901597261428833,0.0,0.0,-0.008089103735983372,-0.24822203814983368,0.0,0.0,-0.6779476965227783,-0.7054010746718878,0.2897797226905823,0.09907660633325577,0.0,0.0,0.0,0.0
11.500537633895874,-1.504969596862793,1.8901597261428833,0.0,0.0,-0.008089103735983372,-0.24822203814983368,0.0,0.0,-0.6779476965227783,-0.7054010746718878,0.2897797226905823,0.09907660633325577,0.0,0.0,0.0,0.0
11.50285291671753,-1.504969596862793,1.8901597261428833,0.0,0.0,-0.008089103735983372,-0.24822203814983368,0.0,0.0,-0.6779476965227783,-0.7054010746718878,0.2897797226905823,0.09907660633325577,0.0,0.0,0.0,0.0
11.505258560180664,-1.504969596862793,1.8901597261428833,0.0,0.0,-0.008089103735983372,-0.24822203814983368,0.0,0.0,-0.6779476965227783,-0.7054010746718878,0.2897797226905823,0.09907660633325577,0.0,0.0,0.0,0.0
11.506990194320679,-1.504969596862793,1.8901597261428833,0.0,0.0,-0.008089103735983372,-0.24822203814983368,0.0,0.0,-0.6779476965227783,-0.7054010746718878,0.2897797226905823,0.09907660633325577,0.0,0.0,0.0,0.0
11.508548736572266,-1.504969596862793,1.8901597261428833,0.0,0.0,-0.008089103735983372,-0.24822203814983368,0.0,0.0,-0.6779476965227783,-0.7054010746718878,0.2897797226905823,0.09907660633325577,0.0,0.0,0.0,0.0
11.510411977767944,-1.504969596862793,1.8901597261428833,0.0,0.0,-0.008089103735983372,-0.24822203814983368,0.0,0.0,-0.6779476965227783,-0.7054010746718878,0.2897797226905823,0.09907660633325577,0.0,0.0,0.0,0.0
11.5120689868927,-1.504969596862793,1.8901597261428833,0.0,0.0,-0.008089103735983372,-0.24822203814983368,0.0,0.0,-0.6779476965227783,-0.7054010746718878,0.2897797226905823,0.09907660633325577,0.0,0.0,0.0,0.0
11.51363468170166,-1.504969596862793,1.8901597261428833,0.0,0.0,-0.008089103735983372,-0.24822203814983368,0.0,0.0,-0.6779476965227783,-0.7054010746718878,0.2897797226905823,0.09907660633325577,0.0,0.0,0.0,0.0
11.515695095062256,-1.504969596862793,1.8901597261428833,0.0,0.0,-0.008089103735983372,-0.24822203814983368,0.0,0.0,-0.6779476965227783,-0.7054010746718878,0.2897797226905823,0.09907660633325577,0.0,0.0,0.0,0.0
11.517223596572876,-1.504969596862793,1.8901597261428833,0.0,0.0,-0.008089103735983372,-0.24822203814983368,0.0,0.0,-0.6779476965227783,-0.7054010746718878,0.2897797226905823,0.09907660633325577,0.0,0.0,0.0,0.0
11.518794536590576,-1.504969596862793,1.8901597261428833,0.0,0.0,-0.008089103735983372,-0.24822203814983368,0.0,0.0,-0.6779476965227783,-0.7054010746718878,0.2897797226905823,0.09907660633325577,0.0,0.0,0.0,0.0
11.520407915115356,-1.504969596862793,1.8901597261428833,0.0,0.0,-0.008089103735983372,-0.24822203814983368,0.0,0.0,-0.6779476965227783,-0.7054010746718878,0.2897797226905823,0.09907660633325577,0.0,0.0,0.0,0.0
11.52257227897644,-1.504969596862793,1.8901597261428833,0.0,0.0,-0.008089103735983372,-0.24822203814983368,0.0,0.0,-0.6779476965227783,-0.7054010746718878,0.2897797226905823,0.09907660633325577,0.0,0.0,0.0,0.0
11.524055004119873,-1.504969596862793,1.8901597261428833,0.0,0.0,-0.008089103735983372,-0.24822203814983368,0.0,0.0,-0.6779476965227783,-0.7054010746718878,0.2897797226905823,0.09907660633325577,0.0,0.0,0.0,0.0
11.525935649871826,-1.504969596862793,1.8901597261428833,0.0,0.0,-0.008089103735983372,-0.24822203814983368,0.0,0.0,-0.6779476965227783,-0.7054010746718878,0.2897797226905823,0.09907660633325577,0.0,0.0,0.0,0.0
11.527444839477539,-1.504969596862793,1.8901597261428833,0.0,0.0,-0.008089103735983372,-0.24822203814983368,0.0,0.0,-0.6779476965227783,-0.7054010746718878,0.2897797226905823,0.09907660633325577,0.0,0.0,0.0,0.0
11.528985261917114,-1.504969596862793,1.8901597261428833,0.0,0.0,-0.008089103735983372,-0.24822203814983368,0.0,0.0,-0.6779476965227783,-0.7054010746718878,0.2897797226905823,0.09907660633325577,0.0,0.0,0.0,0.0
11.530457735061646,-1.504969596862793,1.8901597261428833,0.0,0.0,-0.008089103735983372,-0.24822203814983368,0.0,0.0,-0.6779476965227783,-0.7054010746718878,0.2897797226905823,0.09907660633325577,0.0,0.0,0.0,0.0
11.531912565231323,-1.504969596862793,1.8901597261428833,0.0,0.0,-0.008089103735983372,-0.24822203814983368,0.0,0.0,-0.6779476965227783,-0.7054010746718878,0.2897797226905823,0.09907660633325577,0.0,0.0,0.0,0.0
11.533624649047852,-1.504969596862793,1.8901597261428833,0.0,0.0,-0.008089103735983372,-0.24822203814983368,0.0,0.0,-0.6779476965227783,-0.7054010746718878,0.2897797226905823,0.09907660633325577,0.0,0.0,0.0,0.0
11.535242319107056,-1.504969596862793,1.8901597261428833,0.0,0.0,-0.008089103735983372,-0.24822203814983368,0.0,0.0,-0.6779476965227783,-0.7054010746718878,0.2897797226905823,0.09907660633325577,0.0,0.0,0.0,0.0
11.536720514297485,-1.504969596862793,1.8901597261428833,0.0,0.0,-0.008089103735983372,-0.24822203814983368,0.0,0.0,-0.6779476965227783,-0.7054010746718878,0.2897797226905823,0.09907660633325577,0.0,0.0,0.0,0.0
11.538182020187378,-1.504969596862793,1.8901597261428833,0.0,0.0,-0.008089103735983372,-0.24822203814983368,0.0,0.0,-0.6779476965227783,-0.7054010746718878,0.2897797226905823,0.09907660633325577,0.0,0.0,0.0,0.0
11.540660619735718,-1.504969596862793,1.8901597261428833,0.0,0.0,-0.008089103735983372,-0.24822203814983368,0.0,0.0,-0.6779476965227783,-0.7054010746718878,0.2897797226905823,0.09907660633325577,0.0,0.0,0.0,0.0
11.542199611663818,-1.504969596862793,1.8901597261428833,0.0,0.0,-0.008089103735983372,-0.24822203814983368,0.0,0.0,-0.6779476965227783,-0.7054010746718878,0.2897797226905823,0.09907660633325577,0.0,0.0,0.0,0.0
11.544209241867065,-1.504969596862793,1.8901597261428833,0.0,0.0,-0.008089103735983372,-0.24822203814983368,0.0,0.0,-0.6779476965227783,-0.7054010746718878,0.2897797226905823,0.09907660633325577,0.0,0.0,0.0,0.0
11.545711278915405,-1.504969596862793,1.8901597261428833,0.0,0.0,-0.008089103735983372,-0.24822203814983368,0.0,0.0,-0.6779476965227783,-0.7054010746718878,0.2897797226905823,0.09907660633325577,0.0,0.0,0.0,0.0
11.547244548797607,-1.504969596862793,1.8901597261428833,0.0,0.0,-0.008089103735983372,-0.24822203814983368,0.0,0.0,-0.6779476965227783,-0.7054010746718878,0.2897797226905823,0.09907660633325577,0.0,0.0,0.0,0.0
11.54880404472351,-1.504969596862793,1.8901597261428833,0.0,0.0,-0.008089103735983372,-0.24822203814983368,0.0,0.0,-0.6779476965227783,-0.7054010746718878,0.2897797226905823,0.09907660633325577,0.0,0.0,0.0,0.0
11.551262617111206,-1.504969596862793,1.8901597261428833,0.0,0.0,-0.008089103735983372,-0.24822203814983368,0.0,0.0,-0.6779476965227783,-0.7054010746718878,0.2897797226905823,0.09907660633325577,0.0,0.0,0.0,0.0
11.553343534469604,-1.504969596862793,1.8901597261428833,0.0,0.0,-0.008089103735983372,-0.24822203814983368,0.0,0.0,-0.6779476965227783,-0.7054010746718878,0.2897797226905823,0.09907660633325577,0.0,0.0,0.0,0.0
11.554876804351807,-1.504969596862793,1.8901597261428833,0.0,0.0,-0.008089103735983372,-0.24822203814983368,0.0,0.0,-0.6779476965227783,-0.7054010746718878,0.2897797226905823,0.09907660633325577,0.0,0.0,0.0,0.0
11.556572675704956,-1.504969596862793,1.8901597261428833,0.0,0.0,-0.008089103735983372,-0.24822203814983368,0.0,0.0,-0.6779476965227783,-0.7054010746718878,0.2897797226905823,0.09907660633325577,0.0,0.0,0.0,0.0
11.558084726333618,-1.504969596862793,1.8901597261428833,0.0,0.0,-0.008089103735983372,-0.24822203814983368,0.0,0.0,-0.6779476965227783,-0.7054010746718878,0.2897797226905823,0.09907660633325577,0.0,0.0,0.0,0.0
11.559907674789429,-1.504969596862793,1.8901597261428833,0.0,0.0,-0.008089103735983372,-0.24822203814983368,0.0,0.0,-0.6779476965227783,-0.7054010746718878,0.2897797226905823,0.09907660633325577,0.0,0.0,0.0,0.0
11.561387538909912,-1.504969596862793,1.8901597261428833,0.0,0.0,-0.008089103735983372,-0.24822203814983368,0.0,0.0,-0.6779476965227783,-0.7054010746718878,0.2897797226905823,0.09907660633325577,0.0,0.0,0.0,0.0
11.563732147216797,-1.504969596862793,1.8901597261428833,0.0,0.0,-0.008089103735983372,-0.24822203814983368,0.0,0.0,-0.6779476965227783,-0.7054010746718878,0.2897797226905823,0.09907660633325577,0.0,0.0,0.0,0.0
11.565359354019165,-1.504969596862793,1.8901597261428833,0.0,0.0,-0.008089103735983372,-0.24822203814983368,0.0,0.0,-0.6779476965227783,-0.7054010746718878,0.2897797226905823,0.09907660633325577,0.0,0.0,0.0,0.0
11.566916704177856,-1.504969596862793,1.8901597261428833,0.0,0.0,-0.008089103735983372,-0.24822203814983368,0.0,0.0,-0.6779476965227783,-0.7054010746718878,0.2897797226905823,0.09907660633325577,0.0,0.0,0.0,0.0
11.568833112716675,-1.504969596862793,1.8901597261428833,0.0,0.0,-0.008089103735983372,-0.24822203814983368,0.0,0.0,-0.6779476965227783,-0.7054010746718878,0.2897797226905823,0.09907660633325577,0.0,0.0,0.0,0.0
11.570475339889526,-1.504969596862793,1.8901597261428833,0.0,0.0,-0.008089103735983372,-0.24822203814983368,0.0,0.0,-0.6779476965227783,-0.7054010746718878,0.2897797226905823,0.09907660633325577,0.0,0.0,0.0,0.0
11.572059154510498,-1.504969596862793,1.8901597261428833,0.0,0.0,-0.008089103735983372,-0.24822203814983368,0.0,0.0,-0.6779476965227783,-0.7054010746718878,0.2897797226905823,0.09907660633325577,0.0,0.0,0.0,0.0
11.574071407318115,-1.504969596862793,1.8901597261428833,0.0,0.0,-0.008089103735983372,-0.24822203814983368,0.0,0.0,-0.6779476965227783,-0.7054010746718878,0.2897797226905823,0.09907660633325577,0.0,0.0,0.0,0.0
11.575525999069214,-1.504969596862793,1.8901597261428833,0.0,0.0,-0.008089103735983372,-0.24822203814983368,0.0,0.0,-0.6779476965227783,-0.7054010746718878,0.2897797226905823,0.09907660633325577,0.0,0.0,0.0,0.0
11.577036619186401,-1.504969596862793,1.8901597261428833,0.0,0.0,-0.008089103735983372,-0.24822203814983368,0.0,0.0,-0.6779476965227783,-0.7054010746718878,0.2897797226905823,0.09907660633325577,0.0,0.0,0.0,0.0
11.578824758529663,-1.504969596862793,1.8901597261428833,0.0,0.0,-0.008089103735983372,-0.24822203814983368,0.0,0.0,-0.6779476965227783,-0.7054010746718878,0.2897797226905823,0.09907660633325577,0.0,0.0,0.0,0.0
11.580358505249023,-1.504969596862793,1.8901597261428833,0.0,0.0,-0.008089103735983372,-0.24822203814983368,0.0,0.0,-0.6779476965227783,-0.7054010746718878,0.2897797226905823,0.09907660633325577,0.0,0.0,0.0,0.0
11.582336664199829,-1.504969596862793,1.8901597261428833,0.0,0.0,-0.008089103735983372,-0.24822203814983368,0.0,0.0,-0.6779476965227783,-0.7054010746718878,0.2897797226905823,0.09907660633325577,0.0,0.0,0.0,0.0
11.583869457244873,-1.504969596862793,1.8901597261428833,0.0,0.0,-0.008089103735983372,-0.24822203814983368,0.0,0.0,-0.6779476965227783,-0.7054010746718878,0.2897797226905823,0.09907660633325577,0.0,0.0,0.0,0.0
11.585418224334717,-1.504969596862793,1.8901597261428833,0.0,0.0,-0.008089103735983372,-0.24822203814983368,0.0,0.0,-0.6779476965227783,-0.7054010746718878,0.2897797226905823,0.09907660633325577,0.0,0.0,0.0,0.0
11.587520122528076,-1.504969596862793,1.8901597261428833,0.0,0.0,-0.008089103735983372,-0.24822203814983368,0.0,0.0,-0.6779476965227783,-0.7054010746718878,0.2897797226905823,0.09907660633325577,0.0,0.0,0.0,0.0
11.58944296836853,-1.504969596862793,1.8901597261428833,0.0,0.0,-0.008089103735983372,-0.24822203814983368,0.0,0.0,-0.6779476965227783,-0.7054010746718878,0.2897797226905823,0.09907660633325577,0.0,0.0,0.0,0.0
11.591628074645996,-1.504969596862793,1.8901597261428833,0.0,0.0,-0.008089103735983372,-0.24822203814983368,0.0,0.0,-0.6779476965227783,-0.7054010746718878,0.2897797226905823,0.09907660633325577,0.0,0.0,0.0,0.0
11.593751430511475,-1.504969596862793,1.8901597261428833,0.0,0.0,-0.008089103735983372,-0.24822203814983368,0.0,0.0,-0.6779476965227783,-0.7054010746718878,0.2897797226905823,0.09907660633325577,0.0,0.0,0.0,0.0
11.595370531082153,-1.504969596862793,1.8901597261428833,0.0,0.0,-0.008089103735983372,-0.24822203814983368,0.0,0.0,-0.6779476965227783,-0.7054010746718878,0.2897797226905823,0.09907660633325577,0.0,0.0,0.0,0.0
11.597583770751953,-1.504969596862793,1.8901597261428833,0.0,0.0,-0.008089103735983372,-0.24822203814983368,0.0,0.0,-0.6779476965227783,-0.7054010746718878,0.2897797226905823,0.09907660633325577,0.0,0.0,0.0,0.0
11.600257635116577,-1.504969596862793,1.8901597261428833,0.0,0.0,-0.008089103735983372,-0.24822203814983368,0.0,0.0,-0.6779476965227783,-0.7054010746718878,0.2897797226905823,0.09907660633325577,0.0,0.0,0.0,0.0
11.601840496063232,-1.504969596862793,1.8901597261428833,0.0,0.0,-0.008089103735983372,-0.24822203814983368,0.0,0.0,-0.6779476965227783,-0.7054010746718878,0.2897797226905823,0.09907660633325577,0.0,0.0,0.0,0.0
11.603358030319214,-1.504969596862793,1.8901597261428833,0.0,0.0,-0.008089103735983372,-0.24822203814983368,0.0,0.0,-0.6779476965227783,-0.7054010746718878,0.2897797226905823,0.09907660633325577,0.0,0.0,0.0,0.0
11.605796098709106,-1.504969596862793,1.8901597261428833,0.0,0.0,-0.008089103735983372,-0.24822203814983368,0.0,0.0,-0.6779476965227783,-0.7054010746718878,0.2897797226905823,0.09907660633325577,0.0,0.0,0.0,0.0
11.607437133789062,-1.504969596862793,1.8901597261428833,0.0,0.0,-0.008089103735983372,-0.24822203814983368,0.0,0.0,-0.6779476965227783,-0.7054010746718878,0.2897797226905823,0.09907660633325577,0.0,0.0,0.0,0.0
11.608904600143433,-1.504969596862793,1.8901597261428833,0.0,0.0,-0.008089103735983372,-0.24822203814983368,0.0,0.0,-0.6779476965227783,-0.7054010746718878,0.2897797226905823,0.09907660633325577,0.0,0.0,0.0,0.0
11.61092233657837,-1.504969596862793,1.8901597261428833,0.0,0.0,-0.008089103735983372,-0.24822203814983368,0.0,0.0,-0.6779476965227783,-0.7054010746718878,0.2897797226905823,0.09907660633325577,0.0,0.0,0.0,0.0
11.612799406051636,-1.504969596862793,1.8901597261428833,0.0,0.0,-0.008089103735983372,-0.24822203814983368,0.0,0.0,-0.6779476965227783,-0.7054010746718878,0.2897797226905823,0.09907660633325577,0.0,0.0,0.0,0.0
11.614901065826416,-1.504969596862793,1.8901597261428833,0.0,0.0,-0.008089103735983372,-0.24822203814983368,0.0,0.0,-0.6779476965227783,-0.7054010746718878,0.2897797226905823,0.09907660633325577,0.0,0.0,0.0,0.0
11.616339206695557,-1.504969596862793,1.8901597261428833,0.0,0.0,-0.008089103735983372,-0.24822203814983368,0.0,0.0,-0.6779476965227783,-0.7054010746718878,0.2897797226905823,0.09907660633325577,0.0,0.0,0.0,0.0
11.618032455444336,-1.504969596862793,1.8901597261428833,0.0,0.0,-0.008089103735983372,-0.24822203814983368,0.0,0.0,-0.6779476965227783,-0.7054010746718878,0.2897797226905823,0.09907660633325577,0.0,0.0,0.0,0.0
11.620195627212524,-1.504969596862793,1.8901597261428833,0.0,0.0,-0.008089103735983372,-0.24822203814983368,0.0,0.0,-0.6779476965227783,-0.7054010746718878,0.2897797226905823,0.09907660633325577,0.0,0.0,0.0,0.0
11.62175965309143,-1.504969596862793,1.8901597261428833,0.0,0.0,-0.008089103735983372,-0.24822203814983368,0.0,0.0,-0.6779476965227783,-0.7054010746718878,0.2897797226905823,0.09907660633325577,0.0,0.0,0.0,0.0
11.6236891746521,-1.504969596862793,1.8901597261428833,0.0,0.0,-0.008089103735983372,-0.24822203814983368,0.0,0.0,-0.6779476965227783,-0.7054010746718878,0.2897797226905823,0.09907660633325577,0.0,0.0,0.0,0.0
11.625632286071777,-1.504969596862793,1.8901597261428833,0.0,0.0,-0.008089103735983372,-0.24822203814983368,0.0,0.0,-0.6779476965227783,-0.7054010746718878,0.2897797226905823,0.09907660633325577,0.0,0.0,0.0,0.0
11.627290964126587,-1.504969596862793,1.8901597261428833,0.0,0.0,-0.008089103735983372,-0.24822203814983368,0.0,0.0,-0.6779476965227783,-0.7054010746718878,0.2897797226905823,0.09907660633325577,0.0,0.0,0.0,0.0
11.630257844924927,-1.504969596862793,1.8901597261428833,0.0,0.0,-0.008089103735983372,-0.24822203814983368,0.0,0.0,-0.6779476965227783,-0.7054010746718878,0.2897797226905823,0.09907660633325577,0.0,0.0,0.0,0.0
11.631762981414795,-1.504969596862793,1.8901597261428833,0.0,0.0,-0.008089103735983372,-0.24822203814983368,0.0,0.0,-0.6779476965227783,-0.7054010746718878,0.2897797226905823,0.09907660633325577,0.0,0.0,0.0,0.0
11.633095979690552,-1.504969596862793,1.8901597261428833,0.0,0.0,-0.008089103735983372,-0.24822203814983368,0.0,0.0,-0.6779476965227783,-0.7054010746718878,0.2897797226905823,0.09907660633325577,0.0,0.0,0.0,0.0
11.634400367736816,-1.504969596862793,1.8901597261428833,0.0,0.0,-0.008089103735983372,-0.24822203814983368,0.0,0.0,-0.6779476965227783,-0.7054010746718878,0.2897797226905823,0.09907660633325577,0.0,0.0,0.0,0.0
11.635733842849731,-1.504969596862793,1.8901597261428833,0.0,0.0,-0.008089103735983372,-0.24822203814983368,0.0,0.0,-0.6779476965227783,-0.7054010746718878,0.2897797226905823,0.09907660633325577,0.0,0.0,0.0,0.0
11.637068748474121,-1.504969596862793,1.8901597261428833,0.0,0.0,-0.008089103735983372,-0.24822203814983368,0.0,0.0,-0.6779476965227783,-0.7054010746718878,0.2897797226905823,0.09907660633325577,0.0,0.0,0.0,0.0
11.639989376068115,-1.504969596862793,1.8901597261428833,0.0,0.0,-0.008089103735983372,-0.24822203814983368,0.0,0.0,-0.6779476965227783,-0.7054010746718878,0.2897797226905823,0.09907660633325577,0.0,0.0,0.0,0.0
11.642142534255981,-1.504969596862793,1.8901597261428833,0.0,0.0,-0.008089103735983372,-0.24822203814983368,0.0,0.0,-0.6779476965227783,-0.7054010746718878,0.2897797226905823,0.09907660633325577,0.0,0.0,0.0,0.0
11.64349889755249,-1.504969596862793,1.8901597261428833,0.0,0.0,-0.008089103735983372,-0.24822203814983368,0.0,0.0,-0.6779476965227783,-0.7054010746718878,0.2897797226905823,0.09907660633325577,0.0,0.0,0.0,0.0
11.644986629486084,-1.504969596862793,1.8901597261428833,0.0,0.0,-0.008089103735983372,-0.24822203814983368,0.0,0.0,-0.6779476965227783,-0.7054010746718878,0.2897797226905823,0.09907660633325577,0.0,0.0,0.0,0.0
11.646445274353027,-1.504969596862793,1.8901597261428833,0.0,0.0,-0.008089103735983372,-0.24822203814983368,0.0,0.0,-0.6779476965227783,-0.7054010746718878,0.2897797226905823,0.09907660633325577,0.0,0.0,0.0,0.0
11.648072004318237,-1.504969596862793,1.8901597261428833,0.0,0.0,-0.008089103735983372,-0.24822203814983368,0.0,0.0,-0.6779476965227783,-0.7054010746718878,0.2897797226905823,0.09907660633325577,0.0,0.0,0.0,0.0
11.649807214736938,-1.504969596862793,1.8901597261428833,0.0,0.0,-0.008089103735983372,-0.24822203814983368,0.0,0.0,-0.6779476965227783,-0.7054010746718878,0.2897797226905823,0.09907660633325577,0.0,0.0,0.0,0.0
11.651924848556519,-1.504969596862793,1.8901597261428833,0.0,0.0,-0.008089103735983372,-0.24822203814983368,0.0,0.0,-0.6779476965227783,-0.7054010746718878,0.2897797226905823,0.09907660633325577,0.0,0.0,0.0,0.0
11.653395414352417,-1.504969596862793,1.8901597261428833,0.0,0.0,-0.008089103735983372,-0.24822203814983368,0.0,0.0,-0.6779476965227783,-0.7054010746718878,0.2897797226905823,0.09907660633325577,0.0,0.0,0.0,0.0
11.65543532371521,-1.504969596862793,1.8901597261428833,0.0,0.0,-0.008089103735983372,-0.24822203814983368,0.0,0.0,-0.6779476965227783,-0.7054010746718878,0.2897797226905823,0.09907660633325577,0.0,0.0,0.0,0.0
11.65691614151001,-1.504969596862793,1.8901597261428833,0.0,0.0,-0.008089103735983372,-0.24822203814983368,0.0,0.0,-0.6779476965227783,-0.7054010746718878,0.2897797226905823,0.09907660633325577,0.0,0.0,0.0,0.0
11.658839702606201,-1.504969596862793,1.8901597261428833,0.0,0.0,-0.008089103735983372,-0.24822203814983368,0.0,0.0,-0.6779476965227783,-0.7054010746718878,0.2897797226905823,0.09907660633325577,0.0,0.0,0.0,0.0
11.660430192947388,-1.504969596862793,1.8901597261428833,0.0,0.0,-0.008089103735983372,-0.24822203814983368,0.0,0.0,-0.6779476965227783,-0.7054010746718878,0.2897797226905823,0.09907660633325577,0.0,0.0,0.0,0.0
11.661984205245972,-1.504969596862793,1.8901597261428833,0.0,0.0,-0.008089103735983372,-0.24822203814983368,0.0,0.0,-0.6779476965227783,-0.7054010746718878,0.2897797226905823,0.09907660633325577,0.0,0.0,0.0,0.0
11.663902044296265,-1.504969596862793,1.8901597261428833,0.0,0.0,-0.008089103735983372,-0.24822203814983368,0.0,0.0,-0.6779476965227783,-0.7054010746718878,0.2897797226905823,0.09907660633325577,0.0,0.0,0.0,0.0
11.665928602218628,-1.504969596862793,1.8901597261428833,0.0,0.0,-0.008089103735983372,-0.24822203814983368,0.0,0.0,-0.6779476965227783,-0.7054010746718878,0.2897797226905823,0.09907660633325577,0.0,0.0,0.0,0.0
11.667458057403564,-1.504969596862793,1.8901597261428833,0.0,0.0,-0.008089103735983372,-0.24822203814983368,0.0,0.0,-0.6779476965227783,-0.7054010746718878,0.2897797226905823,0.09907660633325577,0.0,0.0,0.0,0.0
11.669172286987305,-1.504969596862793,1.8901597261428833,0.0,0.0,-0.008089103735983372,-0.24822203814983368,0.0,0.0,-0.6779476965227783,-0.7054010746718878,0.2897797226905823,0.09907660633325577,0.0,0.0,0.0,0.0
11.670650959014893,-1.504969596862793,1.8901597261428833,0.0,0.0,-0.008089103735983372,-0.24822203814983368,0.0,0.0,-0.6779476965227783,-0.7054010746718878,0.2897797226905823,0.09907660633325577,0.0,0.0,0.0,0.0
11.672683000564575,-1.504969596862793,1.8901597261428833,0.0,0.0,-0.008089103735983372,-0.24822203814983368,0.0,0.0,-0.6779476965227783,-0.7054010746718878,0.2897797226905823,0.09907660633325577,0.0,0.0,0.0,0.0
11.674705743789673,-1.504969596862793,1.8901597261428833,0.0,0.0,-0.008089103735983372,-0.24822203814983368,0.0,0.0,-0.6779476965227783,-0.7054010746718878,0.2897797226905823,0.09907660633325577,0.0,0.0,0.0,0.0
11.676424980163574,-1.504969596862793,1.8901597261428833,0.0,0.0,-0.008089103735983372,-0.24822203814983368,0.0,0.0,-0.6779476965227783,-0.7054010746718878,0.2897797226905823,0.09907660633325577,0.0,0.0,0.0,0.0
11.678126096725464,-1.504969596862793,1.8901597261428833,0.0,0.0,-0.008089103735983372,-0.24822203814983368,0.0,0.0,-0.6779476965227783,-0.7054010746718878,0.2897797226905823,0.09907660633325577,0.0,0.0,0.0,0.0
11.68018889427185,-1.504969596862793,1.8901597261428833,0.0,0.0,-0.008089103735983372,-0.24822203814983368,0.0,0.0,-0.6779476965227783,-0.7054010746718878,0.2897797226905823,0.09907660633325577,0.0,0.0,0.0,0.0
11.681824684143066,-1.504969596862793,1.8901597261428833,0.0,0.0,-0.008089103735983372,-0.24822203814983368,0.0,0.0,-0.6779476965227783,-0.7054010746718878,0.2897797226905823,0.09907660633325577,0.0,0.0,0.0,0.0
11.683469295501709,-1.504969596862793,1.8901597261428833,0.0,0.0,-0.008089103735983372,-0.24822203814983368,0.0,0.0,-0.6779476965227783,-0.7054010746718878,0.2897797226905823,0.09907660633325577,0.0,0.0,0.0,0.0
11.685536623001099,-1.504969596862793,1.8901597261428833,0.0,0.0,-0.008089103735983372,-0.24822203814983368,0.0,0.0,-0.6779476965227783,-0.7054010746718878,0.2897797226905823,0.09907660633325577,0.0,0.0,0.0,0.0
11.687424898147583,-1.504969596862793,1.8901597261428833,0.0,0.0,-0.008089103735983372,-0.24822203814983368,0.0,0.0,-0.6779476965227783,-0.7054010746718878,0.2897797226905823,0.09907660633325577,0.0,0.0,0.0,0.0
11.689849853515625,-1.504969596862793,1.8901597261428833,0.0,0.0,-0.008089103735983372,-0.24822203814983368,0.0,0.0,-0.6779476965227783,-0.7054010746718878,0.2897797226905823,0.09907660633325577,0.0,0.0,0.0,0.0
11.691531896591187,-1.504969596862793,1.8901597261428833,0.0,0.0,-0.008089103735983372,-0.24822203814983368,0.0,0.0,-0.6779476965227783,-0.7054010746718878,0.2897797226905823,0.09907660633325577,0.0,0.0,0.0,0.0
11.693870067596436,-1.504969596862793,1.8901597261428833,0.0,0.0,-0.008089103735983372,-0.24822203814983368,0.0,0.0,-0.6779476965227783,-0.7054010746718878,0.2897797226905823,0.09907660633325577,0.0,0.0,0.0,0.0
11.696502447128296,-1.504969596862793,1.8901597261428833,0.0,0.0,-0.008089103735983372,-0.24822203814983368,0.0,0.0,-0.6779476965227783,-0.7054010746718878,0.2897797226905823,0.09907660633325577,0.0,0.0,0.0,0.0
11.700185298919678,-1.504969596862793,1.8901597261428833,0.0,0.0,-0.008089103735983372,-0.24822203814983368,0.0,0.0,-0.6779476965227783,-0.7054010746718878,0.2897797226905823,0.09907660633325577,0.0,0.0,0.0,0.0
11.702109336853027,-1.504969596862793,1.8901597261428833,0.0,0.0,-0.008089103735983372,-0.24822203814983368,0.0,0.0,-0.6779476965227783,-0.7054010746718878,0.2897797226905823,0.09907660633325577,0.0,0.0,0.0,0.0
11.704377889633179,-1.504969596862793,1.8901597261428833,0.0,0.0,-0.008089103735983372,-0.24822203814983368,0.0,0.0,-0.6779476965227783,-0.7054010746718878,0.2897797226905823,0.09907660633325577,0.0,0.0,0.0,0.0
11.705922842025757,-1.504969596862793,1.8901597261428833,0.0,0.0,-0.008089103735983372,-0.24822203814983368,0.0,0.0,-0.6779476965227783,-0.7054010746718878,0.2897797226905823,0.09907660633325577,0.0,0.0,0.0,0.0
11.707546949386597,-1.504969596862793,1.8901597261428833,0.0,0.0,-0.008089103735983372,-0.24822203814983368,0.0,0.0,-0.6779476965227783,-0.7054010746718878,0.2897797226905823,0.09907660633325577,0.0,0.0,0.0,0.0
11.71001124382019,-1.504969596862793,1.8901597261428833,0.0,0.0,-0.008089103735983372,-0.24822203814983368,0.0,0.0,-0.6779476965227783,-0.7054010746718878,0.2897797226905823,0.09907660633325577,0.0,0.0,0.0,0.0
11.711654901504517,-1.504969596862793,1.8901597261428833,0.0,0.0,-0.008089103735983372,-0.24822203814983368,0.0,0.0,-0.6779476965227783,-0.7054010746718878,0.2897797226905823,0.09907660633325577,0.0,0.0,0.0,0.0
11.713597536087036,-1.504969596862793,1.8901597261428833,0.0,0.0,-0.008089103735983372,-0.24822203814983368,0.0,0.0,-0.6779476965227783,-0.7054010746718878,0.2897797226905823,0.09907660633325577,0.0,0.0,0.0,0.0
11.715363025665283,-1.504969596862793,1.8901597261428833,0.0,0.0,-0.008089103735983372,-0.24822203814983368,0.0,0.0,-0.6779476965227783,-0.7054010746718878,0.2897797226905823,0.09907660633325577,0.0,0.0,0.0,0.0
11.717589378356934,-1.504969596862793,1.8901597261428833,0.0,0.0,-0.008089103735983372,-0.24822203814983368,0.0,0.0,-0.6779476965227783,-0.7054010746718878,0.2897797226905823,0.09907660633325577,0.0,0.0,0.0,0.0
11.719994068145752,-1.504969596862793,1.8901597261428833,0.0,0.0,-0.008089103735983372,-0.24822203814983368,0.0,0.0,-0.6779476965227783,-0.7054010746718878,0.2897797226905823,0.09907660633325577,0.0,0.0,0.0,0.0
11.721704483032227,-1.504969596862793,1.8901597261428833,0.0,0.0,-0.008089103735983372,-0.24822203814983368,0.0,0.0,-0.6779476965227783,-0.7054010746718878,0.2897797226905823,0.09907660633325577,0.0,0.0,0.0,0.0
11.723354578018188,-1.504969596862793,1.8901597261428833,0.0,0.0,-0.008089103735983372,-0.24822203814983368,0.0,0.0,-0.6779476965227783,-0.7054010746718878,0.2897797226905823,0.09907660633325577,0.0,0.0,0.0,0.0
11.72602128982544,-1.504969596862793,1.8901597261428833,0.0,0.0,-0.008089103735983372,-0.24822203814983368,0.0,0.0,-0.6779476965227783,-0.7054010746718878,0.2897797226905823,0.09907660633325577,0.0,0.0,0.0,0.0
11.728479862213135,-1.504969596862793,1.8901597261428833,0.0,0.0,-0.008089103735983372,-0.24822203814983368,0.0,0.0,-0.6779476965227783,-0.7054010746718878,0.2897797226905823,0.09907660633325577,0.0,0.0,0.0,0.0
11.730814456939697,-1.504969596862793,1.8901597261428833,0.0,0.0,-0.008089103735983372,-0.24822203814983368,0.0,0.0,-0.6779476965227783,-0.7054010746718878,0.2897797226905823,0.09907660633325577,0.0,0.0,0.0,0.0
11.733126163482666,-1.504969596862793,1.8901597261428833,0.0,0.0,-0.008089103735983372,-0.24822203814983368,0.0,0.0,-0.6779476965227783,-0.7054010746718878,0.2897797226905823,0.09907660633325577,0.0,0.0,0.0,0.0
11.735364437103271,-1.504969596862793,1.8901597261428833,0.0,0.0,-0.008089103735983372,-0.24822203814983368,0.0,0.0,-0.6779476965227783,-0.7054010746718878,0.2897797226905823,0.09907660633325577,0.0,0.0,0.0,0.0
11.738216876983643,-1.504969596862793,1.8901597261428833,0.0,0.0,-0.008089103735983372,-0.24822203814983368,0.0,0.0,-0.6779476965227783,-0.7054010746718878,0.2897797226905823,0.09907660633325577,0.0,0.0,0.0,0.0
11.740517616271973,-1.504969596862793,1.8901597261428833,0.0,0.0,-0.008089103735983372,-0.24822203814983368,0.0,0.0,-0.6779476965227783,-0.7054010746718878,0.2897797226905823,0.09907660633325577,0.0,0.0,0.0,0.0
11.742771863937378,-1.504969596862793,1.8901597261428833,0.0,0.0,-0.008089103735983372,-0.24822203814983368,0.0,0.0,-0.6779476965227783,-0.7054010746718878,0.2897797226905823,0.09907660633325577,0.0,0.0,0.0,0.0
11.744463205337524,-1.504969596862793,1.8901597261428833,0.0,0.0,-0.008089103735983372,-0.24822203814983368,0.0,0.0,-0.6779476965227783,-0.7054010746718878,0.2897797226905823,0.09907660633325577,0.0,0.0,0.0,0.0
11.746257781982422,-1.504969596862793,1.8901597261428833,0.0,0.0,-0.008089103735983372,-0.24822203814983368,0.0,0.0,-0.6779476965227783,-0.7054010746718878,0.2897797226905823,0.09907660633325577,0.0,0.0,0.0,0.0
11.748083591461182,-1.504969596862793,1.8901597261428833,0.0,0.0,-0.008089103735983372,-0.24822203814983368,0.0,0.0,-0.6779476965227783,-0.7054010746718878,0.2897797226905823,0.09907660633325577,0.0,0.0,0.0,0.0
11.751139879226685,-1.504969596862793,1.8901597261428833,0.0,0.0,-0.008089103735983372,-0.24822203814983368,0.0,0.0,-0.6779476965227783,-0.7054010746718878,0.2897797226905823,0.09907660633325577,0.0,0.0,0.0,0.0
11.75462555885315,-1.504969596862793,1.8901597261428833,0.0,0.0,-0.008089103735983372,-0.24822203814983368,0.0,0.0,-0.6779476965227783,-0.7054010746718878,0.2897797226905823,0.09907660633325577,0.0,0.0,0.0,0.0
11.756848335266113,-1.504969596862793,1.8901597261428833,0.0,0.0,-0.008089103735983372,-0.24822203814983368,0.0,0.0,-0.6779476965227783,-0.7054010746718878,0.2897797226905823,0.09907660633325577,0.0,0.0,0.0,0.0
11.758516550064087,-1.504969596862793,1.8901597261428833,0.0,0.0,-0.008089103735983372,-0.24822203814983368,0.0,0.0,-0.6779476965227783,-0.7054010746718878,0.2897797226905823,0.09907660633325577,0.0,0.0,0.0,0.0
11.76069450378418,-1.504969596862793,1.8901597261428833,0.0,0.0,-0.008089103735983372,-0.24822203814983368,0.0,0.0,-0.6779476965227783,-0.7054010746718878,0.2897797226905823,0.09907660633325577,0.0,0.0,0.0,0.0
11.762568473815918,-1.504969596862793,1.8901597261428833,0.0,0.0,-0.008089103735983372,-0.24822203814983368,0.0,0.0,-0.6779476965227783,-0.7054010746718878,0.2897797226905823,0.09907660633325577,0.0,0.0,0.0,0.0
11.764384984970093,-1.504969596862793,1.8901597261428833,0.0,0.0,-0.008089103735983372,-0.24822203814983368,0.0,0.0,-0.6779476965227783,-0.7054010746718878,0.2897797226905823,0.09907660633325577,0.0,0.0,0.0,0.0
11.76611042022705,-1.504969596862793,1.8901597261428833,0.0,0.0,-0.008089103735983372,-0.24822203814983368,0.0,0.0,-0.6779476965227783,-0.7054010746718878,0.2897797226905823,0.09907660633325577,0.0,0.0,0.0,0.0
11.768215894699097,-1.504969596862793,1.8901597261428833,0.0,0.0,-0.008089103735983372,-0.24822203814983368,0.0,0.0,-0.6779476965227783,-0.7054010746718878,0.2897797226905823,0.09907660633325577,0.0,0.0,0.0,0.0
11.769995212554932,-1.504969596862793,1.8901597261428833,0.0,0.0,-0.008089103735983372,-0.24822203814983368,0.0,0.0,-0.6779476965227783,-0.7054010746718878,0.2897797226905823,0.09907660633325577,0.0,0.0,0.0,0.0
11.771897315979004,-1.504969596862793,1.8901597261428833,0.0,0.0,-0.008089103735983372,-0.24822203814983368,0.0,0.0,-0.6779476965227783,-0.7054010746718878,0.2897797226905823,0.09907660633325577,0.0,0.0,0.0,0.0
11.773816108703613,-1.504969596862793,1.8901597261428833,0.0,0.0,-0.008089103735983372,-0.24822203814983368,0.0,0.0,-0.6779476965227783,-0.7054010746718878,0.2897797226905823,0.09907660633325577,0.0,0.0,0.0,0.0
11.77613878250122,-1.504969596862793,1.8901597261428833,0.0,0.0,-0.008089103735983372,-0.24822203814983368,0.0,0.0,-0.6779476965227783,-0.7054010746718878,0.2897797226905823,0.09907660633325577,0.0,0.0,0.0,0.0
11.77831482887268,-1.504969596862793,1.8901597261428833,0.0,0.0,-0.008089103735983372,-0.24822203814983368,0.0,0.0,-0.6779476965227783,-0.7054010746718878,0.2897797226905823,0.09907660633325577,0.0,0.0,0.0,0.0
11.780095338821411,-1.504969596862793,1.8901597261428833,0.0,0.0,-0.008089103735983372,-0.24822203814983368,0.0,0.0,-0.6779476965227783,-0.7054010746718878,0.2897797226905823,0.09907660633325577,0.0,0.0,0.0,0.0
11.781813859939575,-1.504969596862793,1.8901597261428833,0.0,0.0,-0.008089103735983372,-0.24822203814983368,0.0,0.0,-0.6779476965227783,-0.7054010746718878,0.2897797226905823,0.09907660633325577,0.0,0.0,0.0,0.0
11.783411741256714,-1.504969596862793,1.8901597261428833,0.0,0.0,-0.008089103735983372,-0.24822203814983368,0.0,0.0,-0.6779476965227783,-0.7054010746718878,0.2897797226905823,0.09907660633325577,0.0,0.0,0.0,0.0
11.78510046005249,-1.504969596862793,1.8901597261428833,0.0,0.0,-0.008089103735983372,-0.24822203814983368,0.0,0.0,-0.6779476965227783,-0.7054010746718878,0.2897797226905823,0.09907660633325577,0.0,0.0,0.0,0.0
11.78708267211914,-1.504969596862793,1.8901597261428833,0.0,0.0,-0.008089103735983372,-0.24822203814983368,0.0,0.0,-0.6779476965227783,-0.7054010746718878,0.2897797226905823,0.09907660633325577,0.0,0.0,0.0,0.0
11.78879976272583,-1.504969596862793,1.8901597261428833,0.0,0.0,-0.008089103735983372,-0.24822203814983368,0.0,0.0,-0.6779476965227783,-0.7054010746718878,0.2897797226905823,0.09907660633325577,0.0,0.0,0.0,0.0
11.790443181991577,-1.504969596862793,1.8901597261428833,0.0,0.0,-0.008089103735983372,-0.24822203814983368,0.0,0.0,-0.6779476965227783,-0.7054010746718878,0.2897797226905823,0.09907660633325577,0.0,0.0,0.0,0.0
11.792381286621094,-1.504969596862793,1.8901597261428833,0.0,0.0,-0.008089103735983372,-0.24822203814983368,0.0,0.0,-0.6779476965227783,-0.7054010746718878,0.2897797226905823,0.09907660633325577,0.0,0.0,0.0,0.0
11.793947696685791,-1.504969596862793,1.8901597261428833,0.0,0.0,-0.008089103735983372,-0.24822203814983368,0.0,0.0,-0.6779476965227783,-0.7054010746718878,0.2897797226905823,0.09907660633325577,0.0,0.0,0.0,0.0
11.79585599899292,-1.504969596862793,1.8901597261428833,0.0,0.0,-0.008089103735983372,-0.24822203814983368,0.0,0.0,-0.6779476965227783,-0.7054010746718878,0.2897797226905823,0.09907660633325577,0.0,0.0,0.0,0.0
11.797326803207397,-1.504969596862793,1.8901597261428833,0.0,0.0,-0.008089103735983372,-0.24822203814983368,0.0,0.0,-0.6779476965227783,-0.7054010746718878,0.2897797226905823,0.09907660633325577,0.0,0.0,0.0,0.0
11.798744678497314,-1.504969596862793,1.8901597261428833,0.0,0.0,-0.008089103735983372,-0.24822203814983368,0.0,0.0,-0.6779476965227783,-0.7054010746718878,0.2897797226905823,0.09907660633325577,0.0,0.0,0.0,0.0
11.800596952438354,-1.504969596862793,1.8901597261428833,0.0,0.0,-0.008089103735983372,-0.24822203814983368,0.0,0.0,-0.6779476965227783,-0.7054010746718878,0.2897797226905823,0.09907660633325577,0.0,0.0,0.0,0.0
11.802045345306396,-1.504969596862793,1.8901597261428833,0.0,0.0,-0.008089103735983372,-0.24822203814983368,0.0,0.0,-0.6779476965227783,-0.7054010746718878,0.2897797226905823,0.09907660633325577,0.0,0.0,0.0,0.0
11.803670883178711,-1.504969596862793,1.8901597261428833,0.0,0.0,-0.008089103735983372,-0.24822203814983368,0.0,0.0,-0.6779476965227783,-0.7054010746718878,0.2897797226905823,0.09907660633325577,0.0,0.0,0.0,0.0
11.80549144744873,-1.504969596862793,1.8901597261428833,0.0,0.0,-0.008089103735983372,-0.24822203814983368,0.0,0.0,-0.6779476965227783,-0.7054010746718878,0.2897797226905823,0.09907660633325577,0.0,0.0,0.0,0.0
11.806986093521118,-1.504969596862793,1.8901597261428833,0.0,0.0,-0.008089103735983372,-0.24822203814983368,0.0,0.0,-0.6779476965227783,-0.7054010746718878,0.2897797226905823,0.09907660633325577,0.0,0.0,0.0,0.0
11.808872938156128,-1.504969596862793,1.8901597261428833,0.0,0.0,-0.008089103735983372,-0.24822203814983368,0.0,0.0,-0.6779476965227783,-0.7054010746718878,0.2897797226905823,0.09907660633325577,0.0,0.0,0.0,0.0
11.810382604598999,-1.504969596862793,1.8901597261428833,0.0,0.0,-0.008089103735983372,-0.24822203814983368,0.0,0.0,-0.6779476965227783,-0.7054010746718878,0.2897797226905823,0.09907660633325577,0.0,0.0,0.0,0.0
11.811842918395996,-1.504969596862793,1.8901597261428833,0.0,0.0,-0.008089103735983372,-0.24822203814983368,0.0,0.0,-0.6779476965227783,-0.7054010746718878,0.2897797226905823,0.09907660633325577,0.0,0.0,0.0,0.0
11.813562870025635,-1.504969596862793,1.8901597261428833,0.0,0.0,-0.008089103735983372,-0.24822203814983368,0.0,0.0,-0.6779476965227783,-0.7054010746718878,0.2897797226905823,0.09907660633325577,0.0,0.0,0.0,0.0
11.815077781677246,-1.504969596862793,1.8901597261428833,0.0,0.0,-0.008089103735983372,-0.24822203814983368,0.0,0.0,-0.6779476965227783,-0.7054010746718878,0.2897797226905823,0.09907660633325577,0.0,0.0,0.0,0.0
11.816537857055664,-1.504969596862793,1.8901597261428833,0.0,0.0,-0.008089103735983372,-0.24822203814983368,0.0,0.0,-0.6779476965227783,-0.7054010746718878,0.2897797226905823,0.09907660633325577,0.0,0.0,0.0,0.0
11.818117141723633,-1.504969596862793,1.8901597261428833,0.0,0.0,-0.008089103735983372,-0.24822203814983368,0.0,0.0,-0.6779476965227783,-0.7054010746718878,0.2897797226905823,0.09907660633325577,0.0,0.0,0.0,0.0
11.820003032684326,-1.504969596862793,1.8901597261428833,0.0,0.0,-0.008089103735983372,-0.24822203814983368,0.0,0.0,-0.6779476965227783,-0.7054010746718878,0.2897797226905823,0.09907660633325577,0.0,0.0,0.0,0.0
11.821417808532715,-1.504969596862793,1.8901597261428833,0.0,0.0,-0.008089103735983372,-0.24822203814983368,0.0,0.0,-0.6779476965227783,-0.7054010746718878,0.2897797226905823,0.09907660633325577,0.0,0.0,0.0,0.0
11.82285737991333,-1.504969596862793,1.8901597261428833,0.0,0.0,-0.008089103735983372,-0.24822203814983368,0.0,0.0,-0.6779476965227783,-0.7054010746718878,0.2897797226905823,0.09907660633325577,0.0,0.0,0.0,0.0
11.824324131011963,-1.504969596862793,1.8901597261428833,0.0,0.0,-0.008089103735983372,-0.24822203814983368,0.0,0.0,-0.6779476965227783,-0.7054010746718878,0.2897797226905823,0.09907660633325577,0.0,0.0,0.0,0.0
11.82607126235962,-1.504969596862793,1.8901597261428833,0.0,0.0,-0.008089103735983372,-0.24822203814983368,0.0,0.0,-0.6779476965227783,-0.7054010746718878,0.2897797226905823,0.09907660633325577,0.0,0.0,0.0,0.0
11.827527284622192,-1.504969596862793,1.8901597261428833,0.0,0.0,-0.008089103735983372,-0.24822203814983368,0.0,0.0,-0.6779476965227783,-0.7054010746718878,0.2897797226905823,0.09907660633325577,0.0,0.0,0.0,0.0
11.829414129257202,-1.504969596862793,1.8901597261428833,0.0,0.0,-0.008089103735983372,-0.24822203814983368,0.0,0.0,-0.6779476965227783,-0.7054010746718878,0.2897797226905823,0.09907660633325577,0.0,0.0,0.0,0.0
11.830979347229004,-1.504969596862793,1.8901597261428833,0.0,0.0,-0.008089103735983372,-0.24822203814983368,0.0,0.0,-0.6779476965227783,-0.7054010746718878,0.2897797226905823,0.09907660633325577,0.0,0.0,0.0,0.0
11.832898616790771,-1.504969596862793,1.8901597261428833,0.0,0.0,-0.008089103735983372,-0.24822203814983368,0.0,0.0,-0.6779476965227783,-0.7054010746718878,0.2897797226905823,0.09907660633325577,0.0,0.0,0.0,0.0
11.834784269332886,-1.504969596862793,1.8901597261428833,0.0,0.0,-0.008089103735983372,-0.24822203814983368,0.0,0.0,-0.6779476965227783,-0.7054010746718878,0.2897797226905823,0.09907660633325577,0.0,0.0,0.0,0.0
11.83676290512085,-1.504969596862793,1.8901597261428833,0.0,0.0,-0.008089103735983372,-0.24822203814983368,0.0,0.0,-0.6779476965227783,-0.7054010746718878,0.2897797226905823,0.09907660633325577,0.0,0.0,0.0,0.0
11.838417530059814,-1.504969596862793,1.8901597261428833,0.0,0.0,-0.008089103735983372,-0.24822203814983368,0.0,0.0,-0.6779476965227783,-0.7054010746718878,0.2897797226905823,0.09907660633325577,0.0,0.0,0.0,0.0
11.840261220932007,-1.504969596862793,1.8901597261428833,0.0,0.0,-0.008089103735983372,-0.24822203814983368,0.0,0.0,-0.6779476965227783,-0.7054010746718878,0.2897797226905823,0.09907660633325577,0.0,0.0,0.0,0.0
11.841708660125732,-1.504969596862793,1.8901597261428833,0.0,0.0,-0.008089103735983372,-0.24822203814983368,0.0,0.0,-0.6779476965227783,-0.7054010746718878,0.2897797226905823,0.09907660633325577,0.0,0.0,0.0,0.0
11.843370914459229,-1.504969596862793,1.8901597261428833,0.0,0.0,-0.008089103735983372,-0.24822203814983368,0.0,0.0,-0.6779476965227783,-0.7054010746718878,0.2897797226905823,0.09907660633325577,0.0,0.0,0.0,0.0
11.844890356063843,-1.504969596862793,1.8901597261428833,0.0,0.0,-0.008089103735983372,-0.24822203814983368,0.0,0.0,-0.6779476965227783,-0.7054010746718878,0.2897797226905823,0.09907660633325577,0.0,0.0,0.0,0.0
11.846334218978882,-1.504969596862793,1.8901597261428833,0.0,0.0,-0.008089103735983372,-0.24822203814983368,0.0,0.0,-0.6779476965227783,-0.7054010746718878,0.2897797226905823,0.09907660633325577,0.0,0.0,0.0,0.0
11.849874258041382,-1.504969596862793,1.8901597261428833,0.0,0.0,-0.008089103735983372,-0.24822203814983368,0.0,0.0,-0.6779476965227783,-0.7054010746718878,0.2897797226905823,0.09907660633325577,0.0,0.0,0.0,0.0
11.852115631103516,-1.504969596862793,1.8901597261428833,0.0,0.0,-0.008089103735983372,-0.24822203814983368,0.0,0.0,-0.6779476965227783,-0.7054010746718878,0.2897797226905823,0.09907660633325577,0.0,0.0,0.0,0.0
11.85360312461853,-1.504969596862793,1.8901597261428833,0.0,0.0,-0.008089103735983372,-0.24822203814983368,0.0,0.0,-0.6779476965227783,-0.7054010746718878,0.2897797226905823,0.09907660633325577,0.0,0.0,0.0,0.0
11.855111837387085,-1.504969596862793,1.8901597261428833,0.0,0.0,-0.008089103735983372,-0.24822203814983368,0.0,0.0,-0.6779476965227783,-0.7054010746718878,0.2897797226905823,0.09907660633325577,0.0,0.0,0.0,0.0
11.856655359268188,-1.504969596862793,1.8901597261428833,0.0,0.0,-0.008089103735983372,-0.24822203814983368,0.0,0.0,-0.6779476965227783,-0.7054010746718878,0.2897797226905823,0.09907660633325577,0.0,0.0,0.0,0.0
11.858256101608276,-1.504969596862793,1.8901597261428833,0.0,0.0,-0.008089103735983372,-0.24822203814983368,0.0,0.0,-0.6779476965227783,-0.7054010746718878,0.2897797226905823,0.09907660633325577,0.0,0.0,0.0,0.0
11.859809875488281,-1.504969596862793,1.8901597261428833,0.0,0.0,-0.008089103735983372,-0.24822203814983368,0.0,0.0,-0.6779476965227783,-0.7054010746718878,0.2897797226905823,0.09907660633325577,0.0,0.0,0.0,0.0
11.861806392669678,-1.504969596862793,1.8901597261428833,0.0,0.0,-0.008089103735983372,-0.24822203814983368,0.0,0.0,-0.6779476965227783,-0.7054010746718878,0.2897797226905823,0.09907660633325577,0.0,0.0,0.0,0.0
11.863318681716919,-1.504969596862793,1.8901597261428833,0.0,0.0,-0.008089103735983372,-0.24822203814983368,0.0,0.0,-0.6779476965227783,-0.7054010746718878,0.2897797226905823,0.09907660633325577,0.0,0.0,0.0,0.0
11.86483359336853,-1.504969596862793,1.8901597261428833,0.0,0.0,-0.008089103735983372,-0.24822203814983368,0.0,0.0,-0.6779476965227783,-0.7054010746718878,0.2897797226905823,0.09907660633325577,0.0,0.0,0.0,0.0
11.866366386413574,-1.504969596862793,1.8901597261428833,0.0,0.0,-0.008089103735983372,-0.24822203814983368,0.0,0.0,-0.6779476965227783,-0.7054010746718878,0.2897797226905823,0.09907660633325577,0.0,0.0,0.0,0.0
11.868582487106323,-1.504969596862793,1.8901597261428833,0.0,0.0,-0.008089103735983372,-0.24822203814983368,0.0,0.0,-0.6779476965227783,-0.7054010746718878,0.2897797226905823,0.09907660633325577,0.0,0.0,0.0,0.0
11.870108127593994,-1.504969596862793,1.8901597261428833,0.0,0.0,-0.008089103735983372,-0.24822203814983368,0.0,0.0,-0.6779476965227783,-0.7054010746718878,0.2897797226905823,0.09907660633325577,0.0,0.0,0.0,0.0
11.871590375900269,-1.504969596862793,1.8901597261428833,0.0,0.0,-0.008089103735983372,-0.24822203814983368,0.0,0.0,-0.6779476965227783,-0.7054010746718878,0.2897797226905823,0.09907660633325577,0.0,0.0,0.0,0.0
11.873537540435791,-1.504969596862793,1.8901597261428833,0.0,0.0,-0.008089103735983372,-0.24822203814983368,0.0,0.0,-0.6779476965227783,-0.7054010746718878,0.2897797226905823,0.09907660633325577,0.0,0.0,0.0,0.0
11.875737190246582,-1.504969596862793,1.8901597261428833,0.0,0.0,-0.008089103735983372,-0.24822203814983368,0.0,0.0,-0.6779476965227783,-0.7054010746718878,0.2897797226905823,0.09907660633325577,0.0,0.0,0.0,0.0
11.877453327178955,-1.504969596862793,1.8901597261428833,0.0,0.0,-0.008089103735983372,-0.24822203814983368,0.0,0.0,-0.6779476965227783,-0.7054010746718878,0.2897797226905823,0.09907660633325577,0.0,0.0,0.0,0.0
11.879811763763428,-1.504969596862793,1.8901597261428833,0.0,0.0,-0.008089103735983372,-0.24822203814983368,0.0,0.0,-0.6779476965227783,-0.7054010746718878,0.2897797226905823,0.09907660633325577,0.0,0.0,0.0,0.0
11.881759405136108,-1.504969596862793,1.8901597261428833,0.0,0.0,-0.008089103735983372,-0.24822203814983368,0.0,0.0,-0.6779476965227783,-0.7054010746718878,0.2897797226905823,0.09907660633325577,0.0,0.0,0.0,0.0
11.883332014083862,-1.504969596862793,1.8901597261428833,0.0,0.0,-0.008089103735983372,-0.24822203814983368,0.0,0.0,-0.6779476965227783,-0.7054010746718878,0.2897797226905823,0.09907660633325577,0.0,0.0,0.0,0.0
11.884790182113647,-1.504969596862793,1.8901597261428833,0.0,0.0,-0.008089103735983372,-0.24822203814983368,0.0,0.0,-0.6779476965227783,-0.7054010746718878,0.2897797226905823,0.09907660633325577,0.0,0.0,0.0,0.0
11.886267900466919,-1.504969596862793,1.8901597261428833,0.0,0.0,-0.008089103735983372,-0.24822203814983368,0.0,0.0,-0.6779476965227783,-0.7054010746718878,0.2897797226905823,0.09907660633325577,0.0,0.0,0.0,0.0
11.887818098068237,-1.504969596862793,1.8901597261428833,0.0,0.0,-0.008089103735983372,-0.24822203814983368,0.0,0.0,-0.6779476965227783,-0.7054010746718878,0.2897797226905823,0.09907660633325577,0.0,0.0,0.0,0.0
11.890254259109497,-1.504969596862793,1.8901597261428833,0.0,0.0,-0.008089103735983372,-0.24822203814983368,0.0,0.0,-0.6779476965227783,-0.7054010746718878,0.2897797226905823,0.09907660633325577,0.0,0.0,0.0,0.0
11.89232587814331,-1.504969596862793,1.8901597261428833,0.0,0.0,-0.008089103735983372,-0.24822203814983368,0.0,0.0,-0.6779476965227783,-0.7054010746718878,0.2897797226905823,0.09907660633325577,0.0,0.0,0.0,0.0
11.89384150505066,-1.504969596862793,1.8901597261428833,0.0,0.0,-0.008089103735983372,-0.24822203814983368,0.0,0.0,-0.6779476965227783,-0.7054010746718878,0.2897797226905823,0.09907660633325577,0.0,0.0,0.0,0.0
11.895448684692383,-1.504969596862793,1.8901597261428833,0.0,0.0,-0.008089103735983372,-0.24822203814983368,0.0,0.0,-0.6779476965227783,-0.7054010746718878,0.2897797226905823,0.09907660633325577,0.0,0.0,0.0,0.0
11.89833378791809,-1.504969596862793,1.8901597261428833,0.0,0.0,-0.008089103735983372,-0.24822203814983368,0.0,0.0,-0.6779476965227783,-0.7054010746718878,0.2897797226905823,0.09907660633325577,0.0,0.0,0.0,0.0
11.90099024772644,-1.504969596862793,1.8901597261428833,0.0,0.0,-0.008089103735983372,-0.24822203814983368,0.0,0.0,-0.6779476965227783,-0.7054010746718878,0.2897797226905823,0.09907660633325577,0.0,0.0,0.0,0.0
11.903696537017822,-1.504969596862793,1.8901597261428833,0.0,0.0,-0.008089103735983372,-0.24822203814983368,0.0,0.0,-0.6779476965227783,-0.7054010746718878,0.2897797226905823,0.09907660633325577,0.0,0.0,0.0,0.0
11.905476093292236,-1.504969596862793,1.8901597261428833,0.0,0.0,-0.008089103735983372,-0.24822203814983368,0.0,0.0,-0.6779476965227783,-0.7054010746718878,0.2897797226905823,0.09907660633325577,0.0,0.0,0.0,0.0
11.907100200653076,-1.504969596862793,1.8901597261428833,0.0,0.0,-0.008089103735983372,-0.24822203814983368,0.0,0.0,-0.6779476965227783,-0.7054010746718878,0.2897797226905823,0.09907660633325577,0.0,0.0,0.0,0.0
11.909425497055054,-1.504969596862793,1.8901597261428833,0.0,0.0,-0.008089103735983372,-0.24822203814983368,0.0,0.0,-0.6779476965227783,-0.7054010746718878,0.2897797226905823,0.09907660633325577,0.0,0.0,0.0,0.0
11.911532878875732,-1.504969596862793,1.8901597261428833,0.0,0.0,-0.008089103735983372,-0.24822203814983368,0.0,0.0,-0.6779476965227783,-0.7054010746718878,0.2897797226905823,0.09907660633325577,0.0,0.0,0.0,0.0
11.913614511489868,-1.504969596862793,1.8901597261428833,0.0,0.0,-0.008089103735983372,-0.24822203814983368,0.0,0.0,-0.6779476965227783,-0.7054010746718878,0.2897797226905823,0.09907660633325577,0.0,0.0,0.0,0.0
11.915334939956665,-1.504969596862793,1.8901597261428833,0.0,0.0,-0.008089103735983372,-0.24822203814983368,0.0,0.0,-0.6779476965227783,-0.7054010746718878,0.2897797226905823,0.09907660633325577,0.0,0.0,0.0,0.0
11.91716194152832,-1.504969596862793,1.8901597261428833,0.0,0.0,-0.008089103735983372,-0.24822203814983368,0.0,0.0,-0.6779476965227783,-0.7054010746718878,0.2897797226905823,0.09907660633325577,0.0,0.0,0.0,0.0
11.91942834854126,-1.504969596862793,1.8901597261428833,0.0,0.0,-0.008089103735983372,-0.24822203814983368,0.0,0.0,-0.6779476965227783,-0.7054010746718878,0.2897797226905823,0.09907660633325577,0.0,0.0,0.0,0.0
11.921144485473633,-1.504969596862793,1.8901597261428833,0.0,0.0,-0.008089103735983372,-0.24822203814983368,0.0,0.0,-0.6779476965227783,-0.7054010746718878,0.2897797226905823,0.09907660633325577,0.0,0.0,0.0,0.0
11.922616958618164,-1.504969596862793,1.8901597261428833,0.0,0.0,-0.008089103735983372,-0.24822203814983368,0.0,0.0,-0.6779476965227783,-0.7054010746718878,0.2897797226905823,0.09907660633325577,0.0,0.0,0.0,0.0
11.92470407485962,-1.504969596862793,1.8901597261428833,0.0,0.0,-0.008089103735983372,-0.24822203814983368,0.0,0.0,-0.6779476965227783,-0.7054010746718878,0.2897797226905823,0.09907660633325577,0.0,0.0,0.0,0.0
11.926888942718506,-1.504969596862793,1.8901597261428833,0.0,0.0,-0.008089103735983372,-0.24822203814983368,0.0,0.0,-0.6779476965227783,-0.7054010746718878,0.2897797226905823,0.09907660633325577,0.0,0.0,0.0,0.0
11.928436756134033,-1.504969596862793,1.8901597261428833,0.0,0.0,-0.008089103735983372,-0.24822203814983368,0.0,0.0,-0.6779476965227783,-0.7054010746718878,0.2897797226905823,0.09907660633325577,0.0,0.0,0.0,0.0
11.929900884628296,-1.504969596862793,1.8901597261428833,0.0,0.0,-0.008089103735983372,-0.24822203814983368,0.0,0.0,-0.6779476965227783,-0.7054010746718878,0.2897797226905823,0.09907660633325577,0.0,0.0,0.0,0.0
11.931386709213257,-1.504969596862793,1.8901597261428833,0.0,0.0,-0.008089103735983372,-0.24822203814983368,0.0,0.0,-0.6779476965227783,-0.7054010746718878,0.2897797226905823,0.09907660633325577,0.0,0.0,0.0,0.0
11.932857036590576,-1.504969596862793,1.8901597261428833,0.0,0.0,-0.008089103735983372,-0.24822203814983368,0.0,0.0,-0.6779476965227783,-0.7054010746718878,0.2897797226905823,0.09907660633325577,0.0,0.0,0.0,0.0
11.934310674667358,-1.504969596862793,1.8901597261428833,0.0,0.0,-0.008089103735983372,-0.24822203814983368,0.0,0.0,-0.6779476965227783,-0.7054010746718878,0.2897797226905823,0.09907660633325577,0.0,0.0,0.0,0.0
11.93577265739441,-1.504969596862793,1.8901597261428833,0.0,0.0,-0.008089103735983372,-0.24822203814983368,0.0,0.0,-0.6779476965227783,-0.7054010746718878,0.2897797226905823,0.09907660633325577,0.0,0.0,0.0,0.0
11.937316179275513,-1.504969596862793,1.8901597261428833,0.0,0.0,-0.008089103735983372,-0.24822203814983368,0.0,0.0,-0.6779476965227783,-0.7054010746718878,0.2897797226905823,0.09907660633325577,0.0,0.0,0.0,0.0
11.939045906066895,-1.504969596862793,1.8901597261428833,0.0,0.0,-0.008089103735983372,-0.24822203814983368,0.0,0.0,-0.6779476965227783,-0.7054010746718878,0.2897797226905823,0.09907660633325577,0.0,0.0,0.0,0.0
11.941162824630737,-1.504969596862793,1.8901597261428833,0.0,0.0,-0.008089103735983372,-0.24822203814983368,0.0,0.0,-0.6779476965227783,-0.7054010746718878,0.2897797226905823,0.09907660633325577,0.0,0.0,0.0,0.0
11.942622423171997,-1.504969596862793,1.8901597261428833,0.0,0.0,-0.008089103735983372,-0.24822203814983368,0.0,0.0,-0.6779476965227783,-0.7054010746718878,0.2897797226905823,0.09907660633325577,0.0,0.0,0.0,0.0
11.944021463394165,-1.504969596862793,1.8901597261428833,0.0,0.0,-0.008089103735983372,-0.24822203814983368,0.0,0.0,-0.6779476965227783,-0.7054010746718878,0.2897797226905823,0.09907660633325577,0.0,0.0,0.0,0.0
11.945492029190063,-1.504969596862793,1.8901597261428833,0.0,0.0,-0.008089103735983372,-0.24822203814983368,0.0,0.0,-0.6779476965227783,-0.7054010746718878,0.2897797226905823,0.09907660633325577,0.0,0.0,0.0,0.0
11.946844816207886,-1.504969596862793,1.8901597261428833,0.0,0.0,-0.008089103735983372,-0.24822203814983368,0.0,0.0,-0.6779476965227783,-0.7054010746718878,0.2897797226905823,0.09907660633325577,0.0,0.0,0.0,0.0
11.948193311691284,-1.504969596862793,1.8901597261428833,0.0,0.0,-0.008089103735983372,-0.24822203814983368,0.0,0.0,-0.6779476965227783,-0.7054010746718878,0.2897797226905823,0.09907660633325577,0.0,0.0,0.0,0.0
11.949590682983398,-1.504969596862793,1.8901597261428833,0.0,0.0,-0.008089103735983372,-0.24822203814983368,0.0,0.0,-0.6779476965227783,-0.7054010746718878,0.2897797226905823,0.09907660633325577,0.0,0.0,0.0,0.0
11.950986385345459,-1.504969596862793,1.8901597261428833,0.0,0.0,-0.008089103735983372,-0.24822203814983368,0.0,0.0,-0.6779476965227783,-0.7054010746718878,0.2897797226905823,0.09907660633325577,0.0,0.0,0.0,0.0
11.952424764633179,-1.504969596862793,1.8901597261428833,0.0,0.0,-0.008089103735983372,-0.24822203814983368,0.0,0.0,-0.6779476965227783,-0.7054010746718878,0.2897797226905823,0.09907660633325577,0.0,0.0,0.0,0.0
11.954262733459473,-1.504969596862793,1.8901597261428833,0.0,0.0,-0.008089103735983372,-0.24822203814983368,0.0,0.0,-0.6779476965227783,-0.7054010746718878,0.2897797226905823,0.09907660633325577,0.0,0.0,0.0,0.0
11.955745935440063,-1.504969596862793,1.8901597261428833,0.0,0.0,-0.008089103735983372,-0.24822203814983368,0.0,0.0,-0.6779476965227783,-0.7054010746718878,0.2897797226905823,0.09907660633325577,0.0,0.0,0.0,0.0
11.957247734069824,-1.504969596862793,1.8901597261428833,0.0,0.0,-0.008089103735983372,-0.24822203814983368,0.0,0.0,-0.6779476965227783,-0.7054010746718878,0.2897797226905823,0.09907660633325577,0.0,0.0,0.0,0.0
11.958781003952026,-1.504969596862793,1.8901597261428833,0.0,0.0,-0.008089103735983372,-0.24822203814983368,0.0,0.0,-0.6779476965227783,-0.7054010746718878,0.2897797226905823,0.09907660633325577,0.0,0.0,0.0,0.0
11.960317850112915,-1.504969596862793,1.8901597261428833,0.0,0.0,-0.008089103735983372,-0.24822203814983368,0.0,0.0,-0.6779476965227783,-0.7054010746718878,0.2897797226905823,0.09907660633325577,0.0,0.0,0.0,0.0
11.961812019348145,-1.504969596862793,1.8901597261428833,0.0,0.0,-0.008089103735983372,-0.24822203814983368,0.0,0.0,-0.6779476965227783,-0.7054010746718878,0.2897797226905823,0.09907660633325577,0.0,0.0,0.0,0.0
11.963855028152466,-1.504969596862793,1.8901597261428833,0.0,0.0,-0.008089103735983372,-0.24822203814983368,0.0,0.0,-0.6779476965227783,-0.7054010746718878,0.2897797226905823,0.09907660633325577,0.0,0.0,0.0,0.0
11.965335130691528,-1.504969596862793,1.8901597261428833,0.0,0.0,-0.008089103735983372,-0.24822203814983368,0.0,0.0,-0.6779476965227783,-0.7054010746718878,0.2897797226905823,0.09907660633325577,0.0,0.0,0.0,0.0
11.966787338256836,-1.504969596862793,1.8901597261428833,0.0,0.0,-0.008089103735983372,-0.24822203814983368,0.0,0.0,-0.6779476965227783,-0.7054010746718878,0.2897797226905823,0.09907660633325577,0.0,0.0,0.0,0.0
11.96865439414978,-1.504969596862793,1.8901597261428833,0.0,0.0,-0.008089103735983372,-0.24822203814983368,0.0,0.0,-0.6779476965227783,-0.7054010746718878,0.2897797226905823,0.09907660633325577,0.0,0.0,0.0,0.0
11.970144987106323,-1.504969596862793,1.8901597261428833,0.0,0.0,-0.008089103735983372,-0.24822203814983368,0.0,0.0,-0.6779476965227783,-0.7054010746718878,0.2897797226905823,0.09907660633325577,0.0,0.0,0.0,0.0
11.971701383590698,-1.504969596862793,1.8901597261428833,0.0,0.0,-0.008089103735983372,-0.24822203814983368,0.0,0.0,-0.6779476965227783,-0.7054010746718878,0.2897797226905823,0.09907660633325577,0.0,0.0,0.0,0.0
11.973522424697876,-1.504969596862793,1.8901597261428833,0.0,0.0,-0.008089103735983372,-0.24822203814983368,0.0,0.0,-0.6779476965227783,-0.7054010746718878,0.2897797226905823,0.09907660633325577,0.0,0.0,0.0,0.0
11.97559380531311,-1.504969596862793,1.8901597261428833,0.0,0.0,-0.008089103735983372,-0.24822203814983368,0.0,0.0,-0.6779476965227783,-0.7054010746718878,0.2897797226905823,0.09907660633325577,0.0,0.0,0.0,0.0
11.977309942245483,-1.504969596862793,1.8901597261428833,0.0,0.0,-0.008089103735983372,-0.24822203814983368,0.0,0.0,-0.6779476965227783,-0.7054010746718878,0.2897797226905823,0.09907660633325577,0.0,0.0,0.0,0.0
11.97970461845398,-1.504969596862793,1.8901597261428833,0.0,0.0,-0.008089103735983372,-0.24822203814983368,0.0,0.0,-0.6779476965227783,-0.7054010746718878,0.2897797226905823,0.09907660633325577,0.0,0.0,0.0,0.0
11.981552124023438,-1.504969596862793,1.8901597261428833,0.0,0.0,-0.008089103735983372,-0.24822203814983368,0.0,0.0,-0.6779476965227783,-0.7054010746718878,0.2897797226905823,0.09907660633325577,0.0,0.0,0.0,0.0
11.984419345855713,-1.504969596862793,1.8901597261428833,0.0,0.0,-0.008089103735983372,-0.24822203814983368,0.0,0.0,-0.6779476965227783,-0.7054010746718878,0.2897797226905823,0.09907660633325577,0.0,0.0,0.0,0.0
11.98642373085022,-1.504969596862793,1.8901597261428833,0.0,0.0,-0.008089103735983372,-0.24822203814983368,0.0,0.0,-0.6779476965227783,-0.7054010746718878,0.2897797226905823,0.09907660633325577,0.0,0.0,0.0,0.0
11.988292932510376,-1.504969596862793,1.8901597261428833,0.0,0.0,-0.008089103735983372,-0.24822203814983368,0.0,0.0,-0.6779476965227783,-0.7054010746718878,0.2897797226905823,0.09907660633325577,0.0,0.0,0.0,0.0
11.990467071533203,-1.504969596862793,1.8901597261428833,0.0,0.0,-0.008089103735983372,-0.24822203814983368,0.0,0.0,-0.6779476965227783,-0.7054010746718878,0.2897797226905823,0.09907660633325577,0.0,0.0,0.0,0.0
11.992690563201904,-1.504969596862793,1.8901597261428833,0.0,0.0,-0.008089103735983372,-0.24822203814983368,0.0,0.0,-0.6779476965227783,-0.7054010746718878,0.2897797226905823,0.09907660633325577,0.0,0.0,0.0,0.0
11.994497299194336,-1.504969596862793,1.8901597261428833,0.0,0.0,-0.008089103735983372,-0.24822203814983368,0.0,0.0,-0.6779476965227783,-0.7054010746718878,0.2897797226905823,0.09907660633325577,0.0,0.0,0.0,0.0
11.996579885482788,-1.504969596862793,1.8901597261428833,0.0,0.0,-0.008089103735983372,-0.24822203814983368,0.0,0.0,-0.6779476965227783,-0.7054010746718878,0.2897797226905823,0.09907660633325577,0.0,0.0,0.0,0.0
11.998708486557007,-1.504969596862793,1.8901597261428833,0.0,0.0,-0.008089103735983372,-0.24822203814983368,0.0,0.0,-0.6779476965227783,-0.7054010746718878,0.2897797226905823,0.09907660633325577,0.0,0.0,0.0,0.0
12.000310182571411,-1.504969596862793,1.8901597261428833,0.0,0.0,-0.008089103735983372,-0.24822203814983368,0.0,0.0,-0.6779476965227783,-0.7054010746718878,0.2897797226905823,0.09907660633325577,0.0,0.0,0.0,0.0
12.001861810684204,-1.504969596862793,1.8901597261428833,0.0,0.0,-0.008089103735983372,-0.24822203814983368,0.0,0.0,-0.6779476965227783,-0.7054010746718878,0.2897797226905823,0.09907660633325577,0.0,0.0,0.0,0.0
12.003367185592651,-1.504969596862793,1.8901597261428833,0.0,0.0,-0.008089103735983372,-0.24822203814983368,0.0,0.0,-0.6779476965227783,-0.7054010746718878,0.2897797226905823,0.09907660633325577,0.0,0.0,0.0,0.0
12.0048348903656,-1.504969596862793,1.8901597261428833,0.0,0.0,-0.008089103735983372,-0.24822203814983368,0.0,0.0,-0.6779476965227783,-0.7054010746718878,0.2897797226905823,0.09907660633325577,0.0,0.0,0.0,0.0
12.006445169448853,-1.504969596862793,1.8901597261428833,0.0,0.0,-0.008089103735983372,-0.24822203814983368,0.0,0.0,-0.6779476965227783,-0.7054010746718878,0.2897797226905823,0.09907660633325577,0.0,0.0,0.0,0.0
12.008175611495972,-1.504969596862793,1.8901597261428833,0.0,0.0,-0.008089103735983372,-0.24822203814983368,0.0,0.0,-0.6779476965227783,-0.7054010746718878,0.2897797226905823,0.09907660633325577,0.0,0.0,0.0,0.0
12.009633541107178,-1.504969596862793,1.8901597261428833,0.0,0.0,-0.008089103735983372,-0.24822203814983368,0.0,0.0,-0.6779476965227783,-0.7054010746718878,0.2897797226905823,0.09907660633325577,0.0,0.0,0.0,0.0
12.01119089126587,-1.504969596862793,1.8901597261428833,0.0,0.0,-0.008089103735983372,-0.24822203814983368,0.0,0.0,-0.6779476965227783,-0.7054010746718878,0.2897797226905823,0.09907660633325577,0.0,0.0,0.0,0.0
12.012642860412598,-1.504969596862793,1.8901597261428833,0.0,0.0,-0.008089103735983372,-0.24822203814983368,0.0,0.0,-0.6779476965227783,-0.7054010746718878,0.2897797226905823,0.09907660633325577,0.0,0.0,0.0,0.0
12.014335870742798,-1.504969596862793,1.8901597261428833,0.0,0.0,-0.008089103735983372,-0.24822203814983368,0.0,0.0,-0.6779476965227783,-0.7054010746718878,0.2897797226905823,0.09907660633325577,0.0,0.0,0.0,0.0
12.015907764434814,-1.504969596862793,1.8901597261428833,0.0,0.0,-0.008089103735983372,-0.24822203814983368,0.0,0.0,-0.6779476965227783,-0.7054010746718878,0.2897797226905823,0.09907660633325577,0.0,0.0,0.0,0.0
12.01742696762085,-1.504969596862793,1.8901597261428833,0.0,0.0,-0.008089103735983372,-0.24822203814983368,0.0,0.0,-0.6779476965227783,-0.7054010746718878,0.2897797226905823,0.09907660633325577,0.0,0.0,0.0,0.0
12.01927375793457,-1.504969596862793,1.8901597261428833,0.0,0.0,-0.008089103735983372,-0.24822203814983368,0.0,0.0,-0.6779476965227783,-0.7054010746718878,0.2897797226905823,0.09907660633325577,0.0,0.0,0.0,0.0
12.02117371559143,-1.504969596862793,1.8901597261428833,0.0,0.0,-0.008089103735983372,-0.24822203814983368,0.0,0.0,-0.6779476965227783,-0.7054010746718878,0.2897797226905823,0.09907660633325577,0.0,0.0,0.0,0.0
12.022731065750122,-1.504969596862793,1.8901597261428833,0.0,0.0,-0.008089103735983372,-0.24822203814983368,0.0,0.0,-0.6779476965227783,-0.7054010746718878,0.2897797226905823,0.09907660633325577,0.0,0.0,0.0,0.0
12.025207757949829,-1.504969596862793,1.8901597261428833,0.0,0.0,-0.008089103735983372,-0.24822203814983368,0.0,0.0,-0.6779476965227783,-0.7054010746718878,0.2897797226905823,0.09907660633325577,0.0,0.0,0.0,0.0
12.027106285095215,-1.504969596862793,1.8901597261428833,0.0,0.0,-0.008089103735983372,-0.24822203814983368,0.0,0.0,-0.6779476965227783,-0.7054010746718878,0.2897797226905823,0.09907660633325577,0.0,0.0,0.0,0.0
12.028714895248413,-1.504969596862793,1.8901597261428833,0.0,0.0,-0.008089103735983372,-0.24822203814983368,0.0,0.0,-0.6779476965227783,-0.7054010746718878,0.2897797226905823,0.09907660633325577,0.0,0.0,0.0,0.0
12.030166149139404,-1.504969596862793,1.8901597261428833,0.0,0.0,-0.008089103735983372,-0.24822203814983368,0.0,0.0,-0.6779476965227783,-0.7054010746718878,0.2897797226905823,0.09907660633325577,0.0,0.0,0.0,0.0
12.03170132637024,-1.504969596862793,1.8901597261428833,0.0,0.0,-0.008089103735983372,-0.24822203814983368,0.0,0.0,-0.6779476965227783,-0.7054010746718878,0.2897797226905823,0.09907660633325577,0.0,0.0,0.0,0.0
12.0331711769104,-1.504969596862793,1.8901597261428833,0.0,0.0,-0.008089103735983372,-0.24822203814983368,0.0,0.0,-0.6779476965227783,-0.7054010746718878,0.2897797226905823,0.09907660633325577,0.0,0.0,0.0,0.0
12.034936428070068,-1.504969596862793,1.8901597261428833,0.0,0.0,-0.008089103735983372,-0.24822203814983368,0.0,0.0,-0.6779476965227783,-0.7054010746718878,0.2897797226905823,0.09907660633325577,0.0,0.0,0.0,0.0
12.037221670150757,-1.504969596862793,1.8901597261428833,0.0,0.0,-0.008089103735983372,-0.24822203814983368,0.0,0.0,-0.6779476965227783,-0.7054010746718878,0.2897797226905823,0.09907660633325577,0.0,0.0,0.0,0.0
12.0405433177948,-1.504969596862793,1.8901597261428833,0.0,0.0,-0.008089103735983372,-0.24822203814983368,0.0,0.0,-0.6779476965227783,-0.7054010746718878,0.2897797226905823,0.09907660633325577,0.0,0.0,0.0,0.0
12.042436838150024,-1.504969596862793,1.8901597261428833,0.0,0.0,-0.008089103735983372,-0.24822203814983368,0.0,0.0,-0.6779476965227783,-0.7054010746718878,0.2897797226905823,0.09907660633325577,0.0,0.0,0.0,0.0
12.044502258300781,-1.504969596862793,1.8901597261428833,0.0,0.0,-0.008089103735983372,-0.24822203814983368,0.0,0.0,-0.6779476965227783,-0.7054010746718878,0.2897797226905823,0.09907660633325577,0.0,0.0,0.0,0.0
12.046509027481079,-1.504969596862793,1.8901597261428833,0.0,0.0,-0.008089103735983372,-0.24822203814983368,0.0,0.0,-0.6779476965227783,-0.7054010746718878,0.2897797226905823,0.09907660633325577,0.0,0.0,0.0,0.0
12.049790859222412,-1.504969596862793,1.8901597261428833,0.0,0.0,-0.008089103735983372,-0.24822203814983368,0.0,0.0,-0.6779476965227783,-0.7054010746718878,0.2897797226905823,0.09907660633325577,0.0,0.0,0.0,0.0
12.051687717437744,-1.504969596862793,1.8901597261428833,0.0,0.0,-0.008089103735983372,-0.24822203814983368,0.0,0.0,-0.6779476965227783,-0.7054010746718878,0.2897797226905823,0.09907660633325577,0.0,0.0,0.0,0.0
12.054250717163086,-1.504969596862793,1.8901597261428833,0.0,0.0,-0.008089103735983372,-0.24822203814983368,0.0,0.0,-0.6779476965227783,-0.7054010746718878,0.2897797226905823,0.09907660633325577,0.0,0.0,0.0,0.0
12.056493997573853,-1.504969596862793,1.8901597261428833,0.0,0.0,-0.008089103735983372,-0.24822203814983368,0.0,0.0,-0.6779476965227783,-0.7054010746718878,0.2897797226905823,0.09907660633325577,0.0,0.0,0.0,0.0
12.05804705619812,-1.504969596862793,1.8901597261428833,0.0,0.0,-0.008089103735983372,-0.24822203814983368,0.0,0.0,-0.6779476965227783,-0.7054010746718878,0.2897797226905823,0.09907660633325577,0.0,0.0,0.0,0.0
12.060513019561768,-1.504969596862793,1.8901597261428833,0.0,0.0,-0.008089103735983372,-0.24822203814983368,0.0,0.0,-0.6779476965227783,-0.7054010746718878,0.2897797226905823,0.09907660633325577,0.0,0.0,0.0,0.0
12.062099933624268,-1.504969596862793,1.8901597261428833,0.0,0.0,-0.008089103735983372,-0.24822203814983368,0.0,0.0,-0.6779476965227783,-0.7054010746718878,0.2897797226905823,0.09907660633325577,0.0,0.0,0.0,0.0
12.063780307769775,-1.504969596862793,1.8901597261428833,0.0,0.0,-0.008089103735983372,-0.24822203814983368,0.0,0.0,-0.6779476965227783,-0.7054010746718878,0.2897797226905823,0.09907660633325577,0.0,0.0,0.0,0.0
12.065800189971924,-1.504969596862793,1.8901597261428833,0.0,0.0,-0.008089103735983372,-0.24822203814983368,0.0,0.0,-0.6779476965227783,-0.7054010746718878,0.2897797226905823,0.09907660633325577,0.0,0.0,0.0,0.0
12.067987442016602,-1.504969596862793,1.8901597261428833,0.0,0.0,-0.008089103735983372,-0.24822203814983368,0.0,0.0,-0.6779476965227783,-0.7054010746718878,0.2897797226905823,0.09907660633325577,0.0,0.0,0.0,0.0
12.070029735565186,-1.504969596862793,1.8901597261428833,0.0,0.0,-0.008089103735983372,-0.24822203814983368,0.0,0.0,-0.6779476965227783,-0.7054010746718878,0.2897797226905823,0.09907660633325577,0.0,0.0,0.0,0.0
12.071943283081055,-1.504969596862793,1.8901597261428833,0.0,0.0,-0.008089103735983372,-0.24822203814983368,0.0,0.0,-0.6779476965227783,-0.7054010746718878,0.2897797226905823,0.09907660633325577,0.0,0.0,0.0,0.0
12.073759317398071,-1.504969596862793,1.8901597261428833,0.0,0.0,-0.008089103735983372,-0.24822203814983368,0.0,0.0,-0.6779476965227783,-0.7054010746718878,0.2897797226905823,0.09907660633325577,0.0,0.0,0.0,0.0
12.075258493423462,-1.504969596862793,1.8901597261428833,0.0,0.0,-0.008089103735983372,-0.24822203814983368,0.0,0.0,-0.6779476965227783,-0.7054010746718878,0.2897797226905823,0.09907660633325577,0.0,0.0,0.0,0.0
12.07660961151123,-1.504969596862793,1.8901597261428833,0.0,0.0,-0.008089103735983372,-0.24822203814983368,0.0,0.0,-0.6779476965227783,-0.7054010746718878,0.2897797226905823,0.09907660633325577,0.0,0.0,0.0,0.0
12.078291177749634,-1.504969596862793,1.8901597261428833,0.0,0.0,-0.008089103735983372,-0.24822203814983368,0.0,0.0,-0.6779476965227783,-0.7054010746718878,0.2897797226905823,0.09907660633325577,0.0,0.0,0.0,0.0
12.079625844955444,-1.504969596862793,1.8901597261428833,0.0,0.0,-0.008089103735983372,-0.24822203814983368,0.0,0.0,-0.6779476965227783,-0.7054010746718878,0.2897797226905823,0.09907660633325577,0.0,0.0,0.0,0.0
12.080928802490234,-1.504969596862793,1.8901597261428833,0.0,0.0,-0.008089103735983372,-0.24822203814983368,0.0,0.0,-0.6779476965227783,-0.7054010746718878,0.2897797226905823,0.09907660633325577,0.0,0.0,0.0,0.0
12.082643747329712,-1.504969596862793,1.8901597261428833,0.0,0.0,-0.008089103735983372,-0.24822203814983368,0.0,0.0,-0.6779476965227783,-0.7054010746718878,0.2897797226905823,0.09907660633325577,0.0,0.0,0.0,0.0
12.083937406539917,-1.504969596862793,1.8901597261428833,0.0,0.0,-0.008089103735983372,-0.24822203814983368,0.0,0.0,-0.6779476965227783,-0.7054010746718878,0.2897797226905823,0.09907660633325577,0.0,0.0,0.0,0.0
12.08549427986145,-1.504969596862793,1.8901597261428833,0.0,0.0,-0.008089103735983372,-0.24822203814983368,0.0,0.0,-0.6779476965227783,-0.7054010746718878,0.2897797226905823,0.09907660633325577,0.0,0.0,0.0,0.0
12.087530136108398,-1.504969596862793,1.8901597261428833,0.0,0.0,-0.008089103735983372,-0.24822203814983368,0.0,0.0,-0.6779476965227783,-0.7054010746718878,0.2897797226905823,0.09907660633325577,0.0,0.0,0.0,0.0
12.089402437210083,-1.504969596862793,1.8901597261428833,0.0,0.0,-0.008089103735983372,-0.24822203814983368,0.0,0.0,-0.6779476965227783,-0.7054010746718878,0.2897797226905823,0.09907660633325577,0.0,0.0,0.0,0.0
12.091416120529175,-1.504969596862793,1.8901597261428833,0.0,0.0,-0.008089103735983372,-0.24822203814983368,0.0,0.0,-0.6779476965227783,-0.7054010746718878,0.2897797226905823,0.09907660633325577,0.0,0.0,0.0,0.0
12.092883348464966,-1.504969596862793,1.8901597261428833,0.0,0.0,-0.008089103735983372,-0.24822203814983368,0.0,0.0,-0.6779476965227783,-0.7054010746718878,0.2897797226905823,0.09907660633325577,0.0,0.0,0.0,0.0
12.094269037246704,-1.504969596862793,1.8901597261428833,0.0,0.0,-0.008089103735983372,-0.24822203814983368,0.0,0.0,-0.6779476965227783,-0.7054010746718878,0.2897797226905823,0.09907660633325577,0.0,0.0,0.0,0.0
12.095606803894043,-1.504969596862793,1.8901597261428833,0.0,0.0,-0.008089103735983372,-0.24822203814983368,0.0,0.0,-0.6779476965227783,-0.7054010746718878,0.2897797226905823,0.09907660633325577,0.0,0.0,0.0,0.0
12.096965789794922,-1.504969596862793,1.8901597261428833,0.0,0.0,-0.008089103735983372,-0.24822203814983368,0.0,0.0,-0.6779476965227783,-0.7054010746718878,0.2897797226905823,0.09907660633325577,0.0,0.0,0.0,0.0
12.098795175552368,-1.504969596862793,1.8901597261428833,0.0,0.0,-0.008089103735983372,-0.24822203814983368,0.0,0.0,-0.6779476965227783,-0.7054010746718878,0.2897797226905823,0.09907660633325577,0.0,0.0,0.0,0.0
12.100221395492554,-1.504969596862793,1.8901597261428833,0.0,0.0,-0.008089103735983372,-0.24822203814983368,0.0,0.0,-0.6779476965227783,-0.7054010746718878,0.2897797226905823,0.09907660633325577,0.0,0.0,0.0,0.0
12.101680278778076,-1.504969596862793,1.8901597261428833,0.0,0.0,-0.008089103735983372,-0.24822203814983368,0.0,0.0,-0.6779476965227783,-0.7054010746718878,0.2897797226905823,0.09907660633325577,0.0,0.0,0.0,0.0
12.103002071380615,-1.504969596862793,1.8901597261428833,0.0,0.0,-0.008089103735983372,-0.24822203814983368,0.0,0.0,-0.6779476965227783,-0.7054010746718878,0.2897797226905823,0.09907660633325577,0.0,0.0,0.0,0.0
12.104323625564575,-1.504969596862793,1.8901597261428833,0.0,0.0,-0.008089103735983372,-0.24822203814983368,0.0,0.0,-0.6779476965227783,-0.7054010746718878,0.2897797226905823,0.09907660633325577,0.0,0.0,0.0,0.0
12.105660676956177,-1.504969596862793,1.8901597261428833,0.0,0.0,-0.008089103735983372,-0.24822203814983368,0.0,0.0,-0.6779476965227783,-0.7054010746718878,0.2897797226905823,0.09907660633325577,0.0,0.0,0.0,0.0
12.107041120529175,-1.504969596862793,1.8901597261428833,0.0,0.0,-0.008089103735983372,-0.24822203814983368,0.0,0.0,-0.6779476965227783,-0.7054010746718878,0.2897797226905823,0.09907660633325577,0.0,0.0,0.0,0.0
12.109829425811768,-1.504969596862793,1.8901597261428833,0.0,0.0,-0.008089103735983372,-0.24822203814983368,0.0,0.0,-0.6779476965227783,-0.7054010746718878,0.2897797226905823,0.09907660633325577,0.0,0.0,0.0,0.0
12.111563444137573,-1.504969596862793,1.8901597261428833,0.0,0.0,-0.008089103735983372,-0.24822203814983368,0.0,0.0,-0.6779476965227783,-0.7054010746718878,0.2897797226905823,0.09907660633325577,0.0,0.0,0.0,0.0
12.112949132919312,-1.504969596862793,1.8901597261428833,0.0,0.0,-0.008089103735983372,-0.24822203814983368,0.0,0.0,-0.6779476965227783,-0.7054010746718878,0.2897797226905823,0.09907660633325577,0.0,0.0,0.0,0.0
12.114383220672607,-1.504969596862793,1.8901597261428833,0.0,0.0,-0.008089103735983372,-0.24822203814983368,0.0,0.0,-0.6779476965227783,-0.7054010746718878,0.2897797226905823,0.09907660633325577,0.0,0.0,0.0,0.0
12.115712404251099,-1.504969596862793,1.8901597261428833,0.0,0.0,-0.008089103735983372,-0.24822203814983368,0.0,0.0,-0.6779476965227783,-0.7054010746718878,0.2897797226905823,0.09907660633325577,0.0,0.0,0.0,0.0
12.117027044296265,-1.504969596862793,1.8901597261428833,0.0,0.0,-0.008089103735983372,-0.24822203814983368,0.0,0.0,-0.6779476965227783,-0.7054010746718878,0.2897797226905823,0.09907660633325577,0.0,0.0,0.0,0.0
12.118326663970947,-1.504969596862793,1.8901597261428833,0.0,0.0,-0.008089103735983372,-0.24822203814983368,0.0,0.0,-0.6779476965227783,-0.7054010746718878,0.2897797226905823,0.09907660633325577,0.0,0.0,0.0,0.0
12.1200590133667,-1.504969596862793,1.8901597261428833,0.0,0.0,-0.008089103735983372,-0.24822203814983368,0.0,0.0,-0.6779476965227783,-0.7054010746718878,0.2897797226905823,0.09907660633325577,0.0,0.0,0.0,0.0
12.121499061584473,-1.504969596862793,1.8901597261428833,0.0,0.0,-0.008089103735983372,-0.24822203814983368,0.0,0.0,-0.6779476965227783,-0.7054010746718878,0.2897797226905823,0.09907660633325577,0.0,0.0,0.0,0.0
12.123263597488403,-1.504969596862793,1.8901597261428833,0.0,0.0,-0.008089103735983372,-0.24822203814983368,0.0,0.0,-0.6779476965227783,-0.7054010746718878,0.2897797226905823,0.09907660633325577,0.0,0.0,0.0,0.0
12.12601923942566,-1.504969596862793,1.8901597261428833,0.0,0.0,-0.008089103735983372,-0.24822203814983368,0.0,0.0,-0.6779476965227783,-0.7054010746718878,0.2897797226905823,0.09907660633325577,0.0,0.0,0.0,0.0
12.128154277801514,-1.504969596862793,1.8901597261428833,0.0,0.0,-0.008089103735983372,-0.24822203814983368,0.0,0.0,-0.6779476965227783,-0.7054010746718878,0.2897797226905823,0.09907660633325577,0.0,0.0,0.0,0.0
12.130438804626465,-1.504969596862793,1.8901597261428833,0.0,0.0,-0.008089103735983372,-0.24822203814983368,0.0,0.0,-0.6779476965227783,-0.7054010746718878,0.2897797226905823,0.09907660633325577,0.0,0.0,0.0,0.0
12.132459163665771,-1.504969596862793,1.8901597261428833,0.0,0.0,-0.008089103735983372,-0.24822203814983368,0.0,0.0,-0.6779476965227783,-0.7054010746718878,0.2897797226905823,0.09907660633325577,0.0,0.0,0.0,0.0
12.13429880142212,-1.504969596862793,1.8901597261428833,0.0,0.0,-0.008089103735983372,-0.24822203814983368,0.0,0.0,-0.6779476965227783,-0.7054010746718878,0.2897797226905823,0.09907660633325577,0.0,0.0,0.0,0.0
12.136072874069214,-1.504969596862793,1.8901597261428833,0.0,0.0,-0.008089103735983372,-0.24822203814983368,0.0,0.0,-0.6779476965227783,-0.7054010746718878,0.2897797226905823,0.09907660633325577,0.0,0.0,0.0,0.0
12.138201236724854,-1.504969596862793,1.8901597261428833,0.0,0.0,-0.008089103735983372,-0.24822203814983368,0.0,0.0,-0.6779476965227783,-0.7054010746718878,0.2897797226905823,0.09907660633325577,0.0,0.0,0.0,0.0
12.14030408859253,-1.504969596862793,1.8901597261428833,0.0,0.0,-0.008089103735983372,-0.24822203814983368,0.0,0.0,-0.6779476965227783,-0.7054010746718878,0.2897797226905823,0.09907660633325577,0.0,0.0,0.0,0.0
12.142172574996948,-1.504969596862793,1.8901597261428833,0.0,0.0,-0.008089103735983372,-0.24822203814983368,0.0,0.0,-0.6779476965227783,-0.7054010746718878,0.2897797226905823,0.09907660633325577,0.0,0.0,0.0,0.0
12.143736600875854,-1.504969596862793,1.8901597261428833,0.0,0.0,-0.008089103735983372,-0.24822203814983368,0.0,0.0,-0.6779476965227783,-0.7054010746718878,0.2897797226905823,0.09907660633325577,0.0,0.0,0.0,0.0
12.145170450210571,-1.504969596862793,1.8901597261428833,0.0,0.0,-0.008089103735983372,-0.24822203814983368,0.0,0.0,-0.6779476965227783,-0.7054010746718878,0.2897797226905823,0.09907660633325577,0.0,0.0,0.0,0.0
12.14685320854187,-1.504969596862793,1.8901597261428833,0.0,0.0,-0.008089103735983372,-0.24822203814983368,0.0,0.0,-0.6779476965227783,-0.7054010746718878,0.2897797226905823,0.09907660633325577,0.0,0.0,0.0,0.0
12.149324655532837,-1.504969596862793,1.8901597261428833,0.0,0.0,-0.008089103735983372,-0.24822203814983368,0.0,0.0,-0.6779476965227783,-0.7054010746718878,0.2897797226905823,0.09907660633325577,0.0,0.0,0.0,0.0
12.150729417800903,-1.504969596862793,1.8901597261428833,0.0,0.0,-0.008089103735983372,-0.24822203814983368,0.0,0.0,-0.6779476965227783,-0.7054010746718878,0.2897797226905823,0.09907660633325577,0.0,0.0,0.0,0.0
12.152119636535645,-1.504969596862793,1.8901597261428833,0.0,0.0,-0.008089103735983372,-0.24822203814983368,0.0,0.0,-0.6779476965227783,-0.7054010746718878,0.2897797226905823,0.09907660633325577,0.0,0.0,0.0,0.0
12.15416169166565,-1.504969596862793,1.8901597261428833,0.0,0.0,-0.008089103735983372,-0.24822203814983368,0.0,0.0,-0.6779476965227783,-0.7054010746718878,0.2897797226905823,0.09907660633325577,0.0,0.0,0.0,0.0
12.155735731124878,-1.504969596862793,1.8901597261428833,0.0,0.0,-0.008089103735983372,-0.24822203814983368,0.0,0.0,-0.6779476965227783,-0.7054010746718878,0.2897797226905823,0.09907660633325577,0.0,0.0,0.0,0.0
12.157455205917358,-1.504969596862793,1.8901597261428833,0.0,0.0,-0.008089103735983372,-0.24822203814983368,0.0,0.0,-0.6779476965227783,-0.7054010746718878,0.2897797226905823,0.09907660633325577,0.0,0.0,0.0,0.0
12.158848524093628,-1.504969596862793,1.8901597261428833,0.0,0.0,-0.008089103735983372,-0.24822203814983368,0.0,0.0,-0.6779476965227783,-0.7054010746718878,0.2897797226905823,0.09907660633325577,0.0,0.0,0.0,0.0
12.160666465759277,-1.504969596862793,1.8901597261428833,0.0,0.0,-0.008089103735983372,-0.24822203814983368,0.0,0.0,-0.6779476965227783,-0.7054010746718878,0.2897797226905823,0.09907660633325577,0.0,0.0,0.0,0.0
12.162054538726807,-1.504969596862793,1.8901597261428833,0.0,0.0,-0.008089103735983372,-0.24822203814983368,0.0,0.0,-0.6779476965227783,-0.7054010746718878,0.2897797226905823,0.09907660633325577,0.0,0.0,0.0,0.0
12.163461208343506,-1.504969596862793,1.8901597261428833,0.0,0.0,-0.008089103735983372,-0.24822203814983368,0.0,0.0,-0.6779476965227783,-0.7054010746718878,0.2897797226905823,0.09907660633325577,0.0,0.0,0.0,0.0
12.164844274520874,-1.504969596862793,1.8901597261428833,0.0,0.0,-0.008089103735983372,-0.24822203814983368,0.0,0.0,-0.6779476965227783,-0.7054010746718878,0.2897797226905823,0.09907660633325577,0.0,0.0,0.0,0.0
12.166216373443604,-1.504969596862793,1.8901597261428833,0.0,0.0,-0.008089103735983372,-0.24822203814983368,0.0,0.0,-0.6779476965227783,-0.7054010746718878,0.2897797226905823,0.09907660633325577,0.0,0.0,0.0,0.0
12.167610168457031,-1.504969596862793,1.8901597261428833,0.0,0.0,-0.008089103735983372,-0.24822203814983368,0.0,0.0,-0.6779476965227783,-0.7054010746718878,0.2897797226905823,0.09907660633325577,0.0,0.0,0.0,0.0
12.169047117233276,-1.504969596862793,1.8901597261428833,0.0,0.0,-0.008089103735983372,-0.24822203814983368,0.0,0.0,-0.6779476965227783,-0.7054010746718878,0.2897797226905823,0.09907660633325577,0.0,0.0,0.0,0.0
12.170429229736328,-1.504969596862793,1.8901597261428833,0.0,0.0,-0.008089103735983372,-0.24822203814983368,0.0,0.0,-0.6779476965227783,-0.7054010746718878,0.2897797226905823,0.09907660633325577,0.0,0.0,0.0,0.0
12.171844959259033,-1.504969596862793,1.8901597261428833,0.0,0.0,-0.008089103735983372,-0.24822203814983368,0.0,0.0,-0.6779476965227783,-0.7054010746718878,0.2897797226905823,0.09907660633325577,0.0,0.0,0.0,0.0
12.173216819763184,-1.504969596862793,1.8901597261428833,0.0,0.0,-0.008089103735983372,-0.24822203814983368,0.0,0.0,-0.6779476965227783,-0.7054010746718878,0.2897797226905823,0.09907660633325577,0.0,0.0,0.0,0.0
12.174575328826904,-1.504969596862793,1.8901597261428833,0.0,0.0,-0.008089103735983372,-0.24822203814983368,0.0,0.0,-0.6779476965227783,-0.7054010746718878,0.2897797226905823,0.09907660633325577,0.0,0.0,0.0,0.0
12.175963401794434,-1.504969596862793,1.8901597261428833,0.0,0.0,-0.008089103735983372,-0.24822203814983368,0.0,0.0,-0.6779476965227783,-0.7054010746718878,0.2897797226905823,0.09907660633325577,0.0,0.0,0.0,0.0
12.177489280700684,-1.504969596862793,1.8901597261428833,0.0,0.0,-0.008089103735983372,-0.24822203814983368,0.0,0.0,-0.6779476965227783,-0.7054010746718878,0.2897797226905823,0.09907660633325577,0.0,0.0,0.0,0.0
12.179804563522339,-1.504969596862793,1.8901597261428833,0.0,0.0,-0.008089103735983372,-0.24822203814983368,0.0,0.0,-0.6779476965227783,-0.7054010746718878,0.2897797226905823,0.09907660633325577,0.0,0.0,0.0,0.0
12.181902647018433,-1.504969596862793,1.8901597261428833,0.0,0.0,-0.008089103735983372,-0.24822203814983368,0.0,0.0,-0.6779476965227783,-0.7054010746718878,0.2897797226905823,0.09907660633325577,0.0,0.0,0.0,0.0
12.184265851974487,-1.504969596862793,1.8901597261428833,0.0,0.0,-0.008089103735983372,-0.24822203814983368,0.0,0.0,-0.6779476965227783,-0.7054010746718878,0.2897797226905823,0.09907660633325577,0.0,0.0,0.0,0.0
12.185935497283936,-1.504969596862793,1.8901597261428833,0.0,0.0,-0.008089103735983372,-0.24822203814983368,0.0,0.0,-0.6779476965227783,-0.7054010746718878,0.2897797226905823,0.09907660633325577,0.0,0.0,0.0,0.0
12.187674760818481,-1.504969596862793,1.8901597261428833,0.0,0.0,-0.008089103735983372,-0.24822203814983368,0.0,0.0,-0.6779476965227783,-0.7054010746718878,0.2897797226905823,0.09907660633325577,0.0,0.0,0.0,0.0
12.189280986785889,-1.504969596862793,1.8901597261428833,0.0,0.0,-0.008089103735983372,-0.24822203814983368,0.0,0.0,-0.6779476965227783,-0.7054010746718878,0.2897797226905823,0.09907660633325577,0.0,0.0,0.0,0.0
12.190698146820068,-1.504969596862793,1.8901597261428833,0.0,0.0,-0.008089103735983372,-0.24822203814983368,0.0,0.0,-0.6779476965227783,-0.7054010746718878,0.2897797226905823,0.09907660633325577,0.0,0.0,0.0,0.0
12.192080020904541,-1.504969596862793,1.8901597261428833,0.0,0.0,-0.008089103735983372,-0.24822203814983368,0.0,0.0,-0.6779476965227783,-0.7054010746718878,0.2897797226905823,0.09907660633325577,0.0,0.0,0.0,0.0
12.193418025970459,-1.504969596862793,1.8901597261428833,0.0,0.0,-0.008089103735983372,-0.24822203814983368,0.0,0.0,-0.6779476965227783,-0.7054010746718878,0.2897797226905823,0.09907660633325577,0.0,0.0,0.0,0.0
12.194767236709595,-1.504969596862793,1.8901597261428833,0.0,0.0,-0.008089103735983372,-0.24822203814983368,0.0,0.0,-0.6779476965227783,-0.7054010746718878,0.2897797226905823,0.09907660633325577,0.0,0.0,0.0,0.0
12.196359157562256,-1.504969596862793,1.8901597261428833,0.0,0.0,-0.008089103735983372,-0.24822203814983368,0.0,0.0,-0.6779476965227783,-0.7054010746718878,0.2897797226905823,0.09907660633325577,0.0,0.0,0.0,0.0
12.197673797607422,-1.504969596862793,1.8901597261428833,0.0,0.0,-0.008089103735983372,-0.24822203814983368,0.0,0.0,-0.6779476965227783,-0.7054010746718878,0.2897797226905823,0.09907660633325577,0.0,0.0,0.0,0.0
12.19945216178894,-1.504969596862793,1.8901597261428833,0.0,0.0,-0.008089103735983372,-0.24822203814983368,0.0,0.0,-0.6779476965227783,-0.7054010746718878,0.2897797226905823,0.09907660633325577,0.0,0.0,0.0,0.0
12.20103144645691,-1.504969596862793,1.8901597261428833,0.0,0.0,-0.008089103735983372,-0.24822203814983368,0.0,0.0,-0.6779476965227783,-0.7054010746718878,0.2897797226905823,0.09907660633325577,0.0,0.0,0.0,0.0
12.203291177749634,-1.504969596862793,1.8901597261428833,0.0,0.0,-0.008089103735983372,-0.24822203814983368,0.0,0.0,-0.6779476965227783,-0.7054010746718878,0.2897797226905823,0.09907660633325577,0.0,0.0,0.0,0.0
12.204823970794678,-1.504969596862793,1.8901597261428833,0.0,0.0,-0.008089103735983372,-0.24822203814983368,0.0,0.0,-0.6779476965227783,-0.7054010746718878,0.2897797226905823,0.09907660633325577,0.0,0.0,0.0,0.0
12.206714868545532,-1.504969596862793,1.8901597261428833,0.0,0.0,-0.008089103735983372,-0.24822203814983368,0.0,0.0,-0.6779476965227783,-0.7054010746718878,0.2897797226905823,0.09907660633325577,0.0,0.0,0.0,0.0
12.208158731460571,-1.504969596862793,1.8901597261428833,0.0,0.0,-0.008089103735983372,-0.24822203814983368,0.0,0.0,-0.6779476965227783,-0.7054010746718878,0.2897797226905823,0.09907660633325577,0.0,0.0,0.0,0.0
12.209920406341553,-1.504969596862793,1.8901597261428833,0.0,0.0,-0.008089103735983372,-0.24822203814983368,0.0,0.0,-0.6779476965227783,-0.7054010746718878,0.2897797226905823,0.09907660633325577,0.0,0.0,0.0,0.0
12.21144700050354,-1.504969596862793,1.8901597261428833,0.0,0.0,-0.008089103735983372,-0.24822203814983368,0.0,0.0,-0.6779476965227783,-0.7054010746718878,0.2897797226905823,0.09907660633325577,0.0,0.0,0.0,0.0
12.212871313095093,-1.504969596862793,1.8901597261428833,0.0,0.0,-0.008089103735983372,-0.24822203814983368,0.0,0.0,-0.6779476965227783,-0.7054010746718878,0.2897797226905823,0.09907660633325577,0.0,0.0,0.0,0.0
12.214277267456055,-1.504969596862793,1.8901597261428833,0.0,0.0,-0.008089103735983372,-0.24822203814983368,0.0,0.0,-0.6779476965227783,-0.7054010746718878,0.2897797226905823,0.09907660633325577,0.0,0.0,0.0,0.0
12.215749979019165,-1.504969596862793,1.8901597261428833,0.0,0.0,-0.008089103735983372,-0.24822203814983368,0.0,0.0,-0.6779476965227783,-0.7054010746718878,0.2897797226905823,0.09907660633325577,0.0,0.0,0.0,0.0
12.217283964157104,-1.504969596862793,1.8901597261428833,0.0,0.0,-0.008089103735983372,-0.24822203814983368,0.0,0.0,-0.6779476965227783,-0.7054010746718878,0.2897797226905823,0.09907660633325577,0.0,0.0,0.0,0.0
12.219307661056519,-1.504969596862793,1.8901597261428833,0.0,0.0,-0.008089103735983372,-0.24822203814983368,0.0,0.0,-0.6779476965227783,-0.7054010746718878,0.2897797226905823,0.09907660633325577,0.0,0.0,0.0,0.0
12.22077751159668,-1.504969596862793,1.8901597261428833,0.0,0.0,-0.008089103735983372,-0.24822203814983368,0.0,0.0,-0.6779476965227783,-0.7054010746718878,0.2897797226905823,0.09907660633325577,0.0,0.0,0.0,0.0
12.222184658050537,-1.504969596862793,1.8901597261428833,0.0,0.0,-0.008089103735983372,-0.24822203814983368,0.0,0.0,-0.6779476965227783,-0.7054010746718878,0.2897797226905823,0.09907660633325577,0.0,0.0,0.0,0.0
12.22363567352295,-1.504969596862793,1.8901597261428833,0.0,0.0,-0.008089103735983372,-0.24822203814983368,0.0,0.0,-0.6779476965227783,-0.7054010746718878,0.2897797226905823,0.09907660633325577,0.0,0.0,0.0,0.0
12.225247621536255,-1.504969596862793,1.8901597261428833,0.0,0.0,-0.008089103735983372,-0.24822203814983368,0.0,0.0,-0.6779476965227783,-0.7054010746718878,0.2897797226905823,0.09907660633325577,0.0,0.0,0.0,0.0
12.227384805679321,-1.504969596862793,1.8901597261428833,0.0,0.0,-0.008089103735983372,-0.24822203814983368,0.0,0.0,-0.6779476965227783,-0.7054010746718878,0.2897797226905823,0.09907660633325577,0.0,0.0,0.0,0.0
12.229733943939209,-1.504969596862793,1.8901597261428833,0.0,0.0,-0.008089103735983372,-0.24822203814983368,0.0,0.0,-0.6779476965227783,-0.7054010746718878,0.2897797226905823,0.09907660633325577,0.0,0.0,0.0,0.0
12.231202602386475,-1.504969596862793,1.8901597261428833,0.0,0.0,-0.008089103735983372,-0.24822203814983368,0.0,0.0,-0.6779476965227783,-0.7054010746718878,0.2897797226905823,0.09907660633325577,0.0,0.0,0.0,0.0
12.232666492462158,-1.504969596862793,1.8901597261428833,0.0,0.0,-0.008089103735983372,-0.24822203814983368,0.0,0.0,-0.6779476965227783,-0.7054010746718878,0.2897797226905823,0.09907660633325577,0.0,0.0,0.0,0.0
12.234091758728027,-1.504969596862793,1.8901597261428833,0.0,0.0,-0.008089103735983372,-0.24822203814983368,0.0,0.0,-0.6779476965227783,-0.7054010746718878,0.2897797226905823,0.09907660633325577,0.0,0.0,0.0,0.0
12.236505508422852,-1.504969596862793,1.8901597261428833,0.0,0.0,-0.008089103735983372,-0.24822203814983368,0.0,0.0,-0.6779476965227783,-0.7054010746718878,0.2897797226905823,0.09907660633325577,0.0,0.0,0.0,0.0
12.238174438476562,-1.504969596862793,1.8901597261428833,0.0,0.0,-0.008089103735983372,-0.24822203814983368,0.0,0.0,-0.6779476965227783,-0.7054010746718878,0.2897797226905823,0.09907660633325577,0.0,0.0,0.0,0.0
12.240148544311523,-1.504969596862793,1.8901597261428833,0.0,0.0,-0.008089103735983372,-0.24822203814983368,0.0,0.0,-0.6779476965227783,-0.7054010746718878,0.2897797226905823,0.09907660633325577,0.0,0.0,0.0,0.0
12.241719007492065,-1.504969596862793,1.8901597261428833,0.0,0.0,-0.008089103735983372,-0.24822203814983368,0.0,0.0,-0.6779476965227783,-0.7054010746718878,0.2897797226905823,0.09907660633325577,0.0,0.0,0.0,0.0
12.24360728263855,-1.504969596862793,1.8901597261428833,0.0,0.0,-0.008089103735983372,-0.24822203814983368,0.0,0.0,-0.6779476965227783,-0.7054010746718878,0.2897797226905823,0.09907660633325577,0.0,0.0,0.0,0.0
12.24563717842102,-1.504969596862793,1.8901597261428833,0.0,0.0,-0.008089103735983372,-0.24822203814983368,0.0,0.0,-0.6779476965227783,-0.7054010746718878,0.2897797226905823,0.09907660633325577,0.0,0.0,0.0,0.0
12.247211217880249,-1.504969596862793,1.8901597261428833,0.0,0.0,-0.008089103735983372,-0.24822203814983368,0.0,0.0,-0.6779476965227783,-0.7054010746718878,0.2897797226905823,0.09907660633325577,0.0,0.0,0.0,0.0
12.248678207397461,-1.504969596862793,1.8901597261428833,0.0,0.0,-0.008089103735983372,-0.24822203814983368,0.0,0.0,-0.6779476965227783,-0.7054010746718878,0.2897797226905823,0.09907660633325577,0.0,0.0,0.0,0.0
12.250120162963867,-1.504969596862793,1.8901597261428833,0.0,0.0,-0.008089103735983372,-0.24822203814983368,0.0,0.0,-0.6779476965227783,-0.7054010746718878,0.2897797226905823,0.09907660633325577,0.0,0.0,0.0,0.0
12.251848697662354,-1.504969596862793,1.8901597261428833,0.0,0.0,-0.008089103735983372,-0.24822203814983368,0.0,0.0,-0.6779476965227783,-0.7054010746718878,0.2897797226905823,0.09907660633325577,0.0,0.0,0.0,0.0
12.253351211547852,-1.504969596862793,1.8901597261428833,0.0,0.0,-0.008089103735983372,-0.24822203814983368,0.0,0.0,-0.6779476965227783,-0.7054010746718878,0.2897797226905823,0.09907660633325577,0.0,0.0,0.0,0.0
12.254792213439941,-1.504969596862793,1.8901597261428833,0.0,0.0,-0.008089103735983372,-0.24822203814983368,0.0,0.0,-0.6779476965227783,-0.7054010746718878,0.2897797226905823,0.09907660633325577,0.0,0.0,0.0,0.0
12.256338596343994,-1.504969596862793,1.8901597261428833,0.0,0.0,-0.008089103735983372,-0.24822203814983368,0.0,0.0,-0.6779476965227783,-0.7054010746718878,0.2897797226905823,0.09907660633325577,0.0,0.0,0.0,0.0
12.258723020553589,-1.504969596862793,1.8901597261428833,0.0,0.0,-0.008089103735983372,-0.24822203814983368,0.0,0.0,-0.6779476965227783,-0.7054010746718878,0.2897797226905823,0.09907660633325577,0.0,0.0,0.0,0.0
12.260212659835815,-1.504969596862793,1.8901597261428833,0.0,0.0,-0.008089103735983372,-0.24822203814983368,0.0,0.0,-0.6779476965227783,-0.7054010746718878,0.2897797226905823,0.09907660633325577,0.0,0.0,0.0,0.0
12.261707067489624,-1.504969596862793,1.8901597261428833,0.0,0.0,-0.008089103735983372,-0.24822203814983368,0.0,0.0,-0.6779476965227783,-0.7054010746718878,0.2897797226905823,0.09907660633325577,0.0,0.0,0.0,0.0
12.263577461242676,-1.504969596862793,1.8901597261428833,0.0,0.0,-0.008089103735983372,-0.24822203814983368,0.0,0.0,-0.6779476965227783,-0.7054010746718878,0.2897797226905823,0.09907660633325577,0.0,0.0,0.0,0.0
12.265894889831543,-1.504969596862793,1.8901597261428833,0.0,0.0,-0.008089103735983372,-0.24822203814983368,0.0,0.0,-0.6779476965227783,-0.7054010746718878,0.2897797226905823,0.09907660633325577,0.0,0.0,0.0,0.0
12.267738342285156,-1.504969596862793,1.8901597261428833,0.0,0.0,-0.008089103735983372,-0.24822203814983368,0.0,0.0,-0.6779476965227783,-0.7054010746718878,0.2897797226905823,0.09907660633325577,0.0,0.0,0.0,0.0
12.26937484741211,-1.504969596862793,1.8901597261428833,0.0,0.0,-0.008089103735983372,-0.24822203814983368,0.0,0.0,-0.6779476965227783,-0.7054010746718878,0.2897797226905823,0.09907660633325577,0.0,0.0,0.0,0.0
12.271140575408936,-1.504969596862793,1.8901597261428833,0.0,0.0,-0.008089103735983372,-0.24822203814983368,0.0,0.0,-0.6779476965227783,-0.7054010746718878,0.2897797226905823,0.09907660633325577,0.0,0.0,0.0,0.0
12.272876262664795,-1.504969596862793,1.8901597261428833,0.0,0.0,-0.008089103735983372,-0.24822203814983368,0.0,0.0,-0.6779476965227783,-0.7054010746718878,0.2897797226905823,0.09907660633325577,0.0,0.0,0.0,0.0
12.275075912475586,-1.504969596862793,1.8901597261428833,0.0,0.0,-0.008089103735983372,-0.24822203814983368,0.0,0.0,-0.6779476965227783,-0.7054010746718878,0.2897797226905823,0.09907660633325577,0.0,0.0,0.0,0.0
12.276920795440674,-1.504969596862793,1.8901597261428833,0.0,0.0,-0.008089103735983372,-0.24822203814983368,0.0,0.0,-0.6779476965227783,-0.7054010746718878,0.2897797226905823,0.09907660633325577,0.0,0.0,0.0,0.0
12.278634786605835,-1.504969596862793,1.8901597261428833,0.0,0.0,-0.008089103735983372,-0.24822203814983368,0.0,0.0,-0.6779476965227783,-0.7054010746718878,0.2897797226905823,0.09907660633325577,0.0,0.0,0.0,0.0
12.280469417572021,-1.504969596862793,1.8901597261428833,0.0,0.0,-0.008089103735983372,-0.24822203814983368,0.0,0.0,-0.6779476965227783,-0.7054010746718878,0.2897797226905823,0.09907660633325577,0.0,0.0,0.0,0.0
12.282231569290161,-1.504969596862793,1.8901597261428833,0.0,0.0,-0.008089103735983372,-0.24822203814983368,0.0,0.0,-0.6779476965227783,-0.7054010746718878,0.2897797226905823,0.09907660633325577,0.0,0.0,0.0,0.0
12.284065961837769,-1.504969596862793,1.8901597261428833,0.0,0.0,-0.008089103735983372,-0.24822203814983368,0.0,0.0,-0.6779476965227783,-0.7054010746718878,0.2897797226905823,0.09907660633325577,0.0,0.0,0.0,0.0
12.285910367965698,-1.504969596862793,1.8901597261428833,0.0,0.0,-0.008089103735983372,-0.24822203814983368,0.0,0.0,-0.6779476965227783,-0.7054010746718878,0.2897797226905823,0.09907660633325577,0.0,0.0,0.0,0.0
12.288124322891235,-1.504969596862793,1.8901597261428833,0.0,0.0,-0.008089103735983372,-0.24822203814983368,0.0,0.0,-0.6779476965227783,-0.7054010746718878,0.2897797226905823,0.09907660633325577,0.0,0.0,0.0,0.0
12.290227174758911,-1.504969596862793,1.8901597261428833,0.0,0.0,-0.008089103735983372,-0.24822203814983368,0.0,0.0,-0.6779476965227783,-0.7054010746718878,0.2897797226905823,0.09907660633325577,0.0,0.0,0.0,0.0
12.292479991912842,-1.504969596862793,1.8901597261428833,0.0,0.0,-0.008089103735983372,-0.24822203814983368,0.0,0.0,-0.6779476965227783,-0.7054010746718878,0.2897797226905823,0.09907660633325577,0.0,0.0,0.0,0.0
12.29426121711731,-1.504969596862793,1.8901597261428833,0.0,0.0,-0.008089103735983372,-0.24822203814983368,0.0,0.0,-0.6779476965227783,-0.7054010746718878,0.2897797226905823,0.09907660633325577,0.0,0.0,0.0,0.0
12.296509027481079,-1.504969596862793,1.8901597261428833,0.0,0.0,-0.008089103735983372,-0.24822203814983368,0.0,0.0,-0.6779476965227783,-0.7054010746718878,0.2897797226905823,0.09907660633325577,0.0,0.0,0.0,0.0
12.299175024032593,-1.504969596862793,1.8901597261428833,0.0,0.0,-0.008089103735983372,-0.24822203814983368,0.0,0.0,-0.6779476965227783,-0.7054010746718878,0.2897797226905823,0.09907660633325577,0.0,0.0,0.0,0.0
12.30078911781311,-1.504969596862793,1.8901597261428833,0.0,0.0,-0.008089103735983372,-0.24822203814983368,0.0,0.0,-0.6779476965227783,-0.7054010746718878,0.2897797226905823,0.09907660633325577,0.0,0.0,0.0,0.0
12.302774667739868,-1.504969596862793,1.8901597261428833,0.0,0.0,-0.008089103735983372,-0.24822203814983368,0.0,0.0,-0.6779476965227783,-0.7054010746718878,0.2897797226905823,0.09907660633325577,0.0,0.0,0.0,0.0
12.30515432357788,-1.504969596862793,1.8901597261428833,0.0,0.0,-0.008089103735983372,-0.24822203814983368,0.0,0.0,-0.6779476965227783,-0.7054010746718878,0.2897797226905823,0.09907660633325577,0.0,0.0,0.0,0.0
12.307553052902222,-1.504969596862793,1.8901597261428833,0.0,0.0,-0.008089103735983372,-0.24822203814983368,0.0,0.0,-0.6779476965227783,-0.7054010746718878,0.2897797226905823,0.09907660633325577,0.0,0.0,0.0,0.0
12.309961080551147,-1.504969596862793,1.8901597261428833,0.0,0.0,-0.008089103735983372,-0.24822203814983368,0.0,0.0,-0.6779476965227783,-0.7054010746718878,0.2897797226905823,0.09907660633325577,0.0,0.0,0.0,0.0
12.311471462249756,-1.504969596862793,1.8901597261428833,0.0,0.0,-0.008089103735983372,-0.24822203814983368,0.0,0.0,-0.6779476965227783,-0.7054010746718878,0.2897797226905823,0.09907660633325577,0.0,0.0,0.0,0.0
12.313060760498047,-1.504969596862793,1.8901597261428833,0.0,0.0,-0.008089103735983372,-0.24822203814983368,0.0,0.0,-0.6779476965227783,-0.7054010746718878,0.2897797226905823,0.09907660633325577,0.0,0.0,0.0,0.0
12.314878940582275,-1.504969596862793,1.8901597261428833,0.0,0.0,-0.008089103735983372,-0.24822203814983368,0.0,0.0,-0.6779476965227783,-0.7054010746718878,0.2897797226905823,0.09907660633325577,0.0,0.0,0.0,0.0
12.316707849502563,-1.504969596862793,1.8901597261428833,0.0,0.0,-0.008089103735983372,-0.24822203814983368,0.0,0.0,-0.6779476965227783,-0.7054010746718878,0.2897797226905823,0.09907660633325577,0.0,0.0,0.0,0.0
12.319049835205078,-1.504969596862793,1.8901597261428833,0.0,0.0,-0.008089103735983372,-0.24822203814983368,0.0,0.0,-0.6779476965227783,-0.7054010746718878,0.2897797226905823,0.09907660633325577,0.0,0.0,0.0,0.0
12.321392297744751,-1.504969596862793,1.8901597261428833,0.0,0.0,-0.008089103735983372,-0.24822203814983368,0.0,0.0,-0.6779476965227783,-0.7054010746718878,0.2897797226905823,0.09907660633325577,0.0,0.0,0.0,0.0
12.323615312576294,-1.504969596862793,1.8901597261428833,0.0,0.0,-0.008089103735983372,-0.24822203814983368,0.0,0.0,-0.6779476965227783,-0.7054010746718878,0.2897797226905823,0.09907660633325577,0.0,0.0,0.0,0.0
12.325372695922852,-1.504969596862793,1.8901597261428833,0.0,0.0,-0.008089103735983372,-0.24822203814983368,0.0,0.0,-0.6779476965227783,-0.7054010746718878,0.2897797226905823,0.09907660633325577,0.0,0.0,0.0,0.0
12.32727336883545,-1.504969596862793,1.8901597261428833,0.0,0.0,-0.008089103735983372,-0.24822203814983368,0.0,0.0,-0.6779476965227783,-0.7054010746718878,0.2897797226905823,0.09907660633325577,0.0,0.0,0.0,0.0
12.329591512680054,-1.504969596862793,1.8901597261428833,0.0,0.0,-0.008089103735983372,-0.24822203814983368,0.0,0.0,-0.6779476965227783,-0.7054010746718878,0.2897797226905823,0.09907660633325577,0.0,0.0,0.0,0.0
12.331902265548706,-1.504969596862793,1.8901597261428833,0.0,0.0,-0.008089103735983372,-0.24822203814983368,0.0,0.0,-0.6779476965227783,-0.7054010746718878,0.2897797226905823,0.09907660633325577,0.0,0.0,0.0,0.0
12.334928274154663,-1.504969596862793,1.8901597261428833,0.0,0.0,-0.008089103735983372,-0.24822203814983368,0.0,0.0,-0.6779476965227783,-0.7054010746718878,0.2897797226905823,0.09907660633325577,0.0,0.0,0.0,0.0
12.336669921875,-1.504969596862793,1.8901597261428833,0.0,0.0,-0.008089103735983372,-0.24822203814983368,0.0,0.0,-0.6779476965227783,-0.7054010746718878,0.2897797226905823,0.09907660633325577,0.0,0.0,0.0,0.0
12.34016227722168,-1.504969596862793,1.8901597261428833,0.0,0.0,-0.008089103735983372,-0.24822203814983368,0.0,0.0,-0.6779476965227783,-0.7054010746718878,0.2897797226905823,0.09907660633325577,0.0,0.0,0.0,0.0
12.34264612197876,-1.504969596862793,1.8901597261428833,0.0,0.0,-0.008089103735983372,-0.24822203814983368,0.0,0.0,-0.6779476965227783,-0.7054010746718878,0.2897797226905823,0.09907660633325577,0.0,0.0,0.0,0.0
12.344803810119629,-1.504969596862793,1.8901597261428833,0.0,0.0,-0.008089103735983372,-0.24822203814983368,0.0,0.0,-0.6779476965227783,-0.7054010746718878,0.2897797226905823,0.09907660633325577,0.0,0.0,0.0,0.0
12.346522092819214,-1.504969596862793,1.8901597261428833,0.0,0.0,-0.008089103735983372,-0.24822203814983368,0.0,0.0,-0.6779476965227783,-0.7054010746718878,0.2897797226905823,0.09907660633325577,0.0,0.0,0.0,0.0
12.34891653060913,-1.504969596862793,1.8901597261428833,0.0,0.0,-0.008089103735983372,-0.24822203814983368,0.0,0.0,-0.6779476965227783,-0.7054010746718878,0.2897797226905823,0.09907660633325577,0.0,0.0,0.0,0.0
12.351179122924805,-1.504969596862793,1.8901597261428833,0.0,0.0,-0.008089103735983372,-0.24822203814983368,0.0,0.0,-0.6779476965227783,-0.7054010746718878,0.2897797226905823,0.09907660633325577,0.0,0.0,0.0,0.0
12.352769374847412,-1.504969596862793,1.8901597261428833,0.0,0.0,-0.008089103735983372,-0.24822203814983368,0.0,0.0,-0.6779476965227783,-0.7054010746718878,0.2897797226905823,0.09907660633325577,0.0,0.0,0.0,0.0
12.35475492477417,-1.504969596862793,1.8901597261428833,0.0,0.0,-0.008089103735983372,-0.24822203814983368,0.0,0.0,-0.6779476965227783,-0.7054010746718878,0.2897797226905823,0.09907660633325577,0.0,0.0,0.0,0.0
12.356221437454224,-1.504969596862793,1.8901597261428833,0.0,0.0,-0.008089103735983372,-0.24822203814983368,0.0,0.0,-0.6779476965227783,-0.7054010746718878,0.2897797226905823,0.09907660633325577,0.0,0.0,0.0,0.0
12.357670068740845,-1.504969596862793,1.8901597261428833,0.0,0.0,-0.008089103735983372,-0.24822203814983368,0.0,0.0,-0.6779476965227783,-0.7054010746718878,0.2897797226905823,0.09907660633325577,0.0,0.0,0.0,0.0
12.359952688217163,-1.504969596862793,1.8901597261428833,0.0,0.0,-0.008089103735983372,-0.24822203814983368,0.0,0.0,-0.6779476965227783,-0.7054010746718878,0.2897797226905823,0.09907660633325577,0.0,0.0,0.0,0.0
12.361491203308105,-1.504969596862793,1.8901597261428833,0.0,0.0,-0.008089103735983372,-0.24822203814983368,0.0,0.0,-0.6779476965227783,-0.7054010746718878,0.2897797226905823,0.09907660633325577,0.0,0.0,0.0,0.0
12.362959623336792,-1.504969596862793,1.8901597261428833,0.0,0.0,-0.008089103735983372,-0.24822203814983368,0.0,0.0,-0.6779476965227783,-0.7054010746718878,0.2780771851539612,0.11077886819839478,0.0,0.0,0.0,0.0
12.364480972290039,-1.504969596862793,1.8901597261428833,0.0,0.0,-0.008089103735983372,-0.24822203814983368,0.0,0.0,-0.6779476965227783,-0.7054010746718878,0.2780771851539612,0.11077886819839478,0.0,0.0,0.0,0.0
12.365899562835693,-1.504969596862793,1.8901597261428833,0.0,0.0,-0.008089103735983372,-0.24822203814983368,0.0,0.0,-0.6779476965227783,-0.7054010746718878,0.2780771851539612,0.11077886819839478,0.0,0.0,0.0,0.0
12.367288589477539,-1.504969596862793,1.8901597261428833,0.0,0.0,-0.008089103735983372,-0.24822203814983368,0.0,0.0,-0.6779476965227783,-0.7054010746718878,0.2780771851539612,0.11077886819839478,0.0,0.0,0.0,0.0
12.369211435317993,-1.504969596862793,1.8901597261428833,0.0,0.0,-0.008089103735983372,-0.24822203814983368,0.0,0.0,-0.6779476965227783,-0.7054010746718878,0.2780771851539612,0.11077886819839478,0.0,0.0,0.0,0.0
12.37056589126587,-1.504969596862793,1.8901597261428833,0.0,0.0,-0.008089103735983372,-0.24822203814983368,0.0,0.0,-0.6779476965227783,-0.7054010746718878,0.2780771851539612,0.11077886819839478,0.0,0.0,0.0,0.0
12.3719322681427,-1.504969596862793,1.8901597261428833,0.0,0.0,-0.008089103735983372,-0.24822203814983368,0.0,0.0,-0.6779476965227783,-0.7054010746718878,0.2780771851539612,0.11077886819839478,0.0,0.0,0.0,0.0
12.373262882232666,-1.504969596862793,1.8901597261428833,0.0,0.0,-0.008089103735983372,-0.24822203814983368,0.0,0.0,-0.6779476965227783,-0.7054010746718878,0.266488641500473,0.12237048149108887,0.0,0.0,0.0,0.0
12.374594688415527,-1.504969596862793,1.8901597261428833,0.0,0.0,-0.008089103735983372,-0.24822203814983368,0.0,0.0,-0.6779476965227783,-0.7054010746718878,0.266488641500473,0.12237048149108887,0.0,0.0,0.0,0.0
12.376243591308594,-1.504969596862793,1.8901597261428833,0.0,0.0,-0.008089103735983372,-0.24822203814983368,0.0,0.0,-0.6779476965227783,-0.7054010746718878,0.266488641500473,0.12237048149108887,0.0,0.0,0.0,0.0
12.377831220626831,-1.504969596862793,1.8901597261428833,0.0,0.0,-0.008089103735983372,-0.24822203814983368,0.0,0.0,-0.6779476965227783,-0.7054010746718878,0.266488641500473,0.12237048149108887,0.0,0.0,0.0,0.0
12.379482746124268,-1.504969596862793,1.8901597261428833,0.0,0.0,-0.008089103735983372,-0.24822203814983368,0.0,0.0,-0.6779476965227783,-0.7054010746718878,0.266488641500473,0.12237048149108887,0.0,0.0,0.0,0.0
12.380849361419678,-1.504969596862793,1.8901597261428833,0.0,0.0,-0.008089103735983372,-0.24822203814983368,0.0,0.0,-0.6779476965227783,-0.7054010746718878,0.266488641500473,0.12237048149108887,0.0,0.0,0.0,0.0
12.382473230361938,-1.504969596862793,1.8901597261428833,0.0,0.0,-0.008089103735983372,-0.24822203814983368,0.0,0.0,-0.6779476965227783,-0.7054010746718878,0.25480902194976807,0.1340487152338028,0.0,0.0,0.0,0.0
12.383913278579712,-1.504969596862793,1.8901597261428833,0.0,0.0,-0.008089103735983372,-0.24822203814983368,0.0,0.0,-0.6779476965227783,-0.7054010746718878,0.25480902194976807,0.1340487152338028,0.0,0.0,0.0,0.0
12.385260343551636,-1.504969596862793,1.8901597261428833,0.0,0.0,-0.008089103735983372,-0.24822203814983368,0.0,0.0,-0.6779476965227783,-0.7054010746718878,0.25480902194976807,0.1340487152338028,0.0,0.0,0.0,0.0
12.386585712432861,-1.504969596862793,1.8901597261428833,0.0,0.0,-0.008089103735983372,-0.24822203814983368,0.0,0.0,-0.6779476965227783,-0.7054010746718878,0.25480902194976807,0.1340487152338028,0.0,0.0,0.0,0.0
12.388111591339111,-1.512324333190918,1.6644411087036133,0.0,0.0,-0.008089103735983372,-0.24822203814983368,0.0,0.0,-0.6779476965227783,-0.7054010746718878,0.25480902194976807,0.1340487152338028,0.0,0.0,0.0,0.0
12.389583587646484,-1.512324333190918,1.6644411087036133,0.0,0.0,-0.008089103735983372,-0.24822203814983368,0.0,0.0,-0.6779476965227783,-0.7054010746718878,0.25480902194976807,0.1340487152338028,0.0,0.0,0.0,0.0
12.390928506851196,-1.512324333190918,1.6644411087036133,0.0,0.0,-0.008089103735983372,-0.24822203814983368,0.0,0.0,-0.6779476965227783,-0.7054010746718878,0.25480902194976807,0.1340487152338028,0.0,0.0,0.0,0.0
12.392266511917114,-1.512324333190918,1.6644411087036133,0.0,0.0,-0.008089103735983372,-0.24822203814983368,0.0,0.0,-0.6779476965227783,-0.7054010746718878,0.24335989356040955,0.1454961597919464,0.0,0.0,0.0,0.0
12.393628120422363,-1.512324333190918,1.6644411087036133,0.0,0.0,-0.008089103735983372,-0.24822203814983368,0.0,0.0,-0.6779476965227783,-0.7054010746718878,0.24335989356040955,0.1454961597919464,0.0,0.0,0.0,0.0
12.39493703842163,-1.512324333190918,1.6644411087036133,0.0,0.0,-0.008089103735983372,-0.24822203814983368,0.0,0.0,-0.6775450078406069,-0.7054010746718878,0.24816648662090302,0.1454961597919464,0.0,0.0,0.0,0.0
12.396282434463501,-1.512324333190918,1.6644411087036133,0.0,0.0,-0.008089103735983372,-0.24822203814983368,0.0,0.0,-0.6775450078406069,-0.7054010746718878,0.24816648662090302,0.1454961597919464,0.0,0.0,0.0,0.0
12.397591590881348,-1.512324333190918,1.6644411087036133,0.0,0.0,-0.008089103735983372,-0.24822203814983368,0.0,0.0,-0.6774778774557855,-0.7054010746718878,0.24833807349205017,0.1454961597919464,0.0,0.0,0.0,0.0
12.399302005767822,-1.519621729850769,1.4408893585205078,0.0,0.0,-0.008089103735983372,-0.24822203814983368,0.0,0.0,-0.6774059721063533,-0.7054010746718878,0.24659308791160583,0.1454961597919464,0.0,0.0,0.0,0.0
12.400667190551758,-1.519621729850769,1.4408893585205078,0.0,0.0,-0.008089103735983372,-0.24822203814983368,0.0,0.0,-0.6774059721063533,-0.7054010746718878,0.24659308791160583,0.1454961597919464,0.0,0.0,0.0,0.0
12.402156829833984,-1.519621729850769,1.4408893585205078,0.0,0.0,-0.008089103735983372,-0.24822203814983368,0.0,0.0,-0.6774059721063533,-0.7054010746718878,0.23504449427127838,0.15704642236232758,0.0,0.0,0.0,0.0
12.403720140457153,-1.519621729850769,1.4408893585205078,0.0,0.0,-0.008089103735983372,-0.24822203814983368,0.0,0.0,-0.6774059721063533,-0.7054010746718878,0.23504449427127838,0.15704642236232758,0.0,0.0,0.0,0.0
12.405089378356934,-1.519621729850769,1.4408893585205078,0.0,0.0,-0.008089103735983372,-0.24822203814983368,0.0,0.0,-0.6774059721063533,-0.7053003790946557,0.23504449427127838,0.1556444615125656,0.0,0.0,0.0,0.0
12.406452655792236,-1.519621729850769,1.4408893585205078,0.0,0.0,-0.008089103735983372,-0.24822203814983368,0.0,0.0,-0.6774059721063533,-0.7053003790946557,0.23504449427127838,0.1556444615125656,0.0,0.0,0.0,0.0
12.407974004745483,-1.5269571542739868,1.2156234979629517,0.0,0.0,-0.008089103735983372,-0.24822203814983368,0.0,0.0,-0.6774059721063533,-0.7052045052954128,0.23504449427127838,0.15507225692272186,0.0,0.0,0.0,0.0
12.409479141235352,-1.5269571542739868,1.2156234979629517,0.0,0.0,-0.008089103735983372,-0.24822203814983368,0.0,0.0,-0.6772381929576784,-0.70510863149617,0.23684681951999664,0.15447154641151428,0.0,0.0,0.0,0.0
12.410837650299072,-1.5269571542739868,1.2156234979629517,0.0,0.0,-0.008089103735983372,-0.24822203814983368,0.0,0.0,-0.6772381929576784,-0.70510863149617,0.23684681951999664,0.15447154641151428,0.0,0.0,0.0,0.0
12.412278890609741,-1.5269571542739868,1.2156234979629517,0.0,0.0,-0.008089103735983372,-0.24822203814983368,0.0,0.0,-0.6771471409364248,-0.7050942597889592,0.2259129285812378,0.16543537378311157,0.0,0.0,0.0,0.0
12.41364312171936,-1.5269571542739868,1.2156234979629517,0.0,0.0,-0.008089103735983372,-0.24822203814983368,0.0,0.0,-0.6771471409364248,-0.7050942597889592,0.2259129285812378,0.16543537378311157,0.0,0.0,0.0,0.0
12.414954900741577,-1.5269571542739868,1.2156234979629517,0.0,0.0,-0.008089103735983372,-0.24822203814983368,0.0,0.0,-0.6771375441938248,-0.7050942597889592,0.22597019374370575,0.16672275960445404,0.0,0.0,0.0,0.0
12.416273832321167,-1.5269571542739868,1.2156234979629517,0.0,0.0,-0.008089103735983372,-0.24822203814983368,0.0,0.0,-0.6771375441938248,-0.7050942597889592,0.22597019374370575,0.16672275960445404,0.0,0.0,0.0,0.0
12.418260097503662,-1.5519062280654907,1.0419981479644775,0.0,0.0,-0.008138427510857582,-0.24819953739643097,0.0,0.0,-0.6770992040368033,-0.7049744175399056,0.22536925971508026,0.16517774760723114,0.0,0.0,0.0,0.0
12.419566631317139,-1.5519062280654907,1.0419981479644775,0.0,0.0,-0.008138427510857582,-0.24819953739643097,0.0,0.0,-0.6770992040368033,-0.704883365518652,0.22536925971508026,0.16466282308101654,0.0,0.0,0.0,0.0
12.420849323272705,-1.5519062280654907,1.0419981479644775,0.0,0.0,-0.008138427510857582,-0.24819953739643097,0.0,0.0,-0.6770992040368033,-0.704883365518652,0.22536925971508026,0.16466282308101654,0.0,0.0,0.0,0.0
12.422128200531006,-1.5519062280654907,1.0419981479644775,0.0,0.0,-0.008138427510857582,-0.24819953739643097,0.0,0.0,-0.6769457965953392,-0.7045669538931235,0.2154148817062378,0.17275622487068176,0.0,0.0,0.0,0.0
12.423476219177246,-1.5519062280654907,1.0419981479644775,0.0,0.0,-0.008138427510857582,-0.24819953739643097,0.0,0.0,-0.6769457965953392,-0.7045669538931235,0.2154148817062378,0.17275622487068176,0.0,0.0,0.0,0.0
12.4248206615448,-1.5519062280654907,1.0419981479644775,0.0,0.0,-0.008138427510857582,-0.24819953739643097,0.0,0.0,-0.6765670763629784,-0.7044710800938807,0.22019293904304504,0.1725558489561081,0.0,0.0,0.0,0.0
12.426533460617065,-1.5519062280654907,1.0419981479644775,0.0,0.0,-0.008138427510857582,-0.24819953739643097,0.0,0.0,-0.676547929691157,-0.7044806768364807,0.2191344052553177,0.17473027110099792,0.0,0.0,0.0,0.0
12.428131341934204,-1.5473605394363403,0.8171922564506531,0.0,0.0,-0.008142754435539246,-0.24818699061870575,0.0,0.0,-0.676547929691157,-0.7044806768364807,0.2191344052553177,0.17473027110099792,0.0,0.0,0.0,0.0
12.429505348205566,-1.5473605394363403,0.8171922564506531,0.0,0.0,-0.008142754435539246,-0.24818699061870575,0.0,0.0,-0.6764856210843249,-0.7044806768364807,0.21736036241054535,0.17473027110099792,0.0,0.0,0.0,0.0
12.430909872055054,-1.5473605394363403,0.8171922564506531,0.0,0.0,-0.008142754435539246,-0.24818699061870575,0.0,0.0,-0.6764856210843249,-0.7044806768364807,0.21736036241054535,0.17473027110099792,0.0,0.0,0.0,0.0
12.432322025299072,-1.5473605394363403,0.8171922564506531,0.0,0.0,-0.008142754435539246,-0.24818699061870575,0.0,0.0,-0.6764856210843249,-0.7044806768364807,0.20575478672981262,0.18633586168289185,0.0,0.0,0.0,0.0
12.43390440940857,-1.5473605394363403,0.8171922564506531,0.0,0.0,-0.008142754435539246,-0.24818699061870575,0.0,0.0,-0.6764856210843249,-0.7044806768364807,0.20575478672981262,0.18633586168289185,0.0,0.0,0.0,0.0
12.435336112976074,-1.5473605394363403,0.8171922564506531,0.0,0.0,-0.008142754435539246,-0.24818699061870575,0.0,0.0,-0.6764856210843249,-0.7044806768364807,0.20575478672981262,0.18633586168289185,0.0,0.0,0.0,0.0
12.436918497085571,-1.5473605394363403,0.8171922564506531,0.0,0.0,-0.008142754435539246,-0.24818699061870575,0.0,0.0,-0.6763897472850819,-0.7044806768364807,0.2071567177772522,0.18633586168289185,0.0,0.0,0.0,0.0
12.43901777267456,-1.5619416236877441,0.6231176257133484,0.0,0.0,-0.008149639703333378,-0.2481621503829956,0.0,0.0,-0.6762890517078498,-0.7043272693950164,0.20775771141052246,0.18459051847457886,0.0,0.0,0.0,0.0
12.44048523902893,-1.5619416236877441,0.6231176257133484,0.0,0.0,-0.008149639703333378,-0.2481621503829956,0.0,0.0,-0.6762890517078498,-0.7043272693950164,0.20775771141052246,0.18459051847457886,0.0,0.0,0.0,0.0
12.441919326782227,-1.5619416236877441,0.6231176257133484,0.0,0.0,-0.008149639703333378,-0.2481621503829956,0.0,0.0,-0.6761979996865962,-0.7042362173737629,0.1967237889766693,0.19562587141990662,0.0,0.0,0.0,0.0
12.443620920181274,-1.5619416236877441,0.6231176257133484,0.0,0.0,-0.008149639703333378,-0.2481621503829956,0.0,0.0,-0.676183581166007,-0.7041451185391308,0.19678106904029846,0.19511091709136963,0.0,0.0,0.0,0.0
12.44502568244934,-1.5619416236877441,0.6231176257133484,0.0,0.0,-0.008149639703333378,-0.2481621503829956,0.0,0.0,-0.676183581166007,-0.7041451185391308,0.19678106904029846,0.19511091709136963,0.0,0.0,0.0,0.0
12.446431398391724,-1.5619416236877441,0.6231176257133484,0.0,0.0,-0.008149639703333378,-0.2481621503829956,0.0,0.0,-0.6761788062013963,-0.7041738619535521,0.1960085928440094,0.19608347117900848,0.0,0.0,0.0,0.0
12.44788932800293,-1.5619416236877441,0.6231176257133484,0.0,0.0,-0.008149639703333378,-0.2481621503829956,0.0,0.0,-0.6761788062013963,-0.7041738619535521,0.1960085928440094,0.19608347117900848,0.0,0.0,0.0,0.0
12.44959568977356,-1.56625497341156,0.511009156703949,0.0,0.0,-0.008141101337969303,-0.24810048937797546,0.0,0.0,-0.6760110270527213,-0.7040636164470986,0.19778241217136383,0.1946529895067215,0.0,0.0,0.0,0.0
12.451153755187988,-1.56625497341156,0.511009156703949,0.0,0.0,-0.008141101337969303,-0.24810048937797546,0.0,0.0,-0.6760110270527213,-0.7040636164470986,0.19778241217136383,0.1946529895067215,0.0,0.0,0.0,0.0
12.453111410140991,-1.56625497341156,0.511009156703949,0.0,0.0,-0.008141101337969303,-0.24810048937797546,0.0,0.0,-0.6759103782888677,-0.7039677426478558,0.1869373470544815,0.2055254578590393,0.0,0.0,0.0,0.0
12.45458698272705,-1.56625497341156,0.511009156703949,0.0,0.0,-0.008141101337969303,-0.24810048937797546,0.0,0.0,-0.6758911848036677,-0.7038718688486129,0.18708039820194244,0.20495323836803436,0.0,0.0,0.0,0.0
12.456089973449707,-1.56625497341156,0.511009156703949,0.0,0.0,-0.008141101337969303,-0.24810048937797546,0.0,0.0,-0.6758911848036677,-0.7038718688486129,0.18708039820194244,0.20495323836803436,0.0,0.0,0.0,0.0
12.458845615386963,-1.5725418329238892,0.23902784287929535,0.0,0.0,-0.008152278140187263,-0.24809643626213074,0.0,0.0,-0.6758719913184678,-0.7036321843505058,0.18636520206928253,0.20266446471214294,0.0,0.0,0.0,0.0
12.460870504379272,-1.5725418329238892,0.23902784287929535,0.0,0.0,-0.008152278140187263,-0.24809643626213074,0.0,0.0,-0.6758719913184678,-0.7035267138086629,0.18636520206928253,0.2028932422399521,0.0,0.0,0.0,0.0
12.46268081665039,-1.5725418329238892,0.23902784287929535,0.0,0.0,-0.008152278140187263,-0.24809643626213074,0.0,0.0,-0.675718630690382,-0.7035602790010737,0.17653009295463562,0.21544621884822845,0.0,0.0,0.0,0.0
12.464320659637451,-1.5725418329238892,0.23902784287929535,0.0,0.0,-0.008152278140187263,-0.24809643626213074,0.0,0.0,-0.6756275318557499,-0.7035602790010737,0.17710229754447937,0.21544621884822845,0.0,0.0,0.0,0.0
12.465758800506592,-1.5725418329238892,0.23902784287929535,0.0,0.0,-0.008152278140187263,-0.24809643626213074,0.0,0.0,-0.6756275318557499,-0.7035602790010737,0.17710229754447937,0.21544621884822845,0.0,0.0,0.0,0.0
12.46715521812439,-1.5725418329238892,0.23902784287929535,0.0,0.0,-0.008152278140187263,-0.24809643626213074,0.0,0.0,-0.6753495072006214,-0.7034212900801986,0.1804211437702179,0.21378692984580994,0.0,0.0,0.0,0.0
12.468558311462402,-1.577574372291565,0.06792254745960236,0.0,0.0,-0.008147050626575947,-0.24806348979473114,0.0,0.0,-0.6753495072006214,-0.7034212900801986,0.1804211437702179,0.21378692984580994,0.0,0.0,0.0,0.0
12.469985008239746,-1.577574372291565,0.06792254745960236,0.0,0.0,-0.008147050626575947,-0.24806348979473114,0.0,0.0,-0.6749564152610499,-0.7030905067474593,0.1839400827884674,0.2102392613887787,0.0,0.0,0.0,0.0
12.471400737762451,-1.577574372291565,0.06792254745960236,0.0,0.0,-0.008147050626575947,-0.24806348979473114,0.0,0.0,-0.6749564152610499,-0.7030905067474593,0.1839400827884674,0.2102392613887787,0.0,0.0,0.0,0.0
12.472817659378052,-1.577574372291565,0.06792254745960236,0.0,0.0,-0.008147050626575947,-0.24806348979473114,0.0,0.0,-0.6746783906059214,-0.7026111377512451,0.17301739752292633,0.2173854559659958,0.0,0.0,0.0,0.0
12.47423529624939,-1.577574372291565,0.06792254745960236,0.0,0.0,-0.008147050626575947,-0.24806348979473114,0.0,0.0,-0.6746783906059214,-0.7026111377512451,0.17301739752292633,0.2173854559659958,0.0,0.0,0.0,0.0
12.476209878921509,-1.577574372291565,0.06792254745960236,0.0,0.0,-0.008147050626575947,-0.24806348979473114,0.0,0.0,-0.6746687938633213,-0.7024865205375808,0.17138640582561493,0.21884462237358093,0.0,0.0,0.0,0.0
12.477737188339233,-1.577574372291565,0.06792254745960236,0.0,0.0,-0.008147050626575947,-0.24806348979473114,0.0,0.0,-0.6745681450994678,-0.702294772939095,0.17072847485542297,0.21764294803142548,0.0,0.0,0.0,0.0
12.47944450378418,-1.5845164060592651,-0.12032641470432281,0.0,0.0,-0.008148453198373318,-0.24803408980369568,0.0,0.0,-0.6745681450994678,-0.702294772939095,0.17072847485542297,0.21764294803142548,0.0,0.0,0.0,0.0
12.48133134841919,-1.5845164060592651,-0.12032641470432281,0.0,0.0,-0.008148453198373318,-0.24803408980369568,0.0,0.0,-0.6743092671161607,-0.7021078003052201,0.1726168543100357,0.21658430993556976,0.0,0.0,0.0,0.0
12.482791662216187,-1.5845164060592651,-0.12032641470432281,0.0,0.0,-0.008148453198373318,-0.24803408980369568,0.0,0.0,-0.674098326032475,-0.7020071515413665,0.1653018593788147,0.22824795544147491,0.0,0.0,0.0,0.0
12.484198093414307,-1.5845164060592651,-0.12032641470432281,0.0,0.0,-0.008148453198373318,-0.24803408980369568,0.0,0.0,-0.674098326032475,-0.7020071515413665,0.1653018593788147,0.22824795544147491,0.0,0.0,0.0,0.0
12.485685586929321,-1.5845164060592651,-0.12032641470432281,0.0,0.0,-0.008148453198373318,-0.24803408980369568,0.0,0.0,-0.6740312424610321,-0.7014127152607095,0.16367113590240479,0.2209237664937973,0.0,0.0,0.0,0.0
12.487112998962402,-1.5845164060592651,-0.12032641470432281,0.0,0.0,-0.008148453198373318,-0.24803408980369568,0.0,0.0,-0.6740312424610321,-0.7014127152607095,0.16367113590240479,0.2209237664937973,0.0,0.0,0.0,0.0
12.48854923248291,-1.5910816192626953,-0.3231300115585327,0.0,0.0,-0.008130421862006187,-0.2480095624923706,0.0,0.0,-0.6739065784339893,-0.7013983435534987,0.16447216272354126,0.22329820692539215,0.0,0.0,0.0,0.0
12.49017858505249,-1.5910816192626953,-0.3231300115585327,0.0,0.0,-0.008130421862006187,-0.2480095624923706,0.0,0.0,-0.6738155264127357,-0.7009669114569058,0.16501587629318237,0.2196647673845291,0.0,0.0,0.0,0.0
12.49165415763855,-1.5910816192626953,-0.3231300115585327,0.0,0.0,-0.008130421862006187,-0.2480095624923706,0.0,0.0,-0.6738155264127357,-0.7009669114569058,0.16501587629318237,0.2196647673845291,0.0,0.0,0.0,0.0
12.493098020553589,-1.5910816192626953,-0.3231300115585327,0.0,0.0,-0.008130421862006187,-0.2480095624923706,0.0,0.0,-0.6734655964081749,-0.7007895355656308,0.1577749103307724,0.230196014046669,0.0,0.0,0.0,0.0
12.494537830352783,-1.5910816192626953,-0.3231300115585327,0.0,0.0,-0.008130421862006187,-0.2480095624923706,0.0,0.0,-0.6734655964081749,-0.7007895355656308,0.1577749103307724,0.230196014046669,0.0,0.0,0.0,0.0
12.495944499969482,-1.5910816192626953,-0.3231300115585327,0.0,0.0,-0.008130421862006187,-0.2480095624923706,0.0,0.0,-0.6734607746301857,-0.7006217564169559,0.15577231347560883,0.2305678278207779,0.0,0.0,0.0,0.0
12.497616529464722,-1.5910816192626953,-0.3231300115585327,0.0,0.0,-0.008130421862006187,-0.2480095624923706,0.0,0.0,-0.6733073671887214,-0.7003389099838381,0.1566591113805771,0.2279929667711258,0.0,0.0,0.0,0.0
12.499342203140259,-1.5874345302581787,-0.4053775370121002,0.0,0.0,-0.008123856969177723,-0.24789953231811523,0.0,0.0,-0.6733073671887214,-0.7003389099838381,0.1566591113805771,0.2279929667711258,0.0,0.0,0.0,0.0
12.500785112380981,-1.5874345302581787,-0.4053775370121002,0.0,0.0,-0.008123856969177723,-0.24789953231811523,0.0,0.0,-0.6728999035419393,-0.6999122996652345,0.1616087555885315,0.22473135590553284,0.0,0.0,0.0,0.0
12.50273609161377,-1.5874345302581787,-0.4053775370121002,0.0,0.0,-0.008123856969177723,-0.24789953231811523,0.0,0.0,-0.6724972616731465,-0.6993849937693988,0.15296001732349396,0.2333797812461853,0.0,0.0,0.0,0.0
12.504253387451172,-1.5874345302581787,-0.4053775370121002,0.0,0.0,-0.008123856969177723,-0.24789953231811523,0.0,0.0,-0.6724972616731465,-0.6993849937693988,0.15296001732349396,0.2333797812461853,0.0,0.0,0.0,0.0
12.505735397338867,-1.5874345302581787,-0.4053775370121002,0.0,0.0,-0.008123856969177723,-0.24789953231811523,0.0,0.0,-0.6725499735373786,-0.6989056247731845,0.1498415619134903,0.22931712865829468,0.0,0.0,0.0,0.0
12.507243633270264,-1.5874345302581787,-0.4053775370121002,0.0,0.0,-0.008123856969177723,-0.24789953231811523,0.0,0.0,-0.6723294825244714,-0.6983064135279167,0.15195876359939575,0.22505417466163635,0.0,0.0,0.0,0.0
12.508667707443237,-1.5682514905929565,-0.5004841089248657,0.0,0.0,-0.00806688517332077,-0.24781246483325958,0.0,0.0,-0.6723294825244714,-0.6983064135279167,0.15195876359939575,0.22505417466163635,0.0,0.0,0.0,0.0
12.510120153427124,-1.5682514905929565,-0.5004841089248657,0.0,0.0,-0.00806688517332077,-0.24781246483325958,0.0,0.0,-0.6720178926769322,-0.6976736370902382,0.15464818477630615,0.22116327285766602,0.0,0.0,0.0,0.0
12.5115807056427,-1.5682514905929565,-0.5004841089248657,0.0,0.0,-0.00806688517332077,-0.24781246483325958,0.0,0.0,-0.6720178926769322,-0.6976736370902382,0.15464818477630615,0.22116327285766602,0.0,0.0,0.0,0.0
12.513088464736938,-1.5682514905929565,-0.5004841089248657,0.0,0.0,-0.00806688517332077,-0.24781246483325958,0.0,0.0,-0.6714666183312857,-0.6966525904909775,0.14818283915519714,0.22588352859020233,0.0,0.0,0.0,0.0
12.514589309692383,-1.5682514905929565,-0.5004841089248657,0.0,0.0,-0.00806688517332077,-0.24781246483325958,0.0,0.0,-0.6714666183312857,-0.6966525904909775,0.14818283915519714,0.22588352859020233,0.0,0.0,0.0,0.0
12.516093254089355,-1.5682514905929565,-0.5004841089248657,0.0,0.0,-0.00806688517332077,-0.24781246483325958,0.0,0.0,-0.6709632808852608,-0.695832841419424,0.15118691325187683,0.21781520545482635,0.0,0.0,0.0,0.0
12.518313884735107,-1.5811434984207153,-0.6689656376838684,0.0,0.0,-0.008037237450480461,-0.24774269759655,0.0,0.0,-0.6704935086316466,-0.6947207427989097,0.1538476049900055,0.2111491560935974,0.0,0.0,0.0,0.0
12.51999306678772,-1.5811434984207153,-0.6689656376838684,0.0,0.0,-0.008037237450480461,-0.24774269759655,0.0,0.0,-0.6704935086316466,-0.6947207427989097,0.1538476049900055,0.2111491560935974,0.0,0.0,0.0,0.0
12.521454572677612,-1.5811434984207153,-0.6689656376838684,0.0,0.0,-0.008037237450480461,-0.24774269759655,0.0,0.0,-0.6698463604867573,-0.6935414669801955,0.15868277847766876,0.20542703568935394,0.0,0.0,0.0,0.0
12.522952795028687,-1.5811434984207153,-0.6689656376838684,0.0,0.0,-0.008037237450480461,-0.24774269759655,0.0,0.0,-0.6695827075388394,-0.6925300171235348,0.14728210866451263,0.2089899778366089,0.0,0.0,0.0,0.0
12.524443626403809,-1.5811434984207153,-0.6689656376838684,0.0,0.0,-0.008037237450480461,-0.24774269759655,0.0,0.0,-0.6695827075388394,-0.6925300171235348,0.14728210866451263,0.2089899778366089,0.0,0.0,0.0,0.0
12.526923656463623,-1.5811434984207153,-0.6689656376838684,0.0,0.0,-0.008037237450480461,-0.24774269759655,0.0,0.0,-0.6689978680007823,-0.6915808758737063,0.1509729027748108,0.2025526911020279,0.0,0.0,0.0,0.0
12.528505563735962,-1.5541839599609375,-0.7149776816368103,0.0,0.0,-0.007933101616799831,-0.2476094663143158,0.0,0.0,-0.6685616141262002,-0.6902338209063171,0.15394847095012665,0.19308261573314667,0.0,0.0,0.0,0.0
12.530036687850952,-1.5541839599609375,-0.7149776816368103,0.0,0.0,-0.007933101616799831,-0.2476094663143158,0.0,0.0,-0.6685616141262002,-0.6902338209063171,0.15394847095012665,0.19308261573314667,0.0,0.0,0.0,0.0
12.531571865081787,-1.5541839599609375,-0.7149776816368103,0.0,0.0,-0.007933101616799831,-0.2476094663143158,0.0,0.0,-0.668120632100386,-0.6890833353154029,0.15540753304958344,0.18793271481990814,0.0,0.0,0.0,0.0
12.533140659332275,-1.5541839599609375,-0.7149776816368103,0.0,0.0,-0.007933101616799831,-0.2476094663143158,0.0,0.0,-0.6678425606318789,-0.6883211666994493,0.1451772004365921,0.19616056978702545,0.0,0.0,0.0,0.0
12.534669399261475,-1.5541839599609375,-0.7149776816368103,0.0,0.0,-0.007933101616799831,-0.2476094663143158,0.0,0.0,-0.6678425606318789,-0.6883211666994493,0.1451772004365921,0.19616056978702545,0.0,0.0,0.0,0.0
12.536141872406006,-1.5541839599609375,-0.7149776816368103,0.0,0.0,-0.007933101616799831,-0.2476094663143158,0.0,0.0,-0.6676220696189717,-0.687908881274678,0.14569218456745148,0.19739076495170593,0.0,0.0,0.0,0.0
12.537647008895874,-1.5541839599609375,-0.7149776816368103,0.0,0.0,-0.007933101616799831,-0.2476094663143158,0.0,0.0,-0.6676220696189717,-0.687908881274678,0.14569218456745148,0.19739076495170593,0.0,0.0,0.0,0.0
12.539137363433838,-1.5337202548980713,-0.6987640857696533,0.0,0.0,-0.007782833185046911,-0.2474406361579895,0.0,0.0,-0.667588504426561,-0.6871275191735244,0.14517702162265778,0.19287016987800598,0.0,0.0,0.0,0.0
12.541042804718018,-1.5337202548980713,-0.6987640857696533,0.0,0.0,-0.007782833185046911,-0.2474406361579895,0.0,0.0,-0.667588504426561,-0.6866864903343316,0.1442902833223343,0.1906958371400833,0.0,0.0,0.0,0.0
12.542531728744507,-1.5337202548980713,-0.6987640857696533,0.0,0.0,-0.007782833185046911,-0.2474406361579895,0.0,0.0,-0.667588504426561,-0.6866864903343316,0.1442902833223343,0.1906958371400833,0.0,0.0,0.0,0.0
12.54400110244751,-1.5337202548980713,-0.6987640857696533,0.0,0.0,-0.007782833185046911,-0.2474406361579895,0.0,0.0,-0.667588504426561,-0.6866817153697208,0.13291826844215393,0.20389747619628906,0.0,0.0,0.0,0.0
12.54542088508606,-1.5337202548980713,-0.6987640857696533,0.0,0.0,-0.007782833185046911,-0.2474406361579895,0.0,0.0,-0.667588504426561,-0.6866817153697208,0.13291826844215393,0.20389747619628906,0.0,0.0,0.0,0.0
12.546842575073242,-1.5337202548980713,-0.6987640857696533,0.0,0.0,-0.007782833185046911,-0.2474406361579895,0.0,0.0,-0.667588504426561,-0.6866864903343316,0.13291826844215393,0.2060719132423401,0.0,0.0,0.0,0.0
12.548288106918335,-1.4582241773605347,-0.5480448007583618,0.0,0.0,-0.007496424484997988,-0.24713653326034546,0.0,0.0,-0.667588504426561,-0.6866864903343316,0.13291826844215393,0.2060719132423401,0.0,0.0,0.0,0.0
12.549680471420288,-1.4582241773605347,-0.5480448007583618,0.0,0.0,-0.007496424484997988,-0.24713653326034546,0.0,0.0,-0.667588504426561,-0.6866864903343316,0.13291826844215393,0.2060719132423401,0.0,0.0,0.0,0.0
12.551299571990967,-1.4582241773605347,-0.5480448007583618,0.0,0.0,-0.007496424484997988,-0.24713653326034546,0.0,0.0,-0.667588504426561,-0.6866864903343316,0.13291826844215393,0.2060719132423401,0.0,0.0,0.0,0.0
12.554196119308472,-1.4582241773605347,-0.5480448007583618,0.0,0.0,-0.007496424484997988,-0.24713653326034546,0.0,0.0,-0.667588504426561,-0.6866864903343316,0.12160270661115646,0.21738748252391815,0.0,0.0,0.0,0.0
12.55584716796875,-1.4582241773605347,-0.5480448007583618,0.0,0.0,-0.007496424484997988,-0.24713653326034546,0.0,0.0,-0.667588504426561,-0.6866864903343316,0.12160270661115646,0.21738748252391815,0.0,0.0,0.0,0.0
12.557303190231323,-1.4582241773605347,-0.5480448007583618,0.0,0.0,-0.007496424484997988,-0.24713653326034546,0.0,0.0,-0.6674782589201074,-0.6866864903343316,0.12303315103054047,0.21738748252391815,0.0,0.0,0.0,0.0
12.558719158172607,-1.3958892822265625,-0.4479374289512634,0.0,0.0,-0.007182296831160784,-0.24683545529842377,0.0,0.0,-0.6674782589201074,-0.6866864903343316,0.12303315103054047,0.21738748252391815,0.0,0.0,0.0,0.0
12.560115575790405,-1.3958892822265625,-0.4479374289512634,0.0,0.0,-0.007182296831160784,-0.24683545529842377,0.0,0.0,-0.6673823851208646,-0.6862454614951388,0.12363385409116745,0.21421165764331818,0.0,0.0,0.0,0.0
12.561491966247559,-1.3958892822265625,-0.4479374289512634,0.0,0.0,-0.007182296831160784,-0.24683545529842377,0.0,0.0,-0.6673823851208646,-0.6862454614951388,0.12363385409116745,0.21421165764331818,0.0,0.0,0.0,0.0
12.563153266906738,-1.3958892822265625,-0.4479374289512634,0.0,0.0,-0.007182296831160784,-0.24683545529842377,0.0,0.0,-0.6672865113216218,-0.686063310639253,0.11279409378767014,0.22213459014892578,0.0,0.0,0.0,0.0
12.564476013183594,-1.3958892822265625,-0.4479374289512634,0.0,0.0,-0.007182296831160784,-0.24683545529842377,0.0,0.0,-0.6671570723299681,-0.6858811597833673,0.11442488431930542,0.2223348468542099,0.0,0.0,0.0,0.0
12.565819263458252,-1.3958892822265625,-0.4479374289512634,0.0,0.0,-0.007182296831160784,-0.24683545529842377,0.0,0.0,-0.6671570723299681,-0.6858811597833673,0.11442488431930542,0.2223348468542099,0.0,0.0,0.0,0.0
12.567130088806152,-1.3958892822265625,-0.4479374289512634,0.0,0.0,-0.007182296831160784,-0.24683545529842377,0.0,0.0,-0.6670372300809145,-0.6856750404776709,0.11476832628250122,0.22113344073295593,0.0,0.0,0.0,0.0
12.568456649780273,-1.3832484483718872,-0.6405249834060669,0.0,0.0,-0.007008468732237816,-0.24674151837825775,0.0,0.0,-0.6670372300809145,-0.6856750404776709,0.11476832628250122,0.22113344073295593,0.0,0.0,0.0,0.0
12.569782495498657,-1.3832484483718872,-0.6405249834060669,0.0,0.0,-0.007008468732237816,-0.24674151837825775,0.0,0.0,-0.6667735771329968,-0.6854736961365852,0.11665671318769455,0.21990300714969635,0.0,0.0,0.0,0.0
12.571113109588623,-1.3832484483718872,-0.6405249834060669,0.0,0.0,-0.007008468732237816,-0.24674151837825775,0.0,0.0,-0.6667735771329968,-0.6854736961365852,0.11665671318769455,0.21990300714969635,0.0,0.0,0.0,0.0
12.572412014007568,-1.3832484483718872,-0.6405249834060669,0.0,0.0,-0.007008468732237816,-0.24674151837825775,0.0,0.0,-0.6665866513125003,-0.6849655837259495,0.10640313476324081,0.22715260088443756,0.0,0.0,0.0,0.0
12.573729515075684,-1.3832484483718872,-0.6405249834060669,0.0,0.0,-0.007008468732237816,-0.24674151837825775,0.0,0.0,-0.6665866513125003,-0.6849655837259495,0.10640313476324081,0.22715260088443756,0.0,0.0,0.0,0.0
12.57502818107605,-1.3832484483718872,-0.6405249834060669,0.0,0.0,-0.007008468732237816,-0.24674151837825775,0.0,0.0,-0.6663949037140146,-0.6846539938784102,0.10749025642871857,0.2247777283191681,0.0,0.0,0.0,0.0
12.576337814331055,-1.3832484483718872,-0.6405249834060669,0.0,0.0,-0.007008468732237816,-0.24674151837825775,0.0,0.0,-0.6663949037140146,-0.6846539938784102,0.10749025642871857,0.2247777283191681,0.0,0.0,0.0,0.0
12.577651977539062,-1.3832484483718872,-0.6405249834060669,0.0,0.0,-0.007008468732237816,-0.24674151837825775,0.0,0.0,-0.6662271245653396,-0.6842225617818174,0.10854890197515488,0.22174516320228577,0.0,0.0,0.0,0.0
12.579709529876709,-1.3987977504730225,-0.87766033411026,0.0,0.0,-0.007009122986346483,-0.24674175679683685,0.0,0.0,-0.6662271245653396,-0.6842225617818174,0.10854890197515488,0.22174516320228577,0.0,0.0,0.0,0.0
12.581268310546875,-1.3987977504730225,-0.87766033411026,0.0,0.0,-0.007009122986346483,-0.24674175679683685,0.0,0.0,-0.6658915662679896,-0.6835945603087495,0.1114671379327774,0.2165093719959259,0.0,0.0,0.0,0.0
12.582721710205078,-1.3987977504730225,-0.87766033411026,0.0,0.0,-0.007009122986346483,-0.24674175679683685,0.0,0.0,-0.6656230915420825,-0.6834363779026745,0.1017080768942833,0.2295299470424652,0.0,0.0,0.0,0.0
12.584132194519043,-1.3987977504730225,-0.87766033411026,0.0,0.0,-0.007009122986346483,-0.24674175679683685,0.0,0.0,-0.6656230915420825,-0.6834363779026745,0.1017080768942833,0.2295299470424652,0.0,0.0,0.0,0.0
12.58548617362976,-1.3987977504730225,-0.87766033411026,0.0,0.0,-0.007009122986346483,-0.24674175679683685,0.0,0.0,-0.6653067267299325,-0.682971380613671,0.1035965234041214,0.2261255383491516,0.0,0.0,0.0,0.0
12.586824178695679,-1.3987977504730225,-0.87766033411026,0.0,0.0,-0.007009122986346483,-0.24674175679683685,0.0,0.0,-0.6653067267299325,-0.682971380613671,0.1035965234041214,0.2261255383491516,0.0,0.0,0.0,0.0
12.588367938995361,-1.393223524093628,-0.9938700795173645,0.0,0.0,-0.00696117989718914,-0.24667850136756897,0.0,0.0,-0.6651437225458683,-0.6827892297577853,0.10373935848474503,0.22575360536575317,0.0,0.0,0.0,0.0
12.589755535125732,-1.393223524093628,-0.9938700795173645,0.0,0.0,-0.00696117989718914,-0.24667850136756897,0.0,0.0,-0.6651437225458683,-0.6827892297577853,0.10373935848474503,0.22575360536575317,0.0,0.0,0.0,0.0
12.59114670753479,-1.393223524093628,-0.9938700795173645,0.0,0.0,-0.00696117989718914,-0.24667850136756897,0.0,0.0,-0.6649807651751826,-0.6823769911463925,0.10476949065923691,0.22209133207798004,0.0,0.0,0.0,0.0
12.592915773391724,-1.393223524093628,-0.9938700795173645,0.0,0.0,-0.00696117989718914,-0.24667850136756897,0.0,0.0,-0.6648704728553504,-0.6823482009185925,0.09319357573986053,0.23606912791728973,0.0,0.0,0.0,0.0
12.59436821937561,-1.393223524093628,-0.9938700795173645,0.0,0.0,-0.00696117989718914,-0.24667850136756897,0.0,0.0,-0.6648704728553504,-0.6823482009185925,0.09319357573986053,0.23606912791728973,0.0,0.0,0.0,0.0
12.595831871032715,-1.393223524093628,-0.9938700795173645,0.0,0.0,-0.00696117989718914,-0.24667850136756897,0.0,0.0,-0.6648273577337183,-0.6820845479706746,0.09267842769622803,0.23372307419776917,0.0,0.0,0.0,0.0
12.59841799736023,-1.3778594732284546,-1.083818793296814,0.0,0.0,-0.0069009289145469666,-0.246576189994812,0.0,0.0,-0.6648273577337183,-0.6820318361064425,0.09267842769622803,0.23418092727661133,0.0,0.0,0.0,0.0
12.599968433380127,-1.3778594732284546,-1.083818793296814,0.0,0.0,-0.0069009289145469666,-0.246576189994812,0.0,0.0,-0.6648273577337183,-0.6820318361064425,0.09267842769622803,0.23418092727661133,0.0,0.0,0.0,0.0
12.601590156555176,-1.3778594732284546,-1.083818793296814,0.0,0.0,-0.0069009289145469666,-0.246576189994812,0.0,0.0,-0.664683547034854,-0.6820078676566318,0.0943949893116951,0.23532529175281525,0.0,0.0,0.0,0.0
12.603156566619873,-1.3778594732284546,-1.083818793296814,0.0,0.0,-0.0069009289145469666,-0.246576189994812,0.0,0.0,-0.6645780764930111,-0.6819071720793997,0.08349543809890747,0.24493743479251862,0.0,0.0,0.0,0.0
12.604668378829956,-1.3778594732284546,-1.083818793296814,0.0,0.0,-0.0069009289145469666,-0.246576189994812,0.0,0.0,-0.6645780764930111,-0.6819071720793997,0.08349543809890747,0.24493743479251862,0.0,0.0,0.0,0.0
12.606229305267334,-1.3778594732284546,-1.083818793296814,0.0,0.0,-0.0069009289145469666,-0.246576189994812,0.0,0.0,-0.6642281464884504,-0.6817921516083354,0.08718615770339966,0.24425067007541656,0.0,0.0,0.0,0.0
12.60886263847351,-1.3767894506454468,-1.184324026107788,0.0,0.0,-0.006843074690550566,-0.2464737594127655,0.0,0.0,-0.6641130792040075,-0.681470965018196,0.08712893724441528,0.24199068546295166,0.0,0.0,0.0,0.0
12.61098027229309,-1.3767894506454468,-1.184324026107788,0.0,0.0,-0.006843074690550566,-0.2464737594127655,0.0,0.0,-0.663667275400204,-0.6806033258603997,0.09133486449718475,0.2321486622095108,0.0,0.0,0.0,0.0
12.612764120101929,-1.3767894506454468,-1.184324026107788,0.0,0.0,-0.006843074690550566,-0.2464737594127655,0.0,0.0,-0.663667275400204,-0.6806033258603997,0.09133486449718475,0.2321486622095108,0.0,0.0,0.0,0.0
12.614357709884644,-1.3767894506454468,-1.184324026107788,0.0,0.0,-0.006843074690550566,-0.2464737594127655,0.0,0.0,-0.6636529036929933,-0.6800711981865747,0.07779322564601898,0.24105381965637207,0.0,0.0,0.0,0.0
12.61598515510559,-1.3767894506454468,-1.184324026107788,0.0,0.0,-0.006843074690550566,-0.2464737594127655,0.0,0.0,-0.6634228159374862,-0.6797931735314462,0.07993894070386887,0.2423986792564392,0.0,0.0,0.0,0.0
12.617773056030273,-1.3767894506454468,-1.184324026107788,0.0,0.0,-0.006843074690550566,-0.2464737594127655,0.0,0.0,-0.6634228159374862,-0.6797931735314462,0.07993894070386887,0.2423986792564392,0.0,0.0,0.0,0.0
12.620305299758911,-1.3730556964874268,-1.3279811143875122,0.0,0.0,-0.006798989605158567,-0.24637864530086517,0.0,0.0,-0.6631255977971576,-0.6795295205835283,0.08259986340999603,0.24033866822719574,0.0,0.0,0.0,0.0
12.622001886367798,-1.3730556964874268,-1.3279811143875122,0.0,0.0,-0.006798989605158567,-0.24637864530086517,0.0,0.0,-0.6628331546214398,-0.6793185794998426,0.08425919711589813,0.23859354853630066,0.0,0.0,0.0,0.0
12.623825073242188,-1.3730556964874268,-1.3279811143875122,0.0,0.0,-0.006798989605158567,-0.24637864530086517,0.0,0.0,-0.6625743234515112,-0.678733786775164,0.07450266182422638,0.245347261428833,0.0,0.0,0.0,0.0
12.625590562820435,-1.3730556964874268,-1.3279811143875122,0.0,0.0,-0.006798989605158567,-0.24637864530086517,0.0,0.0,-0.6622387651541612,-0.6780674451450748,0.07659143209457397,0.23888128995895386,0.0,0.0,0.0,0.0
12.627846240997314,-1.3730556964874268,-1.3279811143875122,0.0,0.0,-0.006798989605158567,-0.24637864530086517,0.0,0.0,-0.6614382095678077,-0.6769313312613713,0.08400136977434158,0.22946836054325104,0.0,0.0,0.0,0.0
12.630717515945435,-1.386006474494934,-1.4627453088760376,0.0,0.0,-0.006807947997003794,-0.24631564319133759,0.0,0.0,-0.6606520256886649,-0.6759390280765321,0.09020978957414627,0.2240896373987198,0.0,0.0,0.0,0.0
12.632376670837402,-1.386006474494934,-1.4627453088760376,0.0,0.0,-0.006807947997003794,-0.24631564319133759,0.0,0.0,-0.6606520256886649,-0.6759390280765321,0.09020978957414627,0.2240896373987198,0.0,0.0,0.0,0.0
12.635193347930908,-1.386006474494934,-1.4627453088760376,0.0,0.0,-0.006807947997003794,-0.24631564319133759,0.0,0.0,-0.65914201335059,-0.6734127909171858,0.08785838633775711,0.22114819288253784,0.0,0.0,0.0,0.0
12.637085199356079,-1.386006474494934,-1.4627453088760376,0.0,0.0,-0.006807947997003794,-0.24631564319133759,0.0,0.0,-0.65914201335059,-0.6734127909171858,0.08785838633775711,0.22114819288253784,0.0,0.0,0.0,0.0
12.639738321304321,-1.350361943244934,-1.5149534940719604,0.0,0.0,-0.006656927522271872,-0.24617290496826172,0.0,0.0,-0.6582695992281828,-0.6716822407528251,0.09363765269517899,0.2063281536102295,0.0,0.0,0.0,0.0
12.642066717147827,-1.350361943244934,-1.5149534940719604,0.0,0.0,-0.006656927522271872,-0.24617290496826172,0.0,0.0,-0.6571046951166793,-0.6697599898033574,0.10370834171772003,0.19056396186351776,0.0,0.0,0.0,0.0
12.64457392692566,-1.350361943244934,-1.5149534940719604,0.0,0.0,-0.006656927522271872,-0.24617290496826172,0.0,0.0,-0.6553262548660759,-0.6668070486986504,0.1068582609295845,0.17886127531528473,0.0,0.0,0.0,0.0
12.646839380264282,-1.350361943244934,-1.5149534940719604,0.0,0.0,-0.006656927522271872,-0.24617290496826172,0.0,0.0,-0.6533512452389973,-0.6638685261145326,0.12036223709583282,0.1609797179698944,0.0,0.0,0.0,0.0
12.649479627609253,-1.3228044509887695,-1.5132702589035034,0.0,0.0,-0.006586173083633184,-0.2460222840309143,0.0,0.0,-0.6506428104103869,-0.6604122943771792,0.13815763592720032,0.13623179495334625,0.0,0.0,0.0,0.0
12.651238918304443,-1.3228044509887695,-1.5132702589035034,0.0,0.0,-0.006586173083633184,-0.2460222840309143,0.0,0.0,-0.648356210935769,-0.6570087745040579,0.154265359044075,0.11506027728319168,0.0,0.0,0.0,0.0
12.652909994125366,-1.3228044509887695,-1.5132702589035034,0.0,0.0,-0.006586173083633184,-0.2460222840309143,0.0,0.0,-0.646467525178712,-0.6539551846354974,0.15091478824615479,0.1086820513010025,0.0,0.0,0.0,0.0
12.6544771194458,-1.3228044509887695,-1.5132702589035034,0.0,0.0,-0.006586173083633184,-0.2460222840309143,0.0,0.0,-0.646467525178712,-0.6539551846354974,0.15091478824615479,0.1086820513010025,0.0,0.0,0.0,0.0
12.657428741455078,-1.3228044509887695,-1.5132702589035034,0.0,0.0,-0.006586173083633184,-0.2460222840309143,0.0,0.0,-0.6457340999771799,-0.651980175008419,0.1492268294095993,0.10544898360967636,0.0,0.0,0.0,0.0
12.660240650177002,-1.3067165613174438,-1.3497352600097656,0.0,0.0,-0.006463583093136549,-0.2457355260848999,0.0,0.0,-0.6455135621508942,-0.6512131846144761,0.14459174871444702,0.1087963879108429,0.0,0.0,0.0,0.0
12.663730144500732,-1.3067165613174438,-1.3497352600097656,0.0,0.0,-0.006463583093136549,-0.2457355260848999,0.0,0.0,-0.6463428611516692,-0.6510597771730119,0.11946061253547668,0.12854772806167603,0.0,0.0,0.0,0.0
12.665481090545654,-1.3067165613174438,-1.3497352600097656,0.0,0.0,-0.006463583093136549,-0.2457355260848999,0.0,0.0,-0.6463428611516692,-0.6510597771730119,0.11946061253547668,0.12854772806167603,0.0,0.0,0.0,0.0
12.668680906295776,-1.1819207668304443,-0.654874324798584,0.0,0.0,-0.0060278549790382385,-0.2450816035270691,0.0,0.0,-0.6483610327137583,-0.6531258856347224,0.10366766154766083,0.15303802490234375,0.0,0.0,0.0,0.0
12.670467853546143,-1.1819207668304443,-0.654874324798584,0.0,0.0,-0.0060278549790382385,-0.2450816035270691,0.0,0.0,-0.6483610327137583,-0.6531258856347224,0.10366766154766083,0.15303802490234375,0.0,0.0,0.0,0.0
12.672775745391846,-1.1819207668304443,-0.654874324798584,0.0,0.0,-0.0060278549790382385,-0.2450816035270691,0.0,0.0,-0.6489602439590262,-0.6540462834701295,0.10452596843242645,0.1561565399169922,0.0,0.0,0.0,0.0
12.67501187324524,-1.1819207668304443,-0.654874324798584,0.0,0.0,-0.0060278549790382385,-0.2450816035270691,0.0,0.0,-0.6493149489281976,-0.6548372423138831,0.0915512889623642,0.16850323975086212,0.0,0.0,0.0,0.0
12.676809310913086,-1.1819207668304443,-0.654874324798584,0.0,0.0,-0.0060278549790382385,-0.2450816035270691,0.0,0.0,-0.6494635814050511,-0.6551008952618009,0.09220942854881287,0.16798821091651917,0.0,0.0,0.0,0.0
12.678501605987549,-1.0545952320098877,0.42288607358932495,0.0,0.0,-0.005512639880180359,-0.24394728243350983,0.0,0.0,-0.6494156445054297,-0.6552782243396974,0.09283885359764099,0.16878929734230042,0.0,0.0,0.0,0.0
12.68026852607727,-1.0545952320098877,0.42288607358932495,0.0,0.0,-0.005512639880180359,-0.24394728243350983,0.0,0.0,-0.6494156445054297,-0.6552782243396974,0.09283885359764099,0.16878929734230042,0.0,0.0,0.0,0.0
12.681936740875244,-1.0545952320098877,0.42288607358932495,0.0,0.0,-0.005512639880180359,-0.24394728243350983,0.0,0.0,-0.6494156445054297,-0.6552447059606652,0.08292189240455627,0.1781897246837616,0.0,0.0,0.0,0.0
12.683560609817505,-1.0545952320098877,0.42288607358932495,0.0,0.0,-0.005512639880180359,-0.24394728243350983,0.0,0.0,-0.6494156445054297,-0.6552447059606652,0.08292189240455627,0.1781897246837616,0.0,0.0,0.0,0.0
12.685229301452637,-1.0545952320098877,0.42288607358932495,0.0,0.0,-0.005512639880180359,-0.24394728243350983,0.0,0.0,-0.6493389173780083,-0.6542907429328474,0.08292189240455627,0.16431370377540588,0.0,0.0,0.0,0.0
12.686904430389404,-1.0545952320098877,0.42288607358932495,0.0,0.0,-0.005512639880180359,-0.24394728243350983,0.0,0.0,-0.6485575552768548,-0.6534326537042724,0.09159073233604431,0.1602512151002884,0.0,0.0,0.0,0.0
12.688433408737183,-1.0186446905136108,-0.06419330090284348,0.0,0.0,-0.005171266850084066,-0.24379481375217438,0.0,0.0,-0.6485575552768548,-0.6534326537042724,0.09159073233604431,0.1602512151002884,0.0,0.0,0.0,0.0
12.690678834915161,-1.0186446905136108,-0.06419330090284348,0.0,0.0,-0.005171266850084066,-0.24379481375217438,0.0,0.0,-0.6477474497612797,-0.6520664520650618,0.09951592981815338,0.14794881641864777,0.0,0.0,0.0,0.0
12.692219734191895,-1.0186446905136108,-0.06419330090284348,0.0,0.0,-0.005171266850084066,-0.24379481375217438,0.0,0.0,-0.6474022947213298,-0.6516829568680904,0.08790800720453262,0.16033054888248444,0.0,0.0,0.0,0.0
12.693706512451172,-1.0186446905136108,-0.06419330090284348,0.0,0.0,-0.005171266850084066,-0.24379481375217438,0.0,0.0,-0.6474022947213298,-0.6516829568680904,0.08790800720453262,0.16033054888248444,0.0,0.0,0.0,0.0
12.696003198623657,-1.0186446905136108,-0.06419330090284348,0.0,0.0,-0.005171266850084066,-0.24379481375217438,0.0,0.0,-0.6472201438654441,-0.6511556509722547,0.08733591437339783,0.1584993302822113,0.0,0.0,0.0,0.0
12.698660135269165,-1.080367922782898,-0.7043869495391846,0.0,0.0,-0.005277159623801708,-0.24414986371994019,0.0,0.0,-0.6470331712315691,-0.6506043766266083,0.08756479620933533,0.15689721703529358,0.0,0.0,0.0,0.0
12.70171046257019,-1.080367922782898,-0.7043869495391846,0.0,0.0,-0.005277159623801708,-0.24414986371994019,0.0,0.0,-0.6470331712315691,-0.6504749844483333,0.08596256375312805,0.15663978457450867,0.0,0.0,0.0,0.0
12.704227447509766,-1.080367922782898,-0.7043869495391846,0.0,0.0,-0.005277159623801708,-0.24414986371994019,0.0,0.0,-0.6470331712315691,-0.6504174508061118,0.07472383230924606,0.16968052089214325,0.0,0.0,0.0,0.0
12.705928802490234,-1.080367922782898,-0.7043869495391846,0.0,0.0,-0.005277159623801708,-0.24414986371994019,0.0,0.0,-0.6469133289825155,-0.6504845343775547,0.07624006271362305,0.17088215053081512,0.0,0.0,0.0,0.0
12.707631349563599,-1.080367922782898,-0.7043869495391846,0.0,0.0,-0.005277159623801708,-0.24414986371994019,0.0,0.0,-0.6468222301478834,-0.6504845343775547,0.0768122673034668,0.17088215053081512,0.0,0.0,0.0,0.0
12.710754871368408,-1.0286946296691895,-0.7476854920387268,0.0,0.0,-0.0052069504745304585,-0.24412371218204498,0.0,0.0,-0.6467982616980728,-0.6504845343775547,0.07738447189331055,0.17088215053081512,0.0,0.0,0.0,0.0
12.712778329849243,-1.0286946296691895,-0.7476854920387268,0.0,0.0,-0.0052069504745304585,-0.24412371218204498,0.0,0.0,-0.6467263563486405,-0.6504845343775547,0.06528525054454803,0.182153582572937,0.0,0.0,0.0,0.0
12.714465141296387,-1.0286946296691895,-0.7476854920387268,0.0,0.0,-0.0052069504745304585,-0.24412371218204498,0.0,0.0,-0.6467263563486405,-0.6504845343775547,0.06528525054454803,0.182153582572937,0.0,0.0,0.0,0.0
12.715949296951294,-1.0286946296691895,-0.7476854920387268,0.0,0.0,-0.0052069504745304585,-0.24412371218204498,0.0,0.0,-0.6465969641703655,-0.6503695139064904,0.0668872520327568,0.18066585063934326,0.0,0.0,0.0,0.0
12.71738886833191,-1.0286946296691895,-0.7476854920387268,0.0,0.0,-0.0052069504745304585,-0.24412371218204498,0.0,0.0,-0.6465969641703655,-0.6503695139064904,0.0668872520327568,0.18066585063934326,0.0,0.0,0.0,0.0
12.720126628875732,-1.0216984748840332,-0.6507979035377502,0.0,0.0,-0.005077130161225796,-0.24384833872318268,0.0,0.0,-0.6459977529250978,-0.6492765619577976,0.07212303578853607,0.17013733088970184,0.0,0.0,0.0,0.0
12.721840620040894,-1.0216984748840332,-0.6507979035377502,0.0,0.0,-0.005077130161225796,-0.24384833872318268,0.0,0.0,-0.6459977529250978,-0.6492765619577976,0.07212303578853607,0.17013733088970184,0.0,0.0,0.0,0.0
12.72419548034668,-1.0216984748840332,-0.6507979035377502,0.0,0.0,-0.005077130161225796,-0.24384833872318268,0.0,0.0,-0.6457196814565906,-0.6485718801706869,0.06254363805055618,0.1760818213224411,0.0,0.0,0.0,0.0
12.725860118865967,-1.0216984748840332,-0.6507979035377502,0.0,0.0,-0.005077130161225796,-0.24384833872318268,0.0,0.0,-0.6455471273433049,-0.6485095715638548,0.06417448073625565,0.18043063580989838,0.0,0.0,0.0,0.0
12.728005170822144,-1.0316404104232788,-0.8723050951957703,0.0,0.0,-0.005031644366681576,-0.24379748106002808,0.0,0.0,-0.6451971973387441,-0.6477665496197227,0.06574804335832596,0.1710750311613083,0.0,0.0,0.0,0.0
12.729470491409302,-1.0316404104232788,-0.8723050951957703,0.0,0.0,-0.005031644366681576,-0.24379748106002808,0.0,0.0,-0.6451971973387441,-0.6477665496197227,0.06574804335832596,0.1710750311613083,0.0,0.0,0.0,0.0
12.731547594070435,-1.0316404104232788,-0.8723050951957703,0.0,0.0,-0.005031644366681576,-0.24379748106002808,0.0,0.0,-0.6448472673341835,-0.6467838431774835,0.0673501044511795,0.16400836408138275,0.0,0.0,0.0,0.0
12.733695268630981,-1.0316404104232788,-0.8723050951957703,0.0,0.0,-0.005031644366681576,-0.24379748106002808,0.0,0.0,-0.6443630765599799,-0.6459976592983406,0.06135273724794388,0.17046354711055756,0.0,0.0,0.0,0.0
12.737452745437622,-1.0316404104232788,-0.8723050951957703,0.0,0.0,-0.005031644366681576,-0.24379748106002808,0.0,0.0,-0.6430160684059693,-0.6435049405180264,0.07042212784290314,0.15120893716812134,0.0,0.0,0.0,0.0
12.740028142929077,-1.0373331308364868,-1.052661657333374,0.0,0.0,-0.005055641755461693,-0.2437741458415985,0.0,0.0,-0.6421771726625943,-0.6419901532153408,0.0762871652841568,0.14517217874526978,0.0,0.0,0.0,0.0
12.741977214813232,-1.0373331308364868,-1.052661657333374,0.0,0.0,-0.005055641755461693,-0.2437741458415985,0.0,0.0,-0.6421771726625943,-0.6419901532153408,0.0762871652841568,0.14517217874526978,0.0,0.0,0.0,0.0
12.744351148605347,-1.0373331308364868,-1.052661657333374,0.0,0.0,-0.005055641755461693,-0.2437741458415985,0.0,0.0,-0.6414005855260515,-0.6404417539068659,0.06912544369697571,0.1424921452999115,0.0,0.0,0.0,0.0
12.746135711669922,-1.0373331308364868,-1.052661657333374,0.0,0.0,-0.005055641755461693,-0.2437741458415985,0.0,0.0,-0.6405424962974766,-0.6391810228094981,0.07479015737771988,0.13880136609077454,0.0,0.0,0.0,0.0
12.749017000198364,-1.00075101852417,-1.0509347915649414,0.0,0.0,-0.0049405950121581554,-0.24363471567630768,0.0,0.0,-0.6400200121796301,-0.6378387896200982,0.07656416296958923,0.12981769442558289,0.0,0.0,0.0,0.0
12.751252889633179,-1.00075101852417,-1.0509347915649414,0.0,0.0,-0.0049405950121581554,-0.24363471567630768,0.0,0.0,-0.6393968324845516,-0.6367314659641946,0.08028349280357361,0.1250111162662506,0.0,0.0,0.0,0.0
12.753472089767456,-1.00075101852417,-1.0509347915649414,0.0,0.0,-0.0049405950121581554,-0.24363471567630768,0.0,0.0,-0.6393824607773408,-0.6360794960413161,0.06592104583978653,0.1346241533756256,0.0,0.0,0.0,0.0
12.755229234695435,-1.00075101852417,-1.0509347915649414,0.0,0.0,-0.0049405950121581554,-0.24363471567630768,0.0,0.0,-0.6393824607773408,-0.6360794960413161,0.06592104583978653,0.1346241533756256,0.0,0.0,0.0,0.0
12.756905317306519,-1.00075101852417,-1.0509347915649414,0.0,0.0,-0.0049405950121581554,-0.24363471567630768,0.0,0.0,-0.6391954881434659,-0.6356864509151232,0.06697967648506165,0.13428089022636414,0.0,0.0,0.0,0.0
12.7586030960083,-0.9721485376358032,-1.0093885660171509,0.0,0.0,-0.004788198042660952,-0.2434292733669281,0.0,0.0,-0.6391043893088337,-0.6357343878147447,0.06675063073635101,0.1381145417690277,0.0,0.0,0.0,0.0
12.760382890701294,-0.9721485376358032,-1.0093885660171509,0.0,0.0,-0.004788198042660952,-0.2434292733669281,0.0,0.0,-0.6391043893088337,-0.6357343878147447,0.06675063073635101,0.1381145417690277,0.0,0.0,0.0,0.0
12.761834859848022,-0.9721485376358032,-1.0093885660171509,0.0,0.0,-0.004788198042660952,-0.2434292733669281,0.0,0.0,-0.6390564524092124,-0.6357583562645553,0.06620725989341736,0.13911612331867218,0.0,0.0,0.0,0.0
12.763331890106201,-0.9721485376358032,-1.0093885660171509,0.0,0.0,-0.004788198042660952,-0.2434292733669281,0.0,0.0,-0.639435172641573,-0.6357583562645553,0.05091939494013786,0.15019813179969788,0.0,0.0,0.0,0.0
12.764743328094482,-0.9721485376358032,-1.0093885660171509,0.0,0.0,-0.004788198042660952,-0.2434292733669281,0.0,0.0,-0.639435172641573,-0.6357583562645553,0.05091939494013786,0.15019813179969788,0.0,0.0,0.0,0.0
12.766136884689331,-0.9721485376358032,-1.0093885660171509,0.0,0.0,-0.004788198042660952,-0.2434292733669281,0.0,0.0,-0.6396316952046694,-0.6357583562645553,0.04874512553215027,0.15019813179969788,0.0,0.0,0.0,0.0
12.767607927322388,-0.9721485376358032,-1.0093885660171509,0.0,0.0,-0.004788198042660952,-0.2434292733669281,0.0,0.0,-0.6396316952046694,-0.6357583562645553,0.04874512553215027,0.15019813179969788,0.0,0.0,0.0,0.0
12.768994092941284,-0.8832981586456299,-0.6739904284477234,0.0,0.0,-0.004464215599000454,-0.24298298358917236,0.0,0.0,-0.639593355047648,-0.6357583562645553,0.0506046824157238,0.15019813179969788,0.0,0.0,0.0,0.0
12.770798683166504,-0.8832981586456299,-0.6739904284477234,0.0,0.0,-0.004464215599000454,-0.24298298358917236,0.0,0.0,-0.6395981768256374,-0.6357583562645553,0.05189208313822746,0.15019813179969788,0.0,0.0,0.0,0.0
12.772995233535767,-0.8832981586456299,-0.6739904284477234,0.0,0.0,-0.004464215599000454,-0.24298298358917236,0.0,0.0,-0.6395981768256374,-0.6357583562645553,0.05189208313822746,0.15019813179969788,0.0,0.0,0.0,0.0
12.775207757949829,-0.8832981586456299,-0.6739904284477234,0.0,0.0,-0.004464215599000454,-0.24298298358917236,0.0,0.0,-0.6395981768256374,-0.6357583562645553,0.040733255445957184,0.16135834157466888,0.0,0.0,0.0,0.0
12.777189493179321,-0.8832981586456299,-0.6739904284477234,0.0,0.0,-0.004464215599000454,-0.24298298358917236,0.0,0.0,-0.6395981768256374,-0.6357583562645553,0.040733255445957184,0.16135834157466888,0.0,0.0,0.0,0.0
12.77905821800232,-0.837337076663971,-0.6310058236122131,0.0,0.0,-0.004173583816736937,-0.24264870584011078,0.0,0.0,-0.6395981768256374,-0.6357583562645553,0.040733255445957184,0.16135834157466888,0.0,0.0,0.0,0.0
12.781108617782593,-0.837337076663971,-0.6310058236122131,0.0,0.0,-0.004173583816736937,-0.24264870584011078,0.0,0.0,-0.6395981768256374,-0.6356193205303019,0.040733255445957184,0.15969878435134888,0.0,0.0,0.0,0.0
12.78338074684143,-0.837337076663971,-0.6310058236122131,0.0,0.0,-0.004173583816736937,-0.24264870584011078,0.0,0.0,-0.6391811164362552,-0.635523446731059,0.03459278494119644,0.17027144134044647,0.0,0.0,0.0,0.0
12.785666465759277,-0.837337076663971,-0.6310058236122131,0.0,0.0,-0.004173583816736937,-0.24264870584011078,0.0,0.0,-0.6391139860514338,-0.6354323478964269,0.034649837762117386,0.16969923675060272,0.0,0.0,0.0,0.0
12.788110494613647,-0.8357722759246826,-0.9389090538024902,0.0,0.0,-0.004104327876120806,-0.24264603853225708,0.0,0.0,-0.6390564524092124,-0.6354515413816268,0.032847560942173004,0.17064325511455536,0.0,0.0,0.0,0.0
12.790065288543701,-0.8357722759246826,-0.9389090538024902,0.0,0.0,-0.004104327876120806,-0.24264603853225708,0.0,0.0,-0.6390564524092124,-0.6354515413816268,0.032847560942173004,0.17064325511455536,0.0,0.0,0.0,0.0
12.792563915252686,-0.8357722759246826,-0.9389090538024902,0.0,0.0,-0.004104327876120806,-0.24264603853225708,0.0,0.0,-0.6390564524092124,-0.6354515413816268,0.032847560942173004,0.17064325511455536,0.0,0.0,0.0,0.0
12.794382572174072,-0.8357722759246826,-0.9389090538024902,0.0,0.0,-0.004104327876120806,-0.24264603853225708,0.0,0.0,-0.6390564524092124,-0.6354515413816268,0.021677277982234955,0.18181493878364563,0.0,0.0,0.0,0.0
12.796329259872437,-0.8357722759246826,-0.9389090538024902,0.0,0.0,-0.004104327876120806,-0.24264603853225708,0.0,0.0,-0.6390564524092124,-0.6353125056473733,0.021677277982234955,0.1801556497812271,0.0,0.0,0.0,0.0
12.798131704330444,-0.8518139123916626,-1.1187173128128052,0.0,0.0,-0.004108347464352846,-0.24264419078826904,0.0,0.0,-0.6388838982959266,-0.6350153343204233,0.023508111014962196,0.17672225832939148,0.0,0.0,0.0,0.0
12.800018548965454,-0.8518139123916626,-1.1187173128128052,0.0,0.0,-0.004108347464352846,-0.24264419078826904,0.0,0.0,-0.6388838982959266,-0.6350153343204233,0.023508111014962196,0.17672225832939148,0.0,0.0,0.0,0.0
12.801835536956787,-0.8518139123916626,-1.1187173128128052,0.0,0.0,-0.004108347464352846,-0.24264419078826904,0.0,0.0,-0.638615470383398,-0.6344640599747768,0.026712680235505104,0.1726023405790329,0.0,0.0,0.0,0.0
12.803341150283813,-0.8518139123916626,-1.1187173128128052,0.0,0.0,-0.004108347464352846,-0.24264419078826904,0.0,0.0,-0.6381600698369945,-0.6342099569560805,0.020417477935552597,0.18175871670246124,0.0,0.0,0.0,0.0
12.80472207069397,-0.8518139123916626,-1.1187173128128052,0.0,0.0,-0.004108347464352846,-0.24264419078826904,0.0,0.0,-0.6381600698369945,-0.6342099569560805,0.020417477935552597,0.18175871670246124,0.0,0.0,0.0,0.0
12.80603575706482,-0.8518139123916626,-1.1187173128128052,0.0,0.0,-0.004108347464352846,-0.24264419078826904,0.0,0.0,-0.637862851696666,-0.6338504302089198,0.021504666656255722,0.1812722384929657,0.0,0.0,0.0,0.0
12.807400226593018,-0.8518139123916626,-1.1187173128128052,0.0,0.0,-0.004108347464352846,-0.24264419078826904,0.0,0.0,-0.637862851696666,-0.6338504302089198,0.021504666656255722,0.1812722384929657,0.0,0.0,0.0,0.0
12.809176921844482,-0.8636533617973328,-1.2537223100662231,0.0,0.0,-0.004126820247620344,-0.24260073900222778,0.0,0.0,-0.6375080999141159,-0.6331170050073877,0.021704770624637604,0.17454901337623596,0.0,0.0,0.0,0.0
12.810844421386719,-0.8636533617973328,-1.2537223100662231,0.0,0.0,-0.004126820247620344,-0.24260073900222778,0.0,0.0,-0.6371485731669553,-0.6326280392685735,0.023907816037535667,0.17111578583717346,0.0,0.0,0.0,0.0
12.812587022781372,-0.8636533617973328,-1.2537223100662231,0.0,0.0,-0.004126820247620344,-0.24260073900222778,0.0,0.0,-0.6371485731669553,-0.6326280392685735,0.023907816037535667,0.17111578583717346,0.0,0.0,0.0,0.0
12.814256191253662,-0.8636533617973328,-1.2537223100662231,0.0,0.0,-0.004126820247620344,-0.24260073900222778,0.0,0.0,-0.6369328571186589,-0.6322685125214127,0.013738665729761124,0.18188557028770447,0.0,0.0,0.0,0.0
12.815772771835327,-0.8636533617973328,-1.2537223100662231,0.0,0.0,-0.004126820247620344,-0.24260073900222778,0.0,0.0,-0.6366596074281411,-0.6320048595734948,0.01659991219639778,0.18102720379829407,0.0,0.0,0.0,0.0
12.817132711410522,-0.8636533617973328,-1.2537223100662231,0.0,0.0,-0.004126820247620344,-0.24260073900222778,0.0,0.0,-0.6366596074281411,-0.6320048595734948,0.01659991219639778,0.18102720379829407,0.0,0.0,0.0,0.0
12.81875467300415,-0.8641940355300903,-1.4893022775650024,0.0,0.0,-0.00413615582510829,-0.2425985485315323,0.0,0.0,-0.6364822783502446,-0.6315973959267127,0.016485415399074554,0.17788013815879822,0.0,0.0,0.0,0.0
12.820617198944092,-0.8641940355300903,-1.4893022775650024,0.0,0.0,-0.00413615582510829,-0.2425985485315323,0.0,0.0,-0.636017281061241,-0.6310269749092449,0.020748339593410492,0.17404630780220032,0.0,0.0,0.0,0.0
12.82251262664795,-0.8641940355300903,-1.4893022775650024,0.0,0.0,-0.00413615582510829,-0.2425985485315323,0.0,0.0,-0.6358446801345768,-0.6308208556035485,0.009949710220098495,0.18372903764247894,0.0,0.0,0.0,0.0
12.824262619018555,-0.8641940355300903,-1.4893022775650024,0.0,0.0,-0.00413615582510829,-0.2425985485315323,0.0,0.0,-0.6358446801345768,-0.6308208556035485,0.009949710220098495,0.18372903764247894,0.0,0.0,0.0,0.0
12.825958013534546,-0.8641940355300903,-1.4893022775650024,0.0,0.0,-0.00413615582510829,-0.2425985485315323,0.0,0.0,-0.6358446801345768,-0.6308208556035485,0.009949710220098495,0.18372903764247894,0.0,0.0,0.0,0.0
12.827558040618896,-0.8641940355300903,-1.4893022775650024,0.0,0.0,-0.00413615582510829,-0.2425985485315323,0.0,0.0,-0.6352263222174875,-0.6300586401742164,0.014470015652477741,0.1811540573835373,0.0,0.0,0.0,0.0
12.829274415969849,-0.8590835332870483,-1.5001202821731567,0.0,0.0,-0.00409235805273056,-0.2424854040145874,0.0,0.0,-0.6352263222174875,-0.6300586401742164,0.014470015652477741,0.1811540573835373,0.0,0.0,0.0,0.0
12.83099627494812,-0.8590835332870483,-1.5001202821731567,0.0,0.0,-0.00409235805273056,-0.2424854040145874,0.0,0.0,-0.6348524237631161,-0.6294258637365379,0.01681610941886902,0.17577549815177917,0.0,0.0,0.0,0.0
12.833086252212524,-0.8590835332870483,-1.5001202821731567,0.0,0.0,-0.00409235805273056,-0.2424854040145874,0.0,0.0,-0.6343826046961233,-0.6289752849681236,0.008406546898186207,0.18349719047546387,0.0,0.0,0.0,0.0
12.835772514343262,-0.8590835332870483,-1.5001202821731567,0.0,0.0,-0.00409235805273056,-0.2424854040145874,0.0,0.0,-0.6339799628273304,-0.6282178445034022,0.010809637606143951,0.17846167087554932,0.0,0.0,0.0,0.0
12.838268518447876,-0.8331341743469238,-1.5636351108551025,0.0,0.0,-0.004002964589744806,-0.24231800436973572,0.0,0.0,-0.6331650355337662,-0.627244734803763,0.01816263422369957,0.1714235097169876,0.0,0.0,0.0,0.0
12.839835166931152,-0.8331341743469238,-1.5636351108551025,0.0,0.0,-0.004002964589744806,-0.24231800436973572,0.0,0.0,-0.6331650355337662,-0.627244734803763,0.01816263422369957,0.1714235097169876,0.0,0.0,0.0,0.0
12.84131646156311,-0.8331341743469238,-1.5636351108551025,0.0,0.0,-0.004002964589744806,-0.24231800436973572,0.0,0.0,-0.6325754210310983,-0.6262955935539344,0.02068033441901207,0.16335546970367432,0.0,0.0,0.0,0.0
12.843005180358887,-0.8331341743469238,-1.5636351108551025,0.0,0.0,-0.004002964589744806,-0.24231800436973572,0.0,0.0,-0.6325754210310983,-0.6262955935539344,0.02068033441901207,0.16335546970367432,0.0,0.0,0.0,0.0
12.844838380813599,-0.8331341743469238,-1.5636351108551025,0.0,0.0,-0.004002964589744806,-0.24231800436973572,0.0,0.0,-0.6316837666101127,-0.6249677320717452,0.01645127311348915,0.16452458500862122,0.0,0.0,0.0,0.0
12.846517086029053,-0.8331341743469238,-1.5636351108551025,0.0,0.0,-0.004002964589744806,-0.24231800436973572,0.0,0.0,-0.6306866884606628,-0.6239754288869059,0.022917017340660095,0.16006143391132355,0.0,0.0,0.0,0.0
12.84825325012207,-0.8275492191314697,-1.4238810539245605,0.0,0.0,-0.003961567301303148,-0.24220368266105652,0.0,0.0,-0.6306866884606628,-0.6239754288869059,0.022917017340660095,0.16006143391132355,0.0,0.0,0.0,0.0
12.85000491142273,-0.8275492191314697,-1.4238810539245605,0.0,0.0,-0.003961567301303148,-0.24220368266105652,0.0,0.0,-0.6294403290705056,-0.6222353287933239,0.03198668360710144,0.14715829491615295,0.0,0.0,0.0,0.0
12.851574659347534,-0.8275492191314697,-1.4238810539245605,0.0,0.0,-0.003961567301303148,-0.24220368266105652,0.0,0.0,-0.6281508077453378,-0.6203466430362669,0.03070945292711258,0.14265602827072144,0.0,0.0,0.0,0.0
12.853121757507324,-0.8275492191314697,-1.4238810539245605,0.0,0.0,-0.003961567301303148,-0.24220368266105652,0.0,0.0,-0.6281508077453378,-0.6203466430362669,0.03070945292711258,0.14265602827072144,0.0,0.0,0.0,0.0
12.855003356933594,-0.8275492191314697,-1.4238810539245605,0.0,0.0,-0.003961567301303148,-0.24220368266105652,0.0,0.0,-0.6262333317604808,-0.6175614810802349,0.04630202800035477,0.12474613636732101,0.0,0.0,0.0,0.0
12.856539964675903,-0.8275492191314697,-1.4238810539245605,0.0,0.0,-0.003961567301303148,-0.24220368266105652,0.0,0.0,-0.6246322674011523,-0.6154235140824706,0.05585794895887375,0.10755132138729095,0.0,0.0,0.0,0.0
12.85847783088684,-0.8192409873008728,-1.6272088289260864,0.0,0.0,-0.0039079212583601475,-0.24200785160064697,0.0,0.0,-0.6227004197090845,-0.6129931039089886,0.06584276258945465,0.09298861026763916,0.0,0.0,0.0,0.0
12.860018730163574,-0.8192409873008728,-1.6272088289260864,0.0,0.0,-0.0039079212583601475,-0.24200785160064697,0.0,0.0,-0.6227004197090845,-0.6129931039089886,0.06584276258945465,0.09298861026763916,0.0,0.0,0.0,0.0
12.8616361618042,-0.8192409873008728,-1.6272088289260864,0.0,0.0,-0.0039079212583601475,-0.24200785160064697,0.0,0.0,-0.6211376486933989,-0.6104380765218423,0.06625011563301086,0.08994922041893005,0.0,0.0,0.0,0.0
12.86344838142395,-0.8192409873008728,-1.6272088289260864,0.0,0.0,-0.0039079212583601475,-0.24200785160064697,0.0,0.0,-0.6211376486933989,-0.6104380765218423,0.06625011563301086,0.08994922041893005,0.0,0.0,0.0,0.0
12.86495852470398,-0.8192409873008728,-1.6272088289260864,0.0,0.0,-0.0039079212583601475,-0.24200785160064697,0.0,0.0,-0.6200542934873061,-0.6088225936419246,0.06639328598976135,0.08442750573158264,0.0,0.0,0.0,0.0
12.86644983291626,-0.8192409873008728,-1.6272088289260864,0.0,0.0,-0.0039079212583601475,-0.24200785160064697,0.0,0.0,-0.6200542934873061,-0.6088225936419246,0.06639328598976135,0.08442750573158264,0.0,0.0,0.0,0.0
12.868423700332642,-0.7701884508132935,-1.3733665943145752,0.0,0.0,-0.003743987064808607,-0.24165219068527222,0.0,0.0,-0.6197523003823668,-0.6078255154924745,0.06439056247472763,0.08251050859689713,0.0,0.0,0.0,0.0
12.870888471603394,-0.7701884508132935,-1.3733665943145752,0.0,0.0,-0.003743987064808607,-0.24165219068527222,0.0,0.0,-0.619795415503999,-0.6075330723167568,0.06098606064915657,0.08840421587228775,0.0,0.0,0.0,0.0
12.872550249099731,-0.7701884508132935,-1.3733665943145752,0.0,0.0,-0.003743987064808607,-0.24165219068527222,0.0,0.0,-0.6202843812428133,-0.6079501327061388,0.043106622993946075,0.10465281456708908,0.0,0.0,0.0,0.0
12.874727964401245,-0.7701884508132935,-1.3733665943145752,0.0,0.0,-0.003743987064808607,-0.24165219068527222,0.0,0.0,-0.6211185020215775,-0.6088225936419246,0.033121537417173386,0.11872921884059906,0.0,0.0,0.0,0.0
12.876700639724731,-0.7701884508132935,-1.3733665943145752,0.0,0.0,-0.003743987064808607,-0.24165219068527222,0.0,0.0,-0.6216937448170345,-0.6092827691529389,0.031519364565610886,0.12010227888822556,0.0,0.0,0.0,0.0
12.878175258636475,-0.720310389995575,-0.7214386463165283,0.0,0.0,-0.0034976641181856394,-0.24096767604351044,0.0,0.0,-0.6216937448170345,-0.6092827691529389,0.031519364565610886,0.12010227888822556,0.0,0.0,0.0,0.0
12.879586458206177,-0.720310389995575,-0.7214386463165283,0.0,0.0,-0.0034976641181856394,-0.24096767604351044,0.0,0.0,-0.6219669476941739,-0.6098772054335959,0.031261928379535675,0.12296329438686371,0.0,0.0,0.0,0.0
12.880942583084106,-0.720310389995575,-0.7214386463165283,0.0,0.0,-0.0034976641181856394,-0.24096767604351044,0.0,0.0,-0.6219669476941739,-0.6098772054335959,0.031261928379535675,0.12296329438686371,0.0,0.0,0.0,0.0
12.882313966751099,-0.720310389995575,-0.7214386463165283,0.0,0.0,-0.0034976641181856394,-0.24096767604351044,0.0,0.0,-0.6221443235854489,-0.6098963989187959,0.021026115864515305,0.13088303804397583,0.0,0.0,0.0,0.0
12.88397765159607,-0.720310389995575,-0.7214386463165283,0.0,0.0,-0.0034976641181856394,-0.24096767604351044,0.0,0.0,-0.6221107583930382,-0.6098388652765745,0.021627042442560196,0.13022510707378387,0.0,0.0,0.0,0.0
12.885426998138428,-0.720310389995575,-0.7214386463165283,0.0,0.0,-0.0034976641181856394,-0.24096767604351044,0.0,0.0,-0.6221107583930382,-0.6098388652765745,0.021627042442560196,0.13022510707378387,0.0,0.0,0.0,0.0
12.886847496032715,-0.720310389995575,-0.7214386463165283,0.0,0.0,-0.0034976641181856394,-0.24096767604351044,0.0,0.0,-0.6221107583930382,-0.6098388652765745,0.022885948419570923,0.12888042628765106,0.0,0.0,0.0,0.0
12.88852858543396,-0.6300815343856812,-0.15941041707992554,0.0,0.0,-0.003178609302267432,-0.24017129838466644,0.0,0.0,-0.6221107583930382,-0.6098388652765745,0.022885948419570923,0.12888042628765106,0.0,0.0,0.0,0.0
12.890361070632935,-0.6300815343856812,-0.15941041707992554,0.0,0.0,-0.003178609302267432,-0.24017129838466644,0.0,0.0,-0.6215739025679811,-0.6096806828704995,0.028121398761868477,0.12888042628765106,0.0,0.0,0.0,0.0
12.891728401184082,-0.6300815343856812,-0.15941041707992554,0.0,0.0,-0.003178609302267432,-0.24017129838466644,0.0,0.0,-0.6211040835009882,-0.6089088706985674,0.021766964346170425,0.12994219362735748,0.0,0.0,0.0,0.0
12.89309573173523,-0.6300815343856812,-0.15941041707992554,0.0,0.0,-0.003178609302267432,-0.24017129838466644,0.0,0.0,-0.6211040835009882,-0.6089088706985674,0.021766964346170425,0.12994219362735748,0.0,0.0,0.0,0.0
12.894455909729004,-0.6300815343856812,-0.15941041707992554,0.0,0.0,-0.003178609302267432,-0.24017129838466644,0.0,0.0,-0.6207541534964275,-0.6081179118548139,0.022911150008440018,0.12270369380712509,0.0,0.0,0.0,0.0
12.895840406417847,-0.6300815343856812,-0.15941041707992554,0.0,0.0,-0.003178609302267432,-0.24017129838466644,0.0,0.0,-0.6207541534964275,-0.6081179118548139,0.022911150008440018,0.12270369380712509,0.0,0.0,0.0,0.0
12.897619009017944,-0.6300815343856812,-0.15941041707992554,0.0,0.0,-0.003178609302267432,-0.24017129838466644,0.0,0.0,-0.6203754800774454,-0.6073940833958817,0.025600625202059746,0.12124457210302353,0.0,0.0,0.0,0.0
12.899718761444092,-0.642119288444519,-0.7883062362670898,0.0,0.0,-0.003051642794162035,-0.24023014307022095,0.0,0.0,-0.6201022303869276,-0.6071687706049853,0.026544762775301933,0.12181688845157623,0.0,0.0,0.0,0.0
12.901565790176392,-0.642119288444519,-0.7883062362670898,0.0,0.0,-0.003051642794162035,-0.24023014307022095,0.0,0.0,-0.6200446967447061,-0.6071783673475853,0.01378538180142641,0.13440276682376862,0.0,0.0,0.0,0.0
12.903020143508911,-0.642119288444519,-0.7883062362670898,0.0,0.0,-0.003051642794162035,-0.24023014307022095,0.0,0.0,-0.6200446967447061,-0.6071783673475853,0.01378538180142641,0.13440276682376862,0.0,0.0,0.0,0.0
12.90445351600647,-0.642119288444519,-0.7883062362670898,0.0,0.0,-0.003051642794162035,-0.24023014307022095,0.0,0.0,-0.6200351000021062,-0.6072263042472068,0.013041682541370392,0.1355186104774475,0.0,0.0,0.0,0.0
12.905916929244995,-0.642119288444519,-0.7883062362670898,0.0,0.0,-0.003051642794162035,-0.24023014307022095,0.0,0.0,-0.6200351000021062,-0.6072263042472068,0.013041682541370392,0.1355186104774475,0.0,0.0,0.0,0.0
12.90778636932373,-0.642119288444519,-0.7883062362670898,0.0,0.0,-0.003051642794162035,-0.24023014307022095,0.0,0.0,-0.6200351000021062,-0.6072263042472068,0.013041682541370392,0.1355186104774475,0.0,0.0,0.0,0.0
12.909731149673462,-0.6445749998092651,-1.0025689601898193,0.0,0.0,-0.003055878449231386,-0.24033799767494202,0.0,0.0,-0.6200351000021062,-0.6072263042472068,0.013041682541370392,0.1355186104774475,0.0,0.0,0.0,0.0
12.911205291748047,-0.6445749998092651,-1.0025689601898193,0.0,0.0,-0.003055878449231386,-0.24033799767494202,0.0,0.0,-0.6200351000021062,-0.6072263042472068,0.001968350261449814,0.14659222960472107,0.0,0.0,0.0,0.0
12.912626028060913,-0.6445749998092651,-1.0025689601898193,0.0,0.0,-0.003055878449231386,-0.24033799767494202,0.0,0.0,-0.6200351000021062,-0.6072263042472068,0.001968350261449814,0.14659222960472107,0.0,0.0,0.0,0.0
12.914323806762695,-0.6445749998092651,-1.0025689601898193,0.0,0.0,-0.003055878449231386,-0.24033799767494202,0.0,0.0,-0.6200351000021062,-0.6072263042472068,0.001968350261449814,0.14659222960472107,0.0,0.0,0.0,0.0
12.915757417678833,-0.6445749998092651,-1.0025689601898193,0.0,0.0,-0.003055878449231386,-0.24033799767494202,0.0,0.0,-0.6200351000021062,-0.6072263042472068,0.001968350261449814,0.14659222960472107,0.0,0.0,0.0,0.0
12.917192935943604,-0.6445749998092651,-1.0025689601898193,0.0,0.0,-0.003055878449231386,-0.24033799767494202,0.0,0.0,-0.6200351000021062,-0.6072263042472068,0.001968350261449814,0.14659222960472107,0.0,0.0,0.0,0.0
12.918650150299072,-0.617827296257019,-0.9204906821250916,0.0,0.0,-0.0030100280418992043,-0.24017320573329926,0.0,0.0,-0.6200351000021062,-0.6072263042472068,0.001968350261449814,0.14659222960472107,0.0,0.0,0.0,0.0
12.920712947845459,-0.617827296257019,-0.9204906821250916,0.0,0.0,-0.0030100280418992043,-0.24017320573329926,0.0,0.0,-0.6198865143386311,-0.6071352054125746,0.0036849083844572306,0.14659222960472107,0.0,0.0,0.0,0.0
12.922686576843262,-0.617827296257019,-0.9204906821250916,0.0,0.0,-0.0030100280418992043,-0.24017320573329926,0.0,0.0,-0.6195413592986811,-0.6066414647091497,-0.002685785060748458,0.15070125460624695,0.0,0.0,0.0,0.0
12.924559831619263,-0.617827296257019,-0.9204906821250916,0.0,0.0,-0.0030100280418992043,-0.24017320573329926,0.0,0.0,-0.6193160465077847,-0.6061668706775462,-0.0022565757390111685,0.148355171084404,0.0,0.0,0.0,0.0
12.926689147949219,-0.617827296257019,-0.9204906821250916,0.0,0.0,-0.0030100280418992043,-0.24017320573329926,0.0,0.0,-0.6189277763462026,-0.6059032177296283,0.0009762684931047261,0.1470964252948761,0.0,0.0,0.0,0.0
12.929589986801147,-0.6328541040420532,-1.1309919357299805,0.0,0.0,-0.0029882213566452265,-0.24008683860301971,0.0,0.0,-0.6185394593712419,-0.6054717856330354,0.003293864894658327,0.14406363666057587,0.0,0.0,0.0,0.0
12.931426286697388,-0.6328541040420532,-1.1309919357299805,0.0,0.0,-0.0029882213566452265,-0.24008683860301971,0.0,0.0,-0.6185394593712419,-0.6054717856330354,0.003293864894658327,0.14406363666057587,0.0,0.0,0.0,0.0
12.934430360794067,-0.6328541040420532,-1.1309919357299805,0.0,0.0,-0.0029882213566452265,-0.24008683860301971,0.0,0.0,-0.6182518379735134,-0.6047431822094926,-0.0072616348043084145,0.15004299581050873,0.0,0.0,0.0,0.0
12.936140775680542,-0.6328541040420532,-1.1309919357299805,0.0,0.0,-0.0029882213566452265,-0.24008683860301971,0.0,0.0,-0.6182518379735134,-0.6047431822094926,-0.0072616348043084145,0.15004299581050873,0.0,0.0,0.0,0.0
12.937744379043579,-0.6328541040420532,-1.1309919357299805,0.0,0.0,-0.0029882213566452265,-0.24008683860301971,0.0,0.0,-0.6181943511446705,-0.6047287636889034,-0.008234437555074692,0.15284687280654907,0.0,0.0,0.0,0.0
12.939813375473022,-0.6354181170463562,-1.3368964195251465,0.0,0.0,-0.0029882213566452265,-0.24008683860301971,0.0,0.0,-0.6180600903750276,-0.604771925623914,-0.007404909003525972,0.15393392741680145,0.0,0.0,0.0,0.0
12.94194507598877,-0.6354181170463562,-1.3368964195251465,0.0,0.0,-0.0029882213566452265,-0.24008683860301971,0.0,0.0,-0.6179594416111741,-0.6046328898896605,-0.017886478453874588,0.16332843899726868,0.0,0.0,0.0,0.0
12.943944931030273,-0.6354181170463562,-1.3368964195251465,0.0,0.0,-0.0029882213566452265,-0.24008683860301971,0.0,0.0,-0.6179594416111741,-0.6046328898896605,-0.017886478453874588,0.16332843899726868,0.0,0.0,0.0,0.0
12.946356296539307,-0.6354181170463562,-1.3368964195251465,0.0,0.0,-0.0029882213566452265,-0.24008683860301971,0.0,0.0,-0.6176095116066134,-0.6041919078638461,-0.01419576071202755,0.1583215296268463,0.0,0.0,0.0,0.0
12.94869327545166,-0.6258573532104492,-1.3923040628433228,0.0,0.0,-0.0029461770318448544,-0.23999172449111938,0.0,0.0,-0.6174896693575598,-0.6040576470942034,-0.01428147777915001,0.1590939462184906,0.0,0.0,0.0,0.0
12.951965808868408,-0.6258573532104492,-1.3923040628433228,0.0,0.0,-0.0029461770318448544,-0.23999172449111938,0.0,0.0,-0.6172787282738741,-0.6036885704178212,-0.013079793192446232,0.15654757618904114,0.0,0.0,0.0,0.0
12.954822778701782,-0.6258573532104492,-1.3923040628433228,0.0,0.0,-0.0029461770318448544,-0.23999172449111938,0.0,0.0,-0.6170534154829777,-0.6033146251500713,-0.0227200984954834,0.16495630145072937,0.0,0.0,0.0,0.0
12.957443952560425,-0.6258573532104492,-1.3923040628433228,0.0,0.0,-0.0029461770318448544,-0.23999172449111938,0.0,0.0,-0.6166843388065956,-0.6028927897960784,-0.019658803939819336,0.16143736243247986,0.0,0.0,0.0,0.0
12.96051812171936,-0.6118691563606262,-1.4724723100662231,0.0,0.0,-0.0029258057475090027,-0.23987923562526703,0.0,0.0,-0.6161378394255599,-0.601996360410482,-0.014652127400040627,0.1540558636188507,0.0,0.0,0.0,0.0
12.962405443191528,-0.6118691563606262,-1.4724723100662231,0.0,0.0,-0.0029258057475090027,-0.23987923562526703,0.0,0.0,-0.6156632453939563,-0.6012965004013606,-0.01310728583484888,0.14962127804756165,0.0,0.0,0.0,0.0
12.964271306991577,-0.6118691563606262,-1.4724723100662231,0.0,0.0,-0.0029258057475090027,-0.23987923562526703,0.0,0.0,-0.6153276870966063,-0.6006972891560928,-0.02331359311938286,0.1579424887895584,0.0,0.0,0.0,0.0
12.966737270355225,-0.6118691563606262,-1.4724723100662231,0.0,0.0,-0.0029258057475090027,-0.23987923562526703,0.0,0.0,-0.6149681603494457,-0.6001124496180357,-0.019708871841430664,0.1531645804643631,0.0,0.0,0.0,0.0
12.968454122543335,-0.6268458366394043,-1.6758521795272827,0.0,0.0,-0.0029229961801320314,-0.2398364394903183,0.0,0.0,-0.6149681603494457,-0.6001124496180357,-0.019708871841430664,0.1531645804643631,0.0,0.0,0.0,0.0
12.971378087997437,-0.6268458366394043,-1.6758521795272827,0.0,0.0,-0.0029229961801320314,-0.2398364394903183,0.0,0.0,-0.6139663072353849,-0.5985497254157286,-0.023685025051236153,0.15513662993907928,0.0,0.0,0.0,0.0
12.973034620285034,-0.6268458366394043,-1.6758521795272827,0.0,0.0,-0.0029229961801320314,-0.2398364394903183,0.0,0.0,-0.6139663072353849,-0.5985497254157286,-0.023685025051236153,0.15513662993907928,0.0,0.0,0.0,0.0
12.975405216217041,-0.6268458366394043,-1.6758521795272827,0.0,0.0,-0.0029229961801320314,-0.2398364394903183,0.0,0.0,-0.6134102111117493,-0.5977204264149536,-0.019708145409822464,0.14867059886455536,0.0,0.0,0.0,0.0
12.97704529762268,-0.6268458366394043,-1.6758521795272827,0.0,0.0,-0.0029229961801320314,-0.2398364394903183,0.0,0.0,-0.6125617654391529,-0.5966034592030716,-0.01370005402714014,0.14040224254131317,0.0,0.0,0.0,0.0
12.97914171218872,-0.6141423583030701,-1.7353966236114502,0.0,0.0,-0.0028721566777676344,-0.2397172898054123,0.0,0.0,-0.6115071536474815,-0.5951989174068395,-0.005145649425685406,0.12921564280986786,0.0,0.0,0.0,0.0
12.98080825805664,-0.6141423583030701,-1.7353966236114502,0.0,0.0,-0.0028721566777676344,-0.2397172898054123,0.0,0.0,-0.6115071536474815,-0.5951989174068395,-0.005145649425685406,0.12921564280986786,0.0,0.0,0.0,0.0
12.982908725738525,-0.6141423583030701,-1.7353966236114502,0.0,0.0,-0.0028721566777676344,-0.2397172898054123,0.0,0.0,-0.6105531906196637,-0.5936937268467538,-0.010205245576798916,0.1194024458527565,0.0,0.0,0.0,0.0
12.984530925750732,-0.6141423583030701,-1.7353966236114502,0.0,0.0,-0.0028721566777676344,-0.2397172898054123,0.0,0.0,-0.6092349258800744,-0.5918768996257504,-0.0003061059978790581,0.11710793524980545,0.0,0.0,0.0,0.0
12.986294269561768,-0.6141423583030701,-1.7353966236114502,0.0,0.0,-0.0028721566777676344,-0.2397172898054123,0.0,0.0,-0.6076722016777674,-0.5896334620861433,0.011509975418448448,0.10228777676820755,0.0,0.0,0.0,0.0
12.9891197681427,-0.5814829468727112,-1.6749989986419678,0.0,0.0,-0.002762581454589963,-0.23948460817337036,0.0,0.0,-0.6055917215088461,-0.5874187679609577,0.024556299671530724,0.08535057306289673,0.0,0.0,0.0,0.0
12.990772724151611,-0.5814829468727112,-1.6749989986419678,0.0,0.0,-0.002762581454589963,-0.23948460817337036,0.0,0.0,-0.6055917215088461,-0.5874187679609577,0.024556299671530724,0.08535057306289673,0.0,0.0,0.0,0.0
12.992440938949585,-0.5814829468727112,-1.6749989986419678,0.0,0.0,-0.002762581454589963,-0.23948460817337036,0.0,0.0,-0.6037844910304426,-0.5848924839882328,0.027958959341049194,0.08340820670127869,0.0,0.0,0.0,0.0
12.994488716125488,-0.5814829468727112,-1.6749989986419678,0.0,0.0,-0.002762581454589963,-0.23948460817337036,0.0,0.0,-0.6017280261247105,-0.5828455690117222,0.03840175271034241,0.06990412622690201,0.0,0.0,0.0,0.0
12.996901512145996,-0.5814829468727112,-1.6749989986419678,0.0,0.0,-0.002762581454589963,-0.23948460817337036,0.0,0.0,-0.6003234375150999,-0.5813068132592258,0.04486771672964096,0.06318077445030212,0.0,0.0,0.0,0.0
12.998578786849976,-0.5562005639076233,-1.5546300411224365,0.0,0.0,-0.002632805844768882,-0.23922215402126312,0.0,0.0,-0.6003234375150999,-0.5813068132592258,0.04486771672964096,0.06318077445030212,0.0,0.0,0.0,0.0
13.000332593917847,-0.5562005639076233,-1.5546300411224365,0.0,0.0,-0.002632805844768882,-0.23922215402126312,0.0,0.0,-0.5992353073443963,-0.5799693550344367,0.04930219054222107,0.06034824624657631,0.0,0.0,0.0,0.0
13.001872301101685,-0.5562005639076233,-1.5546300411224365,0.0,0.0,-0.002632805844768882,-0.23922215402126312,0.0,0.0,-0.5985641907496964,-0.5794852110736116,0.038800448179244995,0.07439649105072021,0.0,0.0,0.0,0.0
13.003563642501831,-0.5562005639076233,-1.5546300411224365,0.0,0.0,-0.002632805844768882,-0.23922215402126312,0.0,0.0,-0.5985641907496964,-0.5794852110736116,0.038800448179244995,0.07439649105072021,0.0,0.0,0.0,0.0
13.005297422409058,-0.5562005639076233,-1.5546300411224365,0.0,0.0,-0.002632805844768882,-0.23922215402126312,0.0,0.0,-0.5986073058713286,-0.5792647200607045,0.03385071083903313,0.07496853172779083,0.0,0.0,0.0,0.0
13.007031679153442,-0.5562005639076233,-1.5546300411224365,0.0,0.0,-0.002632805844768882,-0.23922215402126312,0.0,0.0,-0.5985593689717071,-0.5794180806887903,0.03193388134241104,0.07785816490650177,0.0,0.0,0.0,0.0
13.008846998214722,-0.5003559589385986,-1.0811911821365356,0.0,0.0,-0.0024276806507259607,-0.2386833131313324,0.0,0.0,-0.5985593689717071,-0.5794180806887903,0.03193388134241104,0.07785816490650177,0.0,0.0,0.0,0.0
13.010538578033447,-0.5003559589385986,-1.0811911821365356,0.0,0.0,-0.0024276806507259607,-0.2386833131313324,0.0,0.0,-0.5987175513777822,-0.5803624469740081,0.031132904812693596,0.09087592363357544,0.0,0.0,0.0,0.0
13.012387752532959,-0.5003559589385986,-1.0811911821365356,0.0,0.0,-0.0024276806507259607,-0.2386833131313324,0.0,0.0,-0.599417458200282,-0.581023966826108,0.009201429784297943,0.10648582875728607,0.0,0.0,0.0,0.0
13.014650106430054,-0.5003559589385986,-1.0811911821365356,0.0,0.0,-0.0024276806507259607,-0.2386833131313324,0.0,0.0,-0.5998584870394749,-0.5819347679189152,0.009058266878128052,0.11383887380361557,0.0,0.0,0.0,0.0
13.016273021697998,-0.5003559589385986,-1.0811911821365356,0.0,0.0,-0.0024276806507259607,-0.2386833131313324,0.0,0.0,-0.5998584870394749,-0.5819347679189152,0.009058266878128052,0.11383887380361557,0.0,0.0,0.0,0.0
13.017735958099365,-0.5003559589385986,-1.0811911821365356,0.0,0.0,-0.0024276806507259607,-0.2386833131313324,0.0,0.0,-0.6000454128599714,-0.5822319860592436,0.008342955261468887,0.11203643679618835,0.0,0.0,0.0,0.0
13.01985216140747,-0.4581621587276459,-0.2862602770328522,0.0,0.0,-0.0022373839747160673,-0.23778992891311646,0.0,0.0,-0.600088574794982,-0.5822415828018437,0.010174009948968887,0.1096329540014267,0.0,0.0,0.0,0.0
13.021420240402222,-0.4581621587276459,-0.2862602770328522,0.0,0.0,-0.0022373839747160673,-0.23778992891311646,0.0,0.0,-0.600088574794982,-0.5822415828018437,0.010174009948968887,0.1096329540014267,0.0,0.0,0.0,0.0
13.023382663726807,-0.4581621587276459,-0.2862602770328522,0.0,0.0,-0.0022373839747160673,-0.23778992891311646,0.0,0.0,-0.6000214444101606,-0.5822272110946329,0.0002911314368247986,0.11851480603218079,0.0,0.0,0.0,0.0
13.024970531463623,-0.4581621587276459,-0.2862602770328522,0.0,0.0,-0.0022373839747160673,-0.23778992891311646,0.0,0.0,-0.5993599245580606,-0.582059431945958,0.006385110784322023,0.11851480603218079,0.0,0.0,0.0,0.0
13.026973009109497,-0.4581621587276459,-0.2862602770328522,0.0,0.0,-0.0022373839747160673,-0.23778992891311646,0.0,0.0,-0.5986360960991285,-0.5814458489934794,0.014367308467626572,0.10970291495323181,0.0,0.0,0.0,0.0
13.028644323348999,-0.46176549792289734,-0.37457358837127686,0.0,0.0,-0.0021793378982692957,-0.23742695152759552,0.0,0.0,-0.5986360960991285,-0.5814458489934794,0.014367308467626572,0.10970291495323181,0.0,0.0,0.0,0.0
13.03023362159729,-0.46176549792289734,-0.37457358837127686,0.0,0.0,-0.0021793378982692957,-0.23742695152759552,0.0,0.0,-0.5976869080359215,-0.5808801561272438,0.020861834287643433,0.10584031045436859,0.0,0.0,0.0,0.0
13.031886577606201,-0.46176549792289734,-0.37457358837127686,0.0,0.0,-0.0021793378982692957,-0.23742695152759552,0.0,0.0,-0.5970925185686429,-0.5804918859656616,0.012960268184542656,0.11474322527647018,0.0,0.0,0.0,0.0
13.033613443374634,-0.46176549792289734,-0.37457358837127686,0.0,0.0,-0.0021793378982692957,-0.23742695152759552,0.0,0.0,-0.5970925185686429,-0.5804918859656616,0.012960268184542656,0.11474322527647018,0.0,0.0,0.0,0.0
13.035285472869873,-0.46176549792289734,-0.37457358837127686,0.0,0.0,-0.0021793378982692957,-0.23742695152759552,0.0,0.0,-0.5965268725157857,-0.5801802961181224,0.015249142423272133,0.11468612402677536,0.0,0.0,0.0,0.0
13.037540197372437,-0.46176549792289734,-0.37457358837127686,0.0,0.0,-0.0021793378982692957,-0.23742695152759552,0.0,0.0,-0.5961433773188144,-0.5801706993755223,0.0172234158962965,0.11631684005260468,0.0,0.0,0.0,0.0
13.03985047340393,-0.5266616344451904,-0.9607932567596436,0.0,0.0,-0.0023498469963669777,-0.23763810098171234,0.0,0.0,-0.5961529272480358,-0.5802282330177437,0.01330370269715786,0.117461197078228,0.0,0.0,0.0,0.0
13.041532278060913,-0.5266616344451904,-0.9607932567596436,0.0,0.0,-0.0023498469963669777,-0.23763810098171234,0.0,0.0,-0.5961529272480358,-0.5802282330177437,0.01330370269715786,0.117461197078228,0.0,0.0,0.0,0.0
13.043815851211548,-0.5266616344451904,-0.9607932567596436,0.0,0.0,-0.0023498469963669777,-0.23763810098171234,0.0,0.0,-0.5961049903484144,-0.5802282330177437,0.0019060448976233602,0.12834398448467255,0.0,0.0,0.0,0.0
13.045552015304565,-0.5266616344451904,-0.9607932567596436,0.0,0.0,-0.0023498469963669777,-0.23763810098171234,0.0,0.0,-0.5961049903484144,-0.5802282330177437,0.0019060448976233602,0.12834398448467255,0.0,0.0,0.0,0.0
13.0477614402771,-0.5266616344451904,-0.9607932567596436,0.0,0.0,-0.0023498469963669777,-0.23763810098171234,0.0,0.0,-0.5961049903484144,-0.5802282330177437,0.0019060448976233602,0.12834398448467255,0.0,0.0,0.0,0.0
13.049530029296875,-0.5361233353614807,-1.028220534324646,0.0,0.0,-0.0024237479083240032,-0.23761706054210663,0.0,0.0,-0.5961049903484144,-0.5802282330177437,0.0019060448976233602,0.12834398448467255,0.0,0.0,0.0,0.0
13.051882266998291,-0.5361233353614807,-1.028220534324646,0.0,0.0,-0.0024237479083240032,-0.23761706054210663,0.0,0.0,-0.5961049903484144,-0.5802282330177437,0.0019060448976233602,0.12834398448467255,0.0,0.0,0.0,0.0
13.0540771484375,-0.5361233353614807,-1.028220534324646,0.0,0.0,-0.0024237479083240032,-0.23761706054210663,0.0,0.0,-0.5959947448419608,-0.5802282330177437,-0.007663071155548096,0.1393720507621765,0.0,0.0,0.0,0.0
13.056252002716064,-0.5361233353614807,-1.028220534324646,0.0,0.0,-0.0024237479083240032,-0.23761706054210663,0.0,0.0,-0.595898871042718,-0.5802282330177437,-0.007062089163810015,0.1393720507621765,0.0,0.0,0.0,0.0
13.058072805404663,-0.5571340322494507,-0.9099760055541992,0.0,0.0,-0.0025343222077935934,-0.23736019432544708,0.0,0.0,-0.5956591865446108,-0.5802282330177437,-0.004058126360177994,0.1393720507621765,0.0,0.0,0.0,0.0
13.060079574584961,-0.5571340322494507,-0.9099760055541992,0.0,0.0,-0.0025343222077935934,-0.23736019432544708,0.0,0.0,-0.5953619684042823,-0.5798015758857616,-0.0021984612103551626,0.1362820416688919,0.0,0.0,0.0,0.0
13.061801195144653,-0.5571340322494507,-0.9099760055541992,0.0,0.0,-0.0025343222077935934,-0.23736019432544708,0.0,0.0,-0.5953619684042823,-0.5798015758857616,-0.0021984612103551626,0.1362820416688919,0.0,0.0,0.0,0.0
13.063482522964478,-0.5571340322494507,-0.9099760055541992,0.0,0.0,-0.0025343222077935934,-0.23736019432544708,0.0,0.0,-0.5950983154563645,-0.5795283730086224,-0.01280346978455782,0.14348271489143372,0.0,0.0,0.0,0.0
13.065124750137329,-0.5571340322494507,-0.9099760055541992,0.0,0.0,-0.0025343222077935934,-0.23736019432544708,0.0,0.0,-0.5950983154563645,-0.5795283730086224,-0.01280346978455782,0.14348271489143372,0.0,0.0,0.0,0.0
13.066802024841309,-0.5571340322494507,-0.9099760055541992,0.0,0.0,-0.0025343222077935934,-0.23736019432544708,0.0,0.0,-0.5948970179286572,-0.579116087583851,-0.011144131422042847,0.14042142033576965,0.0,0.0,0.0,0.0
13.068464279174805,-0.5614336729049683,-1.158433437347412,0.0,0.0,-0.0025898993480950594,-0.23733928799629211,0.0,0.0,-0.5947915473868144,-0.5787182206796688,-0.010514650493860245,0.13804654777050018,0.0,0.0,0.0,0.0
13.070062160491943,-0.5614336729049683,-1.158433437347412,0.0,0.0,-0.0025898993480950594,-0.23733928799629211,0.0,0.0,-0.5947915473868144,-0.5787182206796688,-0.010514650493860245,0.13804654777050018,0.0,0.0,0.0,0.0
13.071609735488892,-0.5614336729049683,-1.158433437347412,0.0,0.0,-0.0025898993480950594,-0.23733928799629211,0.0,0.0,-0.594316953355211,-0.5783586939325082,-0.006137453019618988,0.13552889227867126,0.0,0.0,0.0,0.0
13.073215961456299,-0.5614336729049683,-1.158433437347412,0.0,0.0,-0.0025898993480950594,-0.23733928799629211,0.0,0.0,-0.594316953355211,-0.5783586939325082,-0.006137453019618988,0.13552889227867126,0.0,0.0,0.0,0.0
13.07530665397644,-0.5614336729049683,-1.158433437347412,0.0,0.0,-0.0025898993480950594,-0.23733928799629211,0.0,0.0,-0.5942114828133681,-0.5780662975701688,-0.018254779279232025,0.14609982073307037,0.0,0.0,0.0,0.0
13.076830387115479,-0.5614336729049683,-1.158433437347412,0.0,0.0,-0.0025898993480950594,-0.23733928799629211,0.0,0.0,-0.5940005885430609,-0.5777547077226296,-0.01699581742286682,0.14366795122623444,0.0,0.0,0.0,0.0
13.078266382217407,-0.5697375535964966,-1.3479975461959839,0.0,0.0,-0.002602848457172513,-0.23733314871788025,0.0,0.0,-0.5940005885430609,-0.5777547077226296,-0.01699581742286682,0.14366795122623444,0.0,0.0,0.0,0.0
13.08008861541748,-0.5697375535964966,-1.3479975461959839,0.0,0.0,-0.002602848457172513,-0.23733314871788025,0.0,0.0,-0.5938471811015966,-0.5775437666389439,-0.016080234199762344,0.14378245174884796,0.0,0.0,0.0,0.0
13.081883192062378,-0.5697375535964966,-1.3479975461959839,0.0,0.0,-0.002602848457172513,-0.23733314871788025,0.0,0.0,-0.5936554335031109,-0.5770691726073404,-0.02568785287439823,0.14998823404312134,0.0,0.0,0.0,0.0
13.083501815795898,-0.5697375535964966,-1.3479975461959839,0.0,0.0,-0.002602848457172513,-0.23733314871788025,0.0,0.0,-0.5936554335031109,-0.5770691726073404,-0.02568785287439823,0.14998823404312134,0.0,0.0,0.0,0.0
13.085147142410278,-0.5697375535964966,-1.3479975461959839,0.0,0.0,-0.002602848457172513,-0.23733314871788025,0.0,0.0,-0.5934924293190467,-0.5765658351613154,-0.024657996371388435,0.14629746973514557,0.0,0.0,0.0,0.0
13.086895227432251,-0.5697375535964966,-1.3479975461959839,0.0,0.0,-0.002602848457172513,-0.23733314871788025,0.0,0.0,-0.592993913651011,-0.5760673194932797,-0.02005169168114662,0.14234936237335205,0.0,0.0,0.0,0.0
13.088812828063965,-0.5666714310646057,-1.432782530784607,0.0,0.0,-0.002625259105116129,-0.23724624514579773,0.0,0.0,-0.592993913651011,-0.5760673194932797,-0.02005169168114662,0.14234936237335205,0.0,0.0,0.0,0.0
13.091949462890625,-0.5666714310646057,-1.432782530784607,0.0,0.0,-0.002625259105116129,-0.23724624514579773,0.0,0.0,-0.5923419437281324,-0.5749983359943975,-0.028507860377430916,0.1469133198261261,0.0,0.0,0.0,0.0
13.09420132637024,-0.5666714310646057,-1.432782530784607,0.0,0.0,-0.002625259105116129,-0.23724624514579773,0.0,0.0,-0.591996835501561,-0.5745381136700047,-0.02501741237938404,0.14648404717445374,0.0,0.0,0.0,0.0
13.095777750015259,-0.5666714310646057,-1.432782530784607,0.0,0.0,-0.002625259105116129,-0.23724624514579773,0.0,0.0,-0.591996835501561,-0.5745381136700047,-0.02501741237938404,0.14648404717445374,0.0,0.0,0.0,0.0
13.09720253944397,-0.5666714310646057,-1.432782530784607,0.0,0.0,-0.002625259105116129,-0.23724624514579773,0.0,0.0,-0.5915605816269789,-0.5734787269137227,-0.021126586943864822,0.13406714797019958,0.0,0.0,0.0,0.0
13.098618745803833,-0.5553982257843018,-1.5067394971847534,0.0,0.0,-0.002555611077696085,-0.2371193915605545,0.0,0.0,-0.5915605816269789,-0.5734787269137227,-0.021126586943864822,0.13406714797019958,0.0,0.0,0.0,0.0
13.100031852722168,-0.5553982257843018,-1.5067394971847534,0.0,0.0,-0.002555611077696085,-0.2371193915605545,0.0,0.0,-0.5910955843379754,-0.5726829462919799,-0.020153671503067017,0.13160666823387146,0.0,0.0,0.0,0.0
13.102057456970215,-0.5553982257843018,-1.5067394971847534,0.0,0.0,-0.002555611077696085,-0.2371193915605545,0.0,0.0,-0.5905874719273396,-0.5716331562782977,-0.028536135330796242,0.1346689760684967,0.0,0.0,0.0,0.0
13.10354995727539,-0.5553982257843018,-1.5067394971847534,0.0,0.0,-0.002555611077696085,-0.2371193915605545,0.0,0.0,-0.5905874719273396,-0.5716331562782977,-0.028536135330796242,0.1346689760684967,0.0,0.0,0.0,0.0
13.106303215026855,-0.5553982257843018,-1.5067394971847534,0.0,0.0,-0.002555611077696085,-0.2371193915605545,0.0,0.0,-0.5895424568782682,-0.5695670478165872,-0.01940947026014328,0.12039246410131454,0.0,0.0,0.0,0.0
13.1092050075531,-0.5295277237892151,-1.5673726797103882,0.0,0.0,-0.0024617561139166355,-0.2369997799396515,0.0,0.0,-0.5887131578774933,-0.5680235170994801,-0.014459732919931412,0.10857637226581573,0.0,0.0,0.0,0.0
13.110895156860352,-0.5295277237892151,-1.5673726797103882,0.0,0.0,-0.0024617561139166355,-0.2369997799396515,0.0,0.0,-0.5887131578774933,-0.5680235170994801,-0.014459732919931412,0.10857637226581573,0.0,0.0,0.0,0.0
13.112439632415771,-0.5295277237892151,-1.5673726797103882,0.0,0.0,-0.0024617561139166355,-0.2369997799396515,0.0,0.0,-0.5879173772557506,-0.566264223520698,-0.019205063581466675,0.09787609428167343,0.0,0.0,0.0,0.0
13.114033222198486,-0.5295277237892151,-1.5673726797103882,0.0,0.0,-0.0024617561139166355,-0.2369997799396515,0.0,0.0,-0.5879173772557506,-0.566264223520698,-0.019205063581466675,0.09787609428167343,0.0,0.0,0.0,0.0
13.115869045257568,-0.5295277237892151,-1.5673726797103882,0.0,0.0,-0.0024617561139166355,-0.2369997799396515,0.0,0.0,-0.5871168216693969,-0.5646295471555802,-0.01442709844559431,0.0981854498386383,0.0,0.0,0.0,0.0
13.11763620376587,-0.5295277237892151,-1.5673726797103882,0.0,0.0,-0.0024617561139166355,-0.2369997799396515,0.0,0.0,-0.586119743519947,-0.5633544443510017,-0.008790827356278896,0.09180530905723572,0.0,0.0,0.0,0.0
13.119968175888062,-0.5288372039794922,-1.5715913772583008,0.0,0.0,-0.002396757947281003,-0.2368089109659195,0.0,0.0,-0.5853191879335935,-0.5617821234060947,-0.0036982623860239983,0.0828503668308258,0.0,0.0,0.0,0.0
13.122440338134766,-0.5288372039794922,-1.5715913772583008,0.0,0.0,-0.002396757947281003,-0.2368089109659195,0.0,0.0,-0.5845186791606185,-0.5607035431646126,-0.010009276680648327,0.09022007137537003,0.0,0.0,0.0,0.0
13.124115943908691,-0.5288372039794922,-1.5715913772583008,0.0,0.0,-0.002396757947281003,-0.2368089109659195,0.0,0.0,-0.5845186791606185,-0.5607035431646126,-0.010009276680648327,0.09022007137537003,0.0,0.0,0.0,0.0
13.126760959625244,-0.5288372039794922,-1.5715913772583008,0.0,0.0,-0.002396757947281003,-0.2368089109659195,0.0,0.0,-0.5839050493947614,-0.5596968682725626,-0.006948149763047695,0.08498439937829971,0.0,0.0,0.0,0.0
13.12850570678711,-0.4585675597190857,-1.379862904548645,0.0,0.0,-0.0021776517387479544,-0.2364998608827591,0.0,0.0,-0.5834832140407685,-0.5591024319919055,-0.006032454781234264,0.08412592113018036,0.0,0.0,0.0,0.0
13.130166292190552,-0.4585675597190857,-1.379862904548645,0.0,0.0,-0.0021776517387479544,-0.2364998608827591,0.0,0.0,-0.5829798765947436,-0.5585511576462591,-0.002771056490018964,0.08146516978740692,0.0,0.0,0.0,0.0
13.132429361343384,-0.4585675597190857,-1.379862904548645,0.0,0.0,-0.0021776517387479544,-0.2364998608827591,0.0,0.0,-0.582711448682215,-0.5584361371751948,-0.013101417571306229,0.09379981458187103,0.0,0.0,0.0,0.0
13.134925603866577,-0.4585675597190857,-1.379862904548645,0.0,0.0,-0.0021776517387479544,-0.2364998608827591,0.0,0.0,-0.5826107531049829,-0.5582731329911306,-0.014274491928517818,0.09402858465909958,0.0,0.0,0.0,0.0
13.137183904647827,-0.4585675597190857,-1.379862904548645,0.0,0.0,-0.0021776517387479544,-0.2364998608827591,0.0,0.0,-0.5824765391487187,-0.5580909821352448,-0.013530458323657513,0.09294144809246063,0.0,0.0,0.0,0.0
13.138888835906982,-0.362730473279953,-1.0301377773284912,0.0,0.0,-0.0017952030757442117,-0.23600901663303375,0.0,0.0,-0.5824765391487187,-0.5580909821352448,-0.013530458323657513,0.09294144809246063,0.0,0.0,0.0,0.0
13.140470266342163,-0.362730473279953,-1.0301377773284912,0.0,0.0,-0.0017952030757442117,-0.23600901663303375,0.0,0.0,-0.5823710686068758,-0.5581389190348662,-0.012386049143970013,0.09359965473413467,0.0,0.0,0.0,0.0
13.14187240600586,-0.362730473279953,-1.0301377773284912,0.0,0.0,-0.0017952030757442117,-0.23600901663303375,0.0,0.0,-0.5821601743365686,-0.5581389190348662,-0.0224362313747406,0.10579416155815125,0.0,0.0,0.0,0.0
13.14333462715149,-0.362730473279953,-1.0301377773284912,0.0,0.0,-0.0017952030757442117,-0.23600901663303375,0.0,0.0,-0.5821601743365686,-0.5581389190348662,-0.0224362313747406,0.10579416155815125,0.0,0.0,0.0,0.0
13.144951581954956,-0.362730473279953,-1.0301377773284912,0.0,0.0,-0.0017952030757442117,-0.23600901663303375,0.0,0.0,-0.5818246160392186,-0.5581389190348662,-0.019747093319892883,0.10579416155815125,0.0,0.0,0.0,0.0
13.14670443534851,-0.362730473279953,-1.0301377773284912,0.0,0.0,-0.0017952030757442117,-0.23600901663303375,0.0,0.0,-0.581436299064258,-0.5581389190348662,-0.016399696469306946,0.10579416155815125,0.0,0.0,0.0,0.0
13.148305177688599,-0.3369365334510803,-0.8398340344429016,0.0,0.0,-0.0015891307266429067,-0.235566183924675,0.0,0.0,-0.581436299064258,-0.5581389190348662,-0.016399696469306946,0.10579416155815125,0.0,0.0,0.0,0.0
13.150413990020752,-0.3369365334510803,-0.8398340344429016,0.0,0.0,-0.0015891307266429067,-0.235566183924675,0.0,0.0,-0.5805542881992508,-0.5581389190348662,-0.008760596625506878,0.10579416155815125,0.0,0.0,0.0,0.0
13.15207552909851,-0.3369365334510803,-0.8398340344429016,0.0,0.0,-0.0015891307266429067,-0.235566183924675,0.0,0.0,-0.579777701062708,-0.5580574169428341,-0.015920978039503098,0.1167023628950119,0.0,0.0,0.0,0.0
13.153570652008057,-0.3369365334510803,-0.8398340344429016,0.0,0.0,-0.0015891307266429067,-0.235566183924675,0.0,0.0,-0.579777701062708,-0.5580574169428341,-0.015920978039503098,0.1167023628950119,0.0,0.0,0.0,0.0
13.15516209602356,-0.3369365334510803,-0.8398340344429016,0.0,0.0,-0.0015891307266429067,-0.235566183924675,0.0,0.0,-0.5787087175638259,-0.5573767036055342,-0.006994641851633787,0.10786169767379761,0.0,0.0,0.0,0.0
13.157122373580933,-0.3369365334510803,-0.8398340344429016,0.0,0.0,-0.0015891307266429067,-0.235566183924675,0.0,0.0,-0.5775294417451117,-0.5568446227450877,0.0011879403609782457,0.10348443686962128,0.0,0.0,0.0,0.0
13.15947699546814,-0.3453867435455322,-0.9893267154693604,0.0,0.0,-0.0015729189617559314,-0.235417902469635,0.0,0.0,-0.5763358410325653,-0.5567008120462235,0.010486433282494545,0.10563003271818161,0.0,0.0,0.0,0.0
13.161209344863892,-0.3453867435455322,-0.9893267154693604,0.0,0.0,-0.0015729189617559314,-0.235417902469635,0.0,0.0,-0.5763358410325653,-0.5567008120462235,0.010486433282494545,0.10563003271818161,0.0,0.0,0.0,0.0
13.163934469223022,-0.3453867435455322,-0.9893267154693604,0.0,0.0,-0.0015729189617559314,-0.235417902469635,0.0,0.0,-0.5751757586990511,-0.5561159725081664,0.006746986415237188,0.11128625273704529,0.0,0.0,0.0,0.0
13.166423320770264,-0.3453867435455322,-0.9893267154693604,0.0,0.0,-0.0015729189617559314,-0.235417902469635,0.0,0.0,-0.5741690838070012,-0.5556605719617628,0.012125710025429726,0.10822491347789764,0.0,0.0,0.0,0.0
13.170114517211914,-0.3736218512058258,-1.1466865539550781,0.0,0.0,-0.0016492935828864574,-0.235367089509964,0.0,0.0,-0.5719400179746048,-0.5547881110259771,0.024714268743991852,0.10419091582298279,0.0,0.0,0.0,0.0
13.171866416931152,-0.3736218512058258,-1.1466865539550781,0.0,0.0,-0.0016492935828864574,-0.235367089509964,0.0,0.0,-0.5719400179746048,-0.5547881110259771,0.024714268743991852,0.10419091582298279,0.0,0.0,0.0,0.0
13.174191236495972,-0.3736218512058258,-1.1466865539550781,0.0,0.0,-0.0016492935828864574,-0.235367089509964,0.0,0.0,-0.5711154939384406,-0.554744995904345,0.015231149271130562,0.11742214113473892,0.0,0.0,0.0,0.0
13.177392482757568,-0.3736218512058258,-1.1466865539550781,0.0,0.0,-0.0016492935828864574,-0.235367089509964,0.0,0.0,-0.5705450729209728,-0.5547641425761665,0.014945046044886112,0.11836616694927216,0.0,0.0,0.0,0.0
13.180179595947266,-0.4375128746032715,-1.0472772121429443,0.0,0.0,-0.0019244906725361943,-0.23515315353870392,0.0,0.0,-0.5703485035444977,-0.5547641425761665,0.015231206081807613,0.11836616694927216,0.0,0.0,0.0,0.0
13.181880474090576,-0.4375128746032715,-1.0472772121429443,0.0,0.0,-0.0019244906725361943,-0.23515315353870392,0.0,0.0,-0.5703485035444977,-0.5547641425761665,0.015231206081807613,0.11836616694927216,0.0,0.0,0.0,0.0
13.183977127075195,-0.4375128746032715,-1.0472772121429443,0.0,0.0,-0.0019244906725361943,-0.23515315353870392,0.0,0.0,-0.5703341318372871,-0.5550661356811057,0.002980046207085252,0.13330674171447754,0.0,0.0,0.0,0.0
13.185762166976929,-0.4375128746032715,-1.0472772121429443,0.0,0.0,-0.0019244906725361943,-0.23515315353870392,0.0,0.0,-0.5703341318372871,-0.5552818517294021,0.002980046207085252,0.13385023176670074,0.0,0.0,0.0,0.0
13.187668561935425,-0.4375128746032715,-1.0472772121429443,0.0,0.0,-0.0019244906725361943,-0.23515315353870392,0.0,0.0,-0.5703341318372871,-0.5552818517294021,0.002980046207085252,0.13385023176670074,0.0,0.0,0.0,0.0
13.191254377365112,-0.5113707184791565,-0.9509987235069275,0.0,0.0,-0.002189251594245434,-0.2348887175321579,0.0,0.0,-0.5703341318372871,-0.55522913986517,0.002980046207085252,0.1318761259317398,0.0,0.0,0.0,0.0
13.192915678024292,-0.5113707184791565,-0.9509987235069275,0.0,0.0,-0.002189251594245434,-0.2348887175321579,0.0,0.0,-0.5703341318372871,-0.55522913986517,0.002980046207085252,0.1318761259317398,0.0,0.0,0.0,0.0
13.195146083831787,-0.5113707184791565,-0.9509987235069275,0.0,0.0,-0.002189251594245434,-0.2348887175321579,0.0,0.0,-0.5703341318372871,-0.55522913986517,-0.007951073348522186,0.1428072452545166,0.0,0.0,0.0,0.0
13.197314023971558,-0.5113707184791565,-0.9509987235069275,0.0,0.0,-0.002189251594245434,-0.2348887175321579,0.0,0.0,-0.5703341318372871,-0.55488398482522,-0.007951073348522186,0.13825826346874237,0.0,0.0,0.0,0.0
13.199359655380249,-0.5753633975982666,-0.9274000525474548,0.0,0.0,-0.002501930808648467,-0.23458842933177948,0.0,0.0,-0.5701950961030335,-0.55456762001307,-0.006320290267467499,0.13636982440948486,0.0,0.0,0.0,0.0
13.201229333877563,-0.5753633975982666,-0.9274000525474548,0.0,0.0,-0.002501930808648467,-0.23458842933177948,0.0,0.0,-0.5697253238494192,-0.5541361879164771,-0.0008842346724122763,0.13307970762252808,0.0,0.0,0.0,0.0
13.202870845794678,-0.5753633975982666,-0.9274000525474548,0.0,0.0,-0.002501930808648467,-0.23458842933177948,0.0,0.0,-0.5697253238494192,-0.5541361879164771,-0.0008842346724122763,0.13307970762252808,0.0,0.0,0.0,0.0
13.2043137550354,-0.5753633975982666,-0.9274000525474548,0.0,0.0,-0.002501930808648467,-0.23458842933177948,0.0,0.0,-0.56943292748708,-0.553709530784495,-0.011008679866790771,0.14268922805786133,0.0,0.0,0.0,0.0
13.206212997436523,-0.5753633975982666,-0.9274000525474548,0.0,0.0,-0.002501930808648467,-0.23458842933177948,0.0,0.0,-0.5693130852380264,-0.5532061933384701,-0.011123176664113998,0.13765376806259155,0.0,0.0,0.0,0.0
13.207749605178833,-0.5753633975982666,-0.9274000525474548,0.0,0.0,-0.002501930808648467,-0.23458842933177948,0.0,0.0,-0.5693130852380264,-0.5532061933384701,-0.011123176664113998,0.13765376806259155,0.0,0.0,0.0,0.0
13.209819793701172,-0.5943054556846619,-1.1838207244873047,0.0,0.0,-0.002630958566442132,-0.23456183075904846,0.0,0.0,-0.5690590290327086,-0.5530623826396058,-0.010093320161104202,0.13831190764904022,0.0,0.0,0.0,0.0
13.211563348770142,-0.5943054556846619,-1.1838207244873047,0.0,0.0,-0.002630958566442132,-0.23456183075904846,0.0,0.0,-0.5687522141497799,-0.5527460178274558,-0.008233655244112015,0.13642346858978271,0.0,0.0,0.0,0.0
13.213011026382446,-0.5943054556846619,-1.1838207244873047,0.0,0.0,-0.002630958566442132,-0.23456183075904846,0.0,0.0,-0.5687522141497799,-0.5527460178274558,-0.008233655244112015,0.13642346858978271,0.0,0.0,0.0,0.0
13.21437692642212,-0.5943054556846619,-1.1838207244873047,0.0,0.0,-0.002630958566442132,-0.23456183075904846,0.0,0.0,-0.5685508698086943,-0.5523529258878844,-0.016075819730758667,0.1440083086490631,0.0,0.0,0.0,0.0
13.2161283493042,-0.5943054556846619,-1.1838207244873047,0.0,0.0,-0.002630958566442132,-0.23456183075904846,0.0,0.0,-0.56840705910983,-0.5519742056555237,-0.016533415764570236,0.14043208956718445,0.0,0.0,0.0,0.0
13.217605113983154,-0.5943054556846619,-1.1838207244873047,0.0,0.0,-0.002630958566442132,-0.23456183075904846,0.0,0.0,-0.56840705910983,-0.5519742056555237,-0.016533415764570236,0.14043208956718445,0.0,0.0,0.0,0.0
13.219019651412964,-0.5903904438018799,-1.370486855506897,0.0,0.0,-0.002650185488164425,-0.23457051813602448,0.0,0.0,-0.5682441017391443,-0.5519886241761129,-0.015446283854544163,0.14297834038734436,0.0,0.0,0.0,0.0
13.22044825553894,-0.5903904438018799,-1.370486855506897,0.0,0.0,-0.002650185488164425,-0.23457051813602448,0.0,0.0,-0.5680954692622907,-0.5517872798350273,-0.01455947756767273,0.1422915905714035,0.0,0.0,0.0,0.0
13.222184181213379,-0.5903904438018799,-1.370486855506897,0.0,0.0,-0.002650185488164425,-0.23457051813602448,0.0,0.0,-0.5679229151490051,-0.5512024402969702,-0.024466609582304955,0.14733345806598663,0.0,0.0,0.0,0.0
13.223524808883667,-0.5903904438018799,-1.370486855506897,0.0,0.0,-0.002650185488164425,-0.23457051813602448,0.0,0.0,-0.5679229151490051,-0.5512024402969702,-0.024466609582304955,0.14733345806598663,0.0,0.0,0.0,0.0
13.224779844284058,-0.5903904438018799,-1.370486855506897,0.0,0.0,-0.002650185488164425,-0.23457051813602448,0.0,0.0,-0.5677407642931193,-0.5506032290517023,-0.02343675121665001,0.1429562121629715,0.0,0.0,0.0,0.0
13.226111888885498,-0.5903904438018799,-1.370486855506897,0.0,0.0,-0.002650185488164425,-0.23457051813602448,0.0,0.0,-0.5677407642931193,-0.5506032290517023,-0.02343675121665001,0.1429562121629715,0.0,0.0,0.0,0.0
13.227455139160156,-0.5903904438018799,-1.370486855506897,0.0,0.0,-0.002650185488164425,-0.23457051813602448,0.0,0.0,-0.5671990398766944,-0.5500183895136452,-0.018830448389053345,0.13946570456027985,0.0,0.0,0.0,0.0
13.228999853134155,-0.5543964505195618,-1.352444052696228,0.0,0.0,-0.0025308295153081417,-0.23440517485141754,0.0,0.0,-0.5671990398766944,-0.5500183895136452,-0.018830448389053345,0.13946570456027985,0.0,0.0,0.0,0.0
13.230406522750854,-0.5543964505195618,-1.352444052696228,0.0,0.0,-0.0025308295153081417,-0.23440517485141754,0.0,0.0,-0.5666909274660586,-0.5493329012117345,-0.014767797663807869,0.13457325100898743,0.0,0.0,0.0,0.0
13.231895685195923,-0.5543964505195618,-1.352444052696228,0.0,0.0,-0.0025308295153081417,-0.23440517485141754,0.0,0.0,-0.5663793376185193,-0.5484508435333488,-0.023201946169137955,0.13960440456867218,0.0,0.0,0.0,0.0
13.233298063278198,-0.5543964505195618,-1.352444052696228,0.0,0.0,-0.0025308295153081417,-0.23440517485141754,0.0,0.0,-0.5663793376185193,-0.5484508435333488,-0.023201946169137955,0.13960440456867218,0.0,0.0,0.0,0.0
13.234586715698242,-0.5543964505195618,-1.352444052696228,0.0,0.0,-0.0025308295153081417,-0.23440517485141754,0.0,0.0,-0.5659143403295158,-0.5474154252268775,-0.020655523985624313,0.132080078125,0.0,0.0,0.0,0.0
13.236002445220947,-0.5543964505195618,-1.352444052696228,0.0,0.0,-0.0025308295153081417,-0.23440517485141754,0.0,0.0,-0.5659143403295158,-0.5474154252268775,-0.020655523985624313,0.132080078125,0.0,0.0,0.0,0.0
13.237421989440918,-0.5543964505195618,-1.352444052696228,0.0,0.0,-0.0025308295153081417,-0.23440517485141754,0.0,0.0,-0.565482908232923,-0.5464470904918489,-0.01808060333132744,0.12301041185855865,0.0,0.0,0.0,0.0
13.238707780838013,-0.5440040230751038,-1.4269529581069946,0.0,0.0,-0.002491469494998455,-0.23428846895694733,0.0,0.0,-0.5648741002450551,-0.5453109766081454,-0.013932177796959877,0.11869033426046371,0.0,0.0,0.0,0.0
13.240034341812134,-0.5440040230751038,-1.4269529581069946,0.0,0.0,-0.002491469494998455,-0.23428846895694733,0.0,0.0,-0.5648741002450551,-0.5453109766081454,-0.013932177796959877,0.11869033426046371,0.0,0.0,0.0,0.0
13.241431951522827,-0.5440040230751038,-1.4269529581069946,0.0,0.0,-0.002491469494998455,-0.23428846895694733,0.0,0.0,-0.5642125803929552,-0.543877691397492,-0.02084389328956604,0.11753407120704651,0.0,0.0,0.0,0.0
13.242722988128662,-0.5440040230751038,-1.4269529581069946,0.0,0.0,-0.002491469494998455,-0.23428846895694733,0.0,0.0,-0.5642125803929552,-0.543877691397492,-0.02084389328956604,0.11753407120704651,0.0,0.0,0.0,0.0
13.244158744812012,-0.5440040230751038,-1.4269529581069946,0.0,0.0,-0.002491469494998455,-0.23428846895694733,0.0,0.0,-0.563565432248066,-0.5422622085175741,-0.016809683293104172,0.10763482004404068,0.0,0.0,0.0,0.0
13.245564460754395,-0.5440040230751038,-1.4269529581069946,0.0,0.0,-0.002491469494998455,-0.23428846895694733,0.0,0.0,-0.563565432248066,-0.5422622085175741,-0.016809683293104172,0.10763482004404068,0.0,0.0,0.0,0.0
13.24699878692627,-0.5440040230751038,-1.4269529581069946,0.0,0.0,-0.002491469494998455,-0.23428846895694733,0.0,0.0,-0.5628272320819231,-0.5409199753281743,-0.013090353459119797,0.09919480979442596,0.0,0.0,0.0,0.0
13.248445510864258,-0.5259347558021545,-1.5129188299179077,0.0,0.0,-0.0024077624548226595,-0.23417772352695465,0.0,0.0,-0.5628272320819231,-0.5409199753281743,-0.013090353459119797,0.09919480979442596,0.0,0.0,0.0,0.0
13.24988341331482,-0.5259347558021545,-1.5129188299179077,0.0,0.0,-0.0024077624548226595,-0.23417772352695465,0.0,0.0,-0.562232795801266,-0.5393859945402886,-0.009371023625135422,0.09092633426189423,0.0,0.0,0.0,0.0
13.251377582550049,-0.5259347558021545,-1.5129188299179077,0.0,0.0,-0.0024077624548226595,-0.23417772352695465,0.0,0.0,-0.562232795801266,-0.5393859945402886,-0.009371023625135422,0.09092633426189423,0.0,0.0,0.0,0.0
13.253288745880127,-0.5259347558021545,-1.5129188299179077,0.0,0.0,-0.0024077624548226595,-0.23417772352695465,0.0,0.0,-0.5616431812985981,-0.5381012949931101,-0.016249213367700577,0.09517248719930649,0.0,0.0,0.0,0.0
13.254702806472778,-0.5259347558021545,-1.5129188299179077,0.0,0.0,-0.0024077624548226595,-0.23417772352695465,0.0,0.0,-0.5613123979658589,-0.5367974019607316,-0.015676897019147873,0.0866464227437973,0.0,0.0,0.0,0.0
13.256067752838135,-0.5259347558021545,-1.5129188299179077,0.0,0.0,-0.0024077624548226595,-0.23417772352695465,0.0,0.0,-0.5613123979658589,-0.5367974019607316,-0.015676897019147873,0.0866464227437973,0.0,0.0,0.0,0.0
13.258023023605347,-0.48969340324401855,-1.387971043586731,0.0,0.0,-0.0022456662263721228,-0.23390446603298187,0.0,0.0,-0.5609432744760983,-0.5361166886234316,-0.013702958822250366,0.08627459406852722,0.0,0.0,0.0,0.0
13.259560823440552,-0.48969340324401855,-1.387971043586731,0.0,0.0,-0.0022456662263721228,-0.23390446603298187,0.0,0.0,-0.5608426257122446,-0.5354264253569102,-0.014589931815862656,0.08195456117391586,0.0,0.0,0.0,0.0
13.261387825012207,-0.48969340324401855,-1.387971043586731,0.0,0.0,-0.0022456662263721228,-0.23390446603298187,0.0,0.0,-0.5608234322270447,-0.5350908670595602,-0.026147963479161263,0.0928260013461113,0.0,0.0,0.0,0.0
13.262859344482422,-0.48969340324401855,-1.387971043586731,0.0,0.0,-0.0022456662263721228,-0.23390446603298187,0.0,0.0,-0.5608234322270447,-0.5350908670595602,-0.026147963479161263,0.0928260013461113,0.0,0.0,0.0,0.0
13.264328241348267,-0.48969340324401855,-1.387971043586731,0.0,0.0,-0.0022456662263721228,-0.23390446603298187,0.0,0.0,-0.5608234322270447,-0.5347888271412424,-0.027034712955355644,0.09334082156419754,0.0,0.0,0.0,0.0
13.26649284362793,-0.48969340324401855,-1.387971043586731,0.0,0.0,-0.0022456662263721228,-0.23390446603298187,0.0,0.0,-0.5608234322270447,-0.5347936489192316,-0.027034712955355644,0.09585858136415482,0.0,0.0,0.0,0.0
13.2681303024292,-0.3982458710670471,-1.1302098035812378,0.0,0.0,-0.0019143226090818644,-0.2334957718849182,0.0,0.0,-0.5608234322270447,-0.5347936489192316,-0.027034712955355644,0.09585858136415482,0.0,0.0,0.0,0.0
13.269753694534302,-0.3982458710670471,-1.1302098035812378,0.0,0.0,-0.0019143226090818644,-0.2334957718849182,0.0,0.0,-0.5609816614464982,-0.5348223923336531,-0.027034712955355644,0.0968598797917366,0.0,0.0,0.0,0.0
13.27139139175415,-0.3982458710670471,-1.1302098035812378,0.0,0.0,-0.0019143226090818644,-0.2334957718849182,0.0,0.0,-0.5614322402149124,-0.5348223923336531,-0.043976884335279465,0.10776528716087341,0.0,0.0,0.0,0.0
13.272934675216675,-0.3982458710670471,-1.1302098035812378,0.0,0.0,-0.0019143226090818644,-0.2334957718849182,0.0,0.0,-0.5614322402149124,-0.5348223923336531,-0.043976884335279465,0.10776528716087341,0.0,0.0,0.0,0.0
13.274445533752441,-0.3982458710670471,-1.1302098035812378,0.0,0.0,-0.0019143226090818644,-0.2334957718849182,0.0,0.0,-0.5614274652503017,-0.5348991194610745,-0.042346157133579254,0.10776528716087341,0.0,0.0,0.0,0.0
13.275871992111206,-0.3982458710670471,-1.1302098035812378,0.0,0.0,-0.0019143226090818644,-0.2334957718849182,0.0,0.0,-0.5614274652503017,-0.5348991194610745,-0.042346157133579254,0.10776528716087341,0.0,0.0,0.0,0.0
13.277286767959595,-0.3982458710670471,-1.1302098035812378,0.0,0.0,-0.0019143226090818644,-0.2334957718849182,0.0,0.0,-0.5613651566434696,-0.5353401014868888,-0.041173305362463,0.11325862258672714,0.0,0.0,0.0,0.0
13.278706550598145,-0.31061679124832153,-0.9289246797561646,0.0,0.0,-0.0015365899307653308,-0.2330746352672577,0.0,0.0,-0.5613651566434696,-0.5353401014868888,-0.041173305362463,0.11325862258672714,0.0,0.0,0.0,0.0
13.28019642829895,-0.31061679124832153,-0.9289246797561646,0.0,0.0,-0.0015365899307653308,-0.2330746352672577,0.0,0.0,-0.5613651566434696,-0.535344923264878,-0.041173305362463,0.11171367764472961,0.0,0.0,0.0,0.0
13.28224229812622,-0.31061679124832153,-0.9289246797561646,0.0,0.0,-0.0015365899307653308,-0.2330746352672577,0.0,0.0,-0.5613651566434696,-0.5352873896226567,-0.051999371498823166,0.12136660516262054,0.0,0.0,0.0,0.0
13.283854722976685,-0.31061679124832153,-0.9289246797561646,0.0,0.0,-0.0015365899307653308,-0.2330746352672577,0.0,0.0,-0.5613651566434696,-0.5352873896226567,-0.051999371498823166,0.12136660516262054,0.0,0.0,0.0,0.0
13.28569221496582,-0.31061679124832153,-0.9289246797561646,0.0,0.0,-0.0015365899307653308,-0.2330746352672577,0.0,0.0,-0.5607707203628125,-0.5352873896226567,-0.0471070222556591,0.12136660516262054,0.0,0.0,0.0,0.0
13.28731632232666,-0.31061679124832153,-0.9289246797561646,0.0,0.0,-0.0015365899307653308,-0.2330746352672577,0.0,0.0,-0.5600948288035018,-0.5348415858188531,-0.03995435684919357,0.11630271375179291,0.0,0.0,0.0,0.0
13.289573431015015,-0.29102712869644165,-1.0931388139724731,0.0,0.0,-0.0013587449211627245,-0.23293845355510712,0.0,0.0,-0.5592319646103161,-0.5341273072891424,-0.03285890445113182,0.10946463793516159,0.0,0.0,0.0,0.0
13.291041612625122,-0.29102712869644165,-1.0931388139724731,0.0,0.0,-0.0013587449211627245,-0.23293845355510712,0.0,0.0,-0.5592319646103161,-0.5341273072891424,-0.03285890445113182,0.10946463793516159,0.0,0.0,0.0,0.0
13.292478799819946,-0.29102712869644165,-1.0931388139724731,0.0,0.0,-0.0013587449211627245,-0.23293845355510712,0.0,0.0,-0.5584026187961626,-0.5335616612362852,-0.03713876008987427,0.11637803912162781,0.0,0.0,0.0,0.0
13.293938636779785,-0.29102712869644165,-1.0931388139724731,0.0,0.0,-0.0013587449211627245,-0.23293845355510712,0.0,0.0,-0.5584026187961626,-0.5335616612362852,-0.03713876008987427,0.11637803912162781,0.0,0.0,0.0,0.0
13.295296430587769,-0.29102712869644165,-1.0931388139724731,0.0,0.0,-0.0013587449211627245,-0.23293845355510712,0.0,0.0,-0.5572090180836162,-0.5330487270476603,-0.02838425524532795,0.11477591842412949,0.0,0.0,0.0,0.0
13.296709775924683,-0.29102712869644165,-1.0931388139724731,0.0,0.0,-0.0013587449211627245,-0.23293845355510712,0.0,0.0,-0.5572090180836162,-0.5330487270476603,-0.02838425524532795,0.11477591842412949,0.0,0.0,0.0,0.0
13.298168897628784,-0.281445175409317,-1.3786801099777222,0.0,0.0,-0.0012918520951643586,-0.23297414183616638,0.0,0.0,-0.5560345640428913,-0.5323968039381604,-0.022146999835968018,0.11025560647249222,0.0,0.0,0.0,0.0
13.299581527709961,-0.281445175409317,-1.3786801099777222,0.0,0.0,-0.0012918520951643586,-0.23297414183616638,0.0,0.0,-0.5560345640428913,-0.5323968039381604,-0.022146999835968018,0.11025560647249222,0.0,0.0,0.0,0.0
13.301005601882935,-0.281445175409317,-1.3786801099777222,0.0,0.0,-0.0012918520951643586,-0.23297414183616638,0.0,0.0,-0.5545101799976057,-0.5319078381993461,-0.011446773074567318,0.10796674340963364,0.0,0.0,0.0,0.0
13.302556276321411,-0.281445175409317,-1.3786801099777222,0.0,0.0,-0.0012918520951643586,-0.23297414183616638,0.0,0.0,-0.5545101799976057,-0.5319078381993461,-0.011446773074567318,0.10796674340963364,0.0,0.0,0.0,0.0
13.304116249084473,-0.281445175409317,-1.3786801099777222,0.0,0.0,-0.0012918520951643586,-0.23297414183616638,0.0,0.0,-0.5530672512309736,-0.5312606900544569,-0.013286600820720196,0.11392493546009064,0.0,0.0,0.0,0.0
13.305921077728271,-0.281445175409317,-1.3786801099777222,0.0,0.0,-0.0012918520951643586,-0.23297414183616638,0.0,0.0,-0.5530672512309736,-0.5312606900544569,-0.013286600820720196,0.11392493546009064,0.0,0.0,0.0,0.0
13.308383703231812,-0.30687326192855835,-1.5752352476119995,0.0,0.0,-0.0013540233485400677,-0.2329956591129303,0.0,0.0,-0.5514182499720236,-0.5308052895080533,-0.0017568457406014204,0.11217976361513138,0.0,0.0,0.0,0.0
13.310624837875366,-0.30687326192855835,-1.5752352476119995,0.0,0.0,-0.0013540233485400677,-0.2329956591129303,0.0,0.0,-0.5498075420567166,-0.5301006077209426,0.00702660670503974,0.10863199084997177,0.0,0.0,0.0,0.0
13.312677145004272,-0.30687326192855835,-1.5752352476119995,0.0,0.0,-0.0013540233485400677,-0.2329956591129303,0.0,0.0,-0.5484988740597274,-0.5292665337555569,0.0027102616149932146,0.11080250889062881,0.0,0.0,0.0,0.0
13.314723491668701,-0.30687326192855835,-1.5752352476119995,0.0,0.0,-0.0013540233485400677,-0.2329956591129303,0.0,0.0,-0.5474202938182453,-0.5286481290250891,0.008689967915415764,0.10862818360328674,0.0,0.0,0.0,0.0
13.316404342651367,-0.30687326192855835,-1.5752352476119995,0.0,0.0,-0.0013540233485400677,-0.2329956591129303,0.0,0.0,-0.5474202938182453,-0.5286481290250891,0.008689967915415764,0.10862818360328674,0.0,0.0,0.0,0.0
13.3181312084198,-0.3494255542755127,-1.393327236175537,0.0,0.0,-0.0014964082511141896,-0.23273701965808868,0.0,0.0,-0.5465047177608274,-0.5284132194915927,0.010864121839404106,0.10962965339422226,0.0,0.0,0.0,0.0
13.319788932800293,-0.3494255542755127,-1.393327236175537,0.0,0.0,-0.0014964082511141896,-0.23273701965808868,0.0,0.0,-0.5458383761307383,-0.5280201743653998,0.013782532885670662,0.10728355497121811,0.0,0.0,0.0,0.0
13.321322441101074,-0.3494255542755127,-1.393327236175537,0.0,0.0,-0.0014964082511141896,-0.23273701965808868,0.0,0.0,-0.5458383761307383,-0.5280201743653998,0.013782532885670662,0.10728355497121811,0.0,0.0,0.0,0.0
13.322778701782227,-0.3494255542755127,-1.393327236175537,0.0,0.0,-0.0014964082511141896,-0.23273701965808868,0.0,0.0,-0.5454980428687775,-0.5280393210372213,0.0028585651889443398,0.12046784907579422,0.0,0.0,0.0,0.0
13.324508905410767,-0.3494255542755127,-1.393327236175537,0.0,0.0,-0.0014964082511141896,-0.23273701965808868,0.0,0.0,-0.5454980428687775,-0.5280393210372213,0.0028585651889443398,0.12046784907579422,0.0,0.0,0.0,0.0
13.326692581176758,-0.3494255542755127,-1.393327236175537,0.0,0.0,-0.0014964082511141896,-0.23273701965808868,0.0,0.0,-0.5452631333352811,-0.528072886229632,0.003430546261370182,0.12146914750337601,0.0,0.0,0.0,0.0
13.328837633132935,-0.4423518478870392,-1.151759386062622,0.0,0.0,-0.0018461424624547362,-0.23231425881385803,0.0,0.0,-0.5452295681428704,-0.528072886229632,0.0019716480746865273,0.12146914750337601,0.0,0.0,0.0,0.0
13.330509185791016,-0.4423518478870392,-1.151759386062622,0.0,0.0,-0.0018461424624547362,-0.23231425881385803,0.0,0.0,-0.5451768562786382,-0.528072886229632,0.0014564953744411469,0.12146914750337601,0.0,0.0,0.0,0.0
13.331999778747559,-0.4423518478870392,-1.151759386062622,0.0,0.0,-0.0018461424624547362,-0.23231425881385803,0.0,0.0,-0.5451768562786382,-0.528072886229632,0.0014564953744411469,0.12146914750337601,0.0,0.0,0.0,0.0
13.333925247192383,-0.4423518478870392,-1.151759386062622,0.0,0.0,-0.0018461424624547362,-0.23231425881385803,0.0,0.0,-0.5451768562786382,-0.528072886229632,-0.009443331509828568,0.13236898183822632,0.0,0.0,0.0,0.0
13.335390567779541,-0.4423518478870392,-1.151759386062622,0.0,0.0,-0.0018461424624547362,-0.23231425881385803,0.0,0.0,-0.5451768562786382,-0.528072886229632,-0.009443331509828568,0.13236898183822632,0.0,0.0,0.0,0.0
13.336862325668335,-0.4423518478870392,-1.151759386062622,0.0,0.0,-0.0018461424624547362,-0.23231425881385803,0.0,0.0,-0.5451768562786382,-0.528072886229632,-0.009443331509828568,0.13236898183822632,0.0,0.0,0.0,0.0
13.338358879089355,-0.5145298838615417,-0.901759922504425,0.0,0.0,-0.0021943787578493357,-0.23185621201992035,0.0,0.0,-0.5451768562786382,-0.5279482690159677,-0.009443331509828568,0.1307954639196396,0.0,0.0,0.0,0.0
13.3399178981781,-0.5145298838615417,-0.901759922504425,0.0,0.0,-0.0021943787578493357,-0.23185621201992035,0.0,0.0,-0.5451768562786382,-0.5279482690159677,-0.009443331509828568,0.1307954639196396,0.0,0.0,0.0,0.0
13.341411352157593,-0.5145298838615417,-0.901759922504425,0.0,0.0,-0.0021943787578493357,-0.23185621201992035,0.0,0.0,-0.5451768562786382,-0.5278379766961355,-0.009443331509828568,0.13013748824596405,0.0,0.0,0.0,0.0
13.343019485473633,-0.5145298838615417,-0.901759922504425,0.0,0.0,-0.0021943787578493357,-0.23185621201992035,0.0,0.0,-0.5450713857367954,-0.5274544814991642,-0.018741711974143982,0.13694818317890167,0.0,0.0,0.0,0.0
13.344665050506592,-0.5145298838615417,-0.901759922504425,0.0,0.0,-0.0021943787578493357,-0.23185621201992035,0.0,0.0,-0.5450713857367954,-0.5274544814991642,-0.018741711974143982,0.13694818317890167,0.0,0.0,0.0,0.0
13.346101760864258,-0.5145298838615417,-0.901759922504425,0.0,0.0,-0.0021943787578493357,-0.23185621201992035,0.0,0.0,-0.5449851086801525,-0.5273442359927106,-0.018226783722639084,0.13843585550785065,0.0,0.0,0.0,0.0
13.3475980758667,-0.5145298838615417,-0.901759922504425,0.0,0.0,-0.0021943787578493357,-0.23185621201992035,0.0,0.0,-0.5449851086801525,-0.5273442359927106,-0.018226783722639084,0.13843585550785065,0.0,0.0,0.0,0.0
13.350418090820312,-0.5429722666740417,-1.0611070394515991,0.0,0.0,-0.002345204120501876,-0.23171520233154297,0.0,0.0,-0.5447214557322347,-0.5267881866824534,-0.014993717893958092,0.13094013929367065,0.0,0.0,0.0,0.0
13.351870775222778,-0.5429722666740417,-1.0611070394515991,0.0,0.0,-0.002345204120501876,-0.23171520233154297,0.0,0.0,-0.5445440798409596,-0.5266012140485785,-0.014764835126698017,0.1317698359489441,0.0,0.0,0.0,0.0
13.35328984260559,-0.5429722666740417,-1.0611070394515991,0.0,0.0,-0.002345204120501876,-0.23171520233154297,0.0,0.0,-0.5442852018576526,-0.5261601852093857,-0.024418272078037262,0.1400497555732727,0.0,0.0,0.0,0.0
13.354837417602539,-0.5429722666740417,-1.0611070394515991,0.0,0.0,-0.002345204120501876,-0.23171520233154297,0.0,0.0,-0.5442852018576526,-0.5261601852093857,-0.024418272078037262,0.1400497555732727,0.0,0.0,0.0,0.0
13.356322288513184,-0.5429722666740417,-1.0611070394515991,0.0,0.0,-0.002345204120501876,-0.23171520233154297,0.0,0.0,-0.5438058328614384,-0.5260355679957214,-0.01955464482307434,0.14010697603225708,0.0,0.0,0.0,0.0
13.357810974121094,-0.5429722666740417,-1.0611070394515991,0.0,0.0,-0.002345204120501876,-0.23171520233154297,0.0,0.0,-0.5438058328614384,-0.5260355679957214,-0.01955464482307434,0.14010697603225708,0.0,0.0,0.0,0.0
13.359870433807373,-0.5437272787094116,-1.2804561853408813,0.0,0.0,-0.0023861429654061794,-0.2316989004611969,0.0,0.0,-0.5435565984341098,-0.5252110439595571,-0.018782056868076324,0.13226789236068726,0.0,0.0,0.0,0.0
13.361589908599854,-0.5437272787094116,-1.2804561853408813,0.0,0.0,-0.0023861429654061794,-0.2316989004611969,0.0,0.0,-0.5431155695949169,-0.5244153101511928,-0.015320388600230217,0.12563037872314453,0.0,0.0,0.0,0.0
13.36307954788208,-0.5437272787094116,-1.2804561853408813,0.0,0.0,-0.0023861429654061794,-0.2316989004611969,0.0,0.0,-0.5431155695949169,-0.5244153101511928,-0.015320388600230217,0.12563037872314453,0.0,0.0,0.0,0.0
13.364773273468018,-0.5437272787094116,-1.2804561853408813,0.0,0.0,-0.0023861429654061794,-0.2316989004611969,0.0,0.0,-0.5424396312222277,-0.5232072909180572,-0.020486824214458466,0.12573257088661194,0.0,0.0,0.0,0.0
13.366236686706543,-0.5437272787094116,-1.2804561853408813,0.0,0.0,-0.0023861429654061794,-0.2316989004611969,0.0,0.0,-0.5424396312222277,-0.5232072909180572,-0.020486824214458466,0.12573257088661194,0.0,0.0,0.0,0.0
13.36829423904419,-0.5243833661079407,-1.4065088033676147,0.0,0.0,-0.002326302696019411,-0.23165959119796753,0.0,0.0,-0.5415336519074099,-0.5222389561830287,-0.01387780625373125,0.12189885973930359,0.0,0.0,0.0,0.0
13.369811773300171,-0.5243833661079407,-1.4065088033676147,0.0,0.0,-0.002326302696019411,-0.23165959119796753,0.0,0.0,-0.5407810332206777,-0.5208631578012181,-0.008899513632059097,0.11128446459770203,0.0,0.0,0.0,0.0
13.371258020401001,-0.5243833661079407,-1.4065088033676147,0.0,0.0,-0.002326302696019411,-0.23165959119796753,0.0,0.0,-0.5407810332206777,-0.5208631578012181,-0.008899513632059097,0.11128446459770203,0.0,0.0,0.0,0.0
13.372684001922607,-0.5243833661079407,-1.4065088033676147,0.0,0.0,-0.002326302696019411,-0.23165959119796753,0.0,0.0,-0.5399517342199027,-0.5191566229000467,-0.01353504043072462,0.10805066674947739,0.0,0.0,0.0,0.0
13.374802350997925,-0.5243833661079407,-1.4065088033676147,0.0,0.0,-0.002326302696019411,-0.23165959119796753,0.0,0.0,-0.5390265614198849,-0.5177904212608361,-0.0074411737732589245,0.09981098026037216,0.0,0.0,0.0,0.0
13.376213788986206,-0.5243833661079407,-1.4065088033676147,0.0,0.0,-0.002326302696019411,-0.23165959119796753,0.0,0.0,-0.5390265614198849,-0.5177904212608361,-0.0074411737732589245,0.09981098026037216,0.0,0.0,0.0,0.0
13.379154920578003,-0.5139340758323669,-1.4859485626220703,0.0,0.0,-0.002266302239149809,-0.23154543340206146,0.0,0.0,-0.536639266368035,-0.5143677079025147,0.009295923635363579,0.07964082062244415,0.0,0.0,0.0,0.0
13.380594730377197,-0.5139340758323669,-1.4859485626220703,0.0,0.0,-0.002266302239149809,-0.23154543340206146,0.0,0.0,-0.536639266368035,-0.5143677079025147,0.009295923635363579,0.07964082062244415,0.0,0.0,0.0,0.0
13.382125616073608,-0.5139340758323669,-1.4859485626220703,0.0,0.0,-0.002266302239149809,-0.23154543340206146,0.0,0.0,-0.5354312939482779,-0.5128816640142506,0.005748142953962088,0.08167220652103424,0.0,0.0,0.0,0.0
13.384321451187134,-0.5139340758323669,-1.4859485626220703,0.0,0.0,-0.002266302239149809,-0.23154543340206146,0.0,0.0,-0.5343191485143852,-0.5109114761651614,0.011556020006537437,0.06791068613529205,0.0,0.0,0.0,0.0
13.38629412651062,-0.5139340758323669,-1.4859485626220703,0.0,0.0,-0.002266302239149809,-0.23154543340206146,0.0,0.0,-0.5343191485143852,-0.5109114761651614,0.011556020006537437,0.06791068613529205,0.0,0.0,0.0,0.0
13.388208866119385,-0.4672468602657318,-1.3204337358474731,0.0,0.0,-0.0021356719080358744,-0.23128195106983185,0.0,0.0,-0.5330248522246067,-0.5093918670844865,0.018937401473522186,0.06218870356678963,0.0,0.0,0.0,0.0
13.390188455581665,-0.4672468602657318,-1.3204337358474731,0.0,0.0,-0.0021356719080358744,-0.23128195106983185,0.0,0.0,-0.5320373240043782,-0.5084427258346579,0.02434462681412697,0.05935627594590187,0.0,0.0,0.0,0.0
13.392212390899658,-0.4672468602657318,-1.3204337358474731,0.0,0.0,-0.0021356719080358744,-0.23128195106983185,0.0,0.0,-0.5311792815891817,-0.507666138698115,0.015481487847864628,0.06816242635250092,0.0,0.0,0.0,0.0
13.393715858459473,-0.4672468602657318,-1.3204337358474731,0.0,0.0,-0.0021356719080358744,-0.23128195106983185,0.0,0.0,-0.5311792815891817,-0.507666138698115,0.015481487847864628,0.06816242635250092,0.0,0.0,0.0,0.0
13.39596939086914,-0.4672468602657318,-1.3204337358474731,0.0,0.0,-0.0021356719080358744,-0.23128195106983185,0.0,0.0,-0.5306423789507461,-0.5071963664445008,0.017198214307427406,0.06573043763637543,0.0,0.0,0.0,0.0
13.39852261543274,-0.4081850051879883,-0.9672954678535461,0.0,0.0,-0.0018999507883563638,-0.23079639673233032,0.0,0.0,-0.5299520688708461,-0.5069998438814044,0.021832846105098724,0.06867729127407074,0.0,0.0,0.0,0.0
13.400048971176147,-0.4081850051879883,-0.9672954678535461,0.0,0.0,-0.0018999507883563638,-0.23079639673233032,0.0,0.0,-0.5295781704164747,-0.5068991483041723,0.022948812693357468,0.06841991096735,0.0,0.0,0.0,0.0
13.4015953540802,-0.4081850051879883,-0.9672954678535461,0.0,0.0,-0.0018999507883563638,-0.23079639673233032,0.0,0.0,-0.5295781704164747,-0.5068991483041723,0.022948812693357468,0.06841991096735,0.0,0.0,0.0,0.0
13.40310525894165,-0.4081850051879883,-0.9672954678535461,0.0,0.0,-0.0018999507883563638,-0.23079639673233032,0.0,0.0,-0.5292857740541355,-0.5069039700821616,0.013833550736308098,0.08136872947216034,0.0,0.0,0.0,0.0
13.404633045196533,-0.4081850051879883,-0.9672954678535461,0.0,0.0,-0.0018999507883563638,-0.23079639673233032,0.0,0.0,-0.5292857740541355,-0.5069039700821616,0.013833550736308098,0.08136872947216034,0.0,0.0,0.0,0.0
13.406184434890747,-0.4081850051879883,-0.9672954678535461,0.0,0.0,-0.0018999507883563638,-0.23079639673233032,0.0,0.0,-0.5289837809491962,-0.5069039700821616,0.014262760058045387,0.08136872947216034,0.0,0.0,0.0,0.0
13.408613443374634,-0.34889259934425354,-0.5068350434303284,0.0,0.0,-0.0016447831876575947,-0.2301577776670456,0.0,0.0,-0.5289453939787961,-0.5071771729593009,0.012889357283711433,0.08274190127849579,0.0,0.0,0.0,0.0
13.410237789154053,-0.34889259934425354,-0.5068350434303284,0.0,0.0,-0.0016447831876575947,-0.2301577776670456,0.0,0.0,-0.5289453939787961,-0.5071771729593009,0.012889357283711433,0.08274190127849579,0.0,0.0,0.0,0.0
13.412567615509033,-0.34889259934425354,-0.5068350434303284,0.0,0.0,-0.0016447831876575947,-0.2301577776670456,0.0,0.0,-0.5287824366081104,-0.5074120824927972,0.013862215913832188,0.08606080710887909,0.0,0.0,0.0,0.0
13.414074182510376,-0.34889259934425354,-0.5068350434303284,0.0,0.0,-0.0016447831876575947,-0.2301577776670456,0.0,0.0,-0.5284420565327712,-0.5073689205577866,0.006681048311293125,0.09495969861745834,0.0,0.0,0.0,0.0
13.41558051109314,-0.34889259934425354,-0.5068350434303284,0.0,0.0,-0.0016447831876575947,-0.2301577776670456,0.0,0.0,-0.5284420565327712,-0.5073689205577866,0.006681048311293125,0.09495969861745834,0.0,0.0,0.0,0.0
13.417060136795044,-0.34889259934425354,-0.5068350434303284,0.0,0.0,-0.0016447831876575947,-0.2301577776670456,0.0,0.0,-0.5280921265282105,-0.5073689205577866,0.009685065597295761,0.09495969861745834,0.0,0.0,0.0,0.0
13.418511867523193,-0.36733514070510864,-0.4731769263744354,0.0,0.0,-0.0016301493160426617,-0.22980448603630066,0.0,0.0,-0.5280921265282105,-0.5073689205577866,0.009685065597295761,0.09495969861745834,0.0,0.0,0.0,0.0
13.41998291015625,-0.36733514070510864,-0.4731769263744354,0.0,0.0,-0.0016301493160426617,-0.22980448603630066,0.0,0.0,-0.5275744173749748,-0.5073689205577866,0.01346161775290966,0.09495969861745834,0.0,0.0,0.0,0.0
13.421731948852539,-0.36733514070510864,-0.4731769263744354,0.0,0.0,-0.0016301493160426617,-0.22980448603630066,0.0,0.0,-0.5273443296194676,-0.5073689205577866,0.0025158009957522154,0.10576285421848297,0.0,0.0,0.0,0.0
13.42342209815979,-0.36733514070510864,-0.4731769263744354,0.0,0.0,-0.0016301493160426617,-0.22980448603630066,0.0,0.0,-0.5273443296194676,-0.5073689205577866,0.0025158009957522154,0.10576285421848297,0.0,0.0,0.0,0.0
13.42542028427124,-0.36733514070510864,-0.4731769263744354,0.0,0.0,-0.0016301493160426617,-0.22980448603630066,0.0,0.0,-0.5269512376798963,-0.5073689205577866,0.004232414998114109,0.10576285421848297,0.0,0.0,0.0,0.0
13.426915645599365,-0.36733514070510864,-0.4731769263744354,0.0,0.0,-0.0016301493160426617,-0.22980448603630066,0.0,0.0,-0.5267930552738213,-0.5073689205577866,0.004976225085556507,0.10576285421848297,0.0,0.0,0.0,0.0
13.428414106369019,-0.4191879630088806,-0.6065497398376465,0.0,0.0,-0.0017590385396033525,-0.22965645790100098,0.0,0.0,-0.5267930552738213,-0.5073689205577866,0.004976225085556507,0.10576285421848297,0.0,0.0,0.0,0.0
13.429933309555054,-0.4191879630088806,-0.6065497398376465,0.0,0.0,-0.0017590385396033525,-0.22965645790100098,0.0,0.0,-0.5265917109327356,-0.5073689205577866,0.006177910603582859,0.10576285421848297,0.0,0.0,0.0,0.0
13.431396007537842,-0.4191879630088806,-0.6065497398376465,0.0,0.0,-0.0017590385396033525,-0.22965645790100098,0.0,0.0,-0.5265917109327356,-0.5073689205577866,0.006177910603582859,0.10576285421848297,0.0,0.0,0.0,0.0
13.433337450027466,-0.4191879630088806,-0.6065497398376465,0.0,0.0,-0.0017590385396033525,-0.22965645790100098,0.0,0.0,-0.5264958371334927,-0.5073689205577866,-0.0047721522860229015,0.11642491817474365,0.0,0.0,0.0,0.0
13.434847354888916,-0.4191879630088806,-0.6065497398376465,0.0,0.0,-0.0017590385396033525,-0.22965645790100098,0.0,0.0,-0.526462271941082,-0.5073689205577866,-0.0053727999329566956,0.11642491817474365,0.0,0.0,0.0,0.0
13.43645191192627,-0.4191879630088806,-0.6065497398376465,0.0,0.0,-0.0017590385396033525,-0.22965645790100098,0.0,0.0,-0.526462271941082,-0.5073689205577866,-0.0053727999329566956,0.11642491817474365,0.0,0.0,0.0,0.0
13.438583612442017,-0.4492151737213135,-0.793285071849823,0.0,0.0,-0.0019091097638010979,-0.22963428497314453,0.0,0.0,-0.5263568013992391,-0.507110089387858,-0.003913845866918564,0.1150517389178276,0.0,0.0,0.0,0.0
13.440364360809326,-0.4492151737213135,-0.793285071849823,0.0,0.0,-0.0019091097638010979,-0.22963428497314453,0.0,0.0,-0.5260931484513213,-0.5065444433350008,-0.0033416415099054575,0.10735569149255753,0.0,0.0,0.0,0.0
13.442072629928589,-0.4492151737213135,-0.793285071849823,0.0,0.0,-0.0019091097638010979,-0.22963428497314453,0.0,0.0,-0.5257096532543499,-0.5060219124037759,-0.00855395570397377,0.11428452283143997,0.0,0.0,0.0,0.0
13.44356894493103,-0.4492151737213135,-0.793285071849823,0.0,0.0,-0.0019091097638010979,-0.22963428497314453,0.0,0.0,-0.5257096532543499,-0.5060219124037759,-0.00855395570397377,0.11428452283143997,0.0,0.0,0.0,0.0
13.44507098197937,-0.4492151737213135,-0.793285071849823,0.0,0.0,-0.0019091097638010979,-0.22963428497314453,0.0,0.0,-0.5251919441011142,-0.5056959508490259,-0.0044625247828662395,0.11399858444929123,0.0,0.0,0.0,0.0
13.44655466079712,-0.4492151737213135,-0.793285071849823,0.0,0.0,-0.0019091097638010979,-0.22963428497314453,0.0,0.0,-0.5251919441011142,-0.5056959508490259,-0.0044625247828662395,0.11399858444929123,0.0,0.0,0.0,0.0
13.44842529296875,-0.4874401390552521,-0.9121032953262329,0.0,0.0,-0.0020795068703591824,-0.22955024242401123,0.0,0.0,-0.5247365435547107,-0.5051254830181795,-0.0027461345307528973,0.10990715026855469,0.0,0.0,0.0,0.0
13.450309753417969,-0.4874401390552521,-0.9121032953262329,0.0,0.0,-0.0020795068703591824,-0.22955024242401123,0.0,0.0,-0.5240510552527999,-0.5044256230090581,0.002947301371023059,0.10367029160261154,0.0,0.0,0.0,0.0
13.451761484146118,-0.4874401390552521,-0.9121032953262329,0.0,0.0,-0.0020795068703591824,-0.22955024242401123,0.0,0.0,-0.5240510552527999,-0.5044256230090581,0.002947301371023059,0.10367029160261154,0.0,0.0,0.0,0.0
13.453198909759521,-0.4874401390552521,-0.9121032953262329,0.0,0.0,-0.0020795068703591824,-0.22955024242401123,0.0,0.0,-0.5236243981208178,-0.5040325310694866,-0.005773733835667372,0.11476608365774155,0.0,0.0,0.0,0.0
13.454862356185913,-0.4874401390552521,-0.9121032953262329,0.0,0.0,-0.0020795068703591824,-0.22955024242401123,0.0,0.0,-0.5231354791953822,-0.5033949796671974,-0.002998765092343092,0.10915841907262802,0.0,0.0,0.0,0.0
13.456504583358765,-0.4874401390552521,-0.9121032953262329,0.0,0.0,-0.0020795068703591824,-0.22955024242401123,0.0,0.0,-0.5231354791953822,-0.5033949796671974,-0.002998765092343092,0.10915841907262802,0.0,0.0,0.0,0.0
13.458471775054932,-0.4940253794193268,-1.0948200225830078,0.0,0.0,-0.0021354069467633963,-0.22952263057231903,0.0,0.0,-0.5226177232287679,-0.5028484802861618,0.00023441445955540985,0.10543908923864365,0.0,0.0,0.0,0.0
13.460486650466919,-0.4940253794193268,-1.0948200225830078,0.0,0.0,-0.0021354069467633963,-0.22952263057231903,0.0,0.0,-0.5225027027577036,-0.5027190412945082,-0.001568086096085608,0.10767075419425964,0.0,0.0,0.0,0.0
13.462638854980469,-0.4940253794193268,-1.0948200225830078,0.0,0.0,-0.0021354069467633963,-0.22952263057231903,0.0,0.0,-0.5222342280317965,-0.5022828342333047,-0.010709390044212341,0.11498233675956726,0.0,0.0,0.0,0.0
13.464515924453735,-0.4940253794193268,-1.0948200225830078,0.0,0.0,-0.0021354069467633963,-0.22952263057231903,0.0,0.0,-0.5222342280317965,-0.5022828342333047,-0.010709390044212341,0.11498233675956726,0.0,0.0,0.0,0.0
13.467535257339478,-0.4940253794193268,-1.0948200225830078,0.0,0.0,-0.0021354069467633963,-0.22952263057231903,0.0,0.0,-0.5219610251546571,-0.5018082402017011,-0.009078551083803177,0.11226436495780945,0.0,0.0,0.0,0.0
13.469728231430054,-0.4872620105743408,-1.0645197629928589,0.0,0.0,-0.0020876822527498007,-0.22936001420021057,0.0,0.0,-0.5216206450793179,-0.5014439384899296,-0.006303358357399702,0.10986100137233734,0.0,0.0,0.0,0.0
13.47174596786499,-0.4872620105743408,-1.0645197629928589,0.0,0.0,-0.0020876822527498007,-0.22936001420021057,0.0,0.0,-0.5216014984074965,-0.5010508465503583,-0.018582455813884735,0.11713067442178726,0.0,0.0,0.0,0.0
13.473237752914429,-0.4872620105743408,-1.0645197629928589,0.0,0.0,-0.0020876822527498007,-0.22936001420021057,0.0,0.0,-0.5216014984074965,-0.5010508465503583,-0.018582455813884735,0.11713067442178726,0.0,0.0,0.0,0.0
13.474584579467773,-0.4872620105743408,-1.0645197629928589,0.0,0.0,-0.0020876822527498007,-0.22936001420021057,0.0,0.0,-0.5213378454595786,-0.5008255337594618,-0.016179140657186508,0.11793187260627747,0.0,0.0,0.0,0.0
13.476131200790405,-0.4872620105743408,-1.0645197629928589,0.0,0.0,-0.0020876822527498007,-0.22936001420021057,0.0,0.0,-0.5213378454595786,-0.5008255337594618,-0.016179140657186508,0.11793187260627747,0.0,0.0,0.0,0.0
13.478097200393677,-0.4723849594593048,-1.0073564052581787,0.0,0.0,-0.0020574608352035284,-0.22911876440048218,0.0,0.0,-0.5210118370914502,-0.5004276668552797,-0.013489725068211555,0.11461297422647476,0.0,0.0,0.0,0.0
13.479561805725098,-0.4723849594593048,-1.0073564052581787,0.0,0.0,-0.0020574608352035284,-0.22911876440048218,0.0,0.0,-0.5206762787941002,-0.4999387011164655,-0.01131545752286911,0.11112252622842789,0.0,0.0,0.0,0.0
13.481075048446655,-0.4723849594593048,-1.0073564052581787,0.0,0.0,-0.0020574608352035284,-0.22911876440048218,0.0,0.0,-0.5206762787941002,-0.4999387011164655,-0.01131545752286911,0.11112252622842789,0.0,0.0,0.0,0.0
13.483043670654297,-0.4723849594593048,-1.0073564052581787,0.0,0.0,-0.0020574608352035284,-0.22911876440048218,0.0,0.0,-0.5203599139819501,-0.49958877111190475,-0.01896623522043228,0.12040570378303528,0.0,0.0,0.0,0.0
13.484657049179077,-0.4723849594593048,-1.0073564052581787,0.0,0.0,-0.0020574608352035284,-0.22911876440048218,0.0,0.0,-0.5202448466975073,-0.4989608164522155,-0.020339637994766235,0.11516992747783661,0.0,0.0,0.0,0.0
13.486343383789062,-0.4723849594593048,-1.0073564052581787,0.0,0.0,-0.0020574608352035284,-0.22911876440048218,0.0,0.0,-0.5202448466975073,-0.4989608164522155,-0.020339637994766235,0.11516992747783661,0.0,0.0,0.0,0.0
13.488656759262085,-0.47303661704063416,-1.133073329925537,0.0,0.0,-0.002034958451986313,-0.22899644076824188,0.0,0.0,-0.5198565765359252,-0.49857732125524407,-0.017278343439102173,0.11302438378334045,0.0,0.0,0.0,0.0
13.490298509597778,-0.47303661704063416,-1.133073329925537,0.0,0.0,-0.002034958451986313,-0.22899644076824188,0.0,0.0,-0.5194730813389538,-0.4978534459829334,-0.012786594219505787,0.10907600075006485,0.0,0.0,0.0,0.0
13.491969347000122,-0.47303661704063416,-1.133073329925537,0.0,0.0,-0.002034958451986313,-0.22899644076824188,0.0,0.0,-0.5191518947488145,-0.497330961865087,-0.022468753159046173,0.11664117127656937,0.0,0.0,0.0,0.0
13.493649959564209,-0.47303661704063416,-1.133073329925537,0.0,0.0,-0.002034958451986313,-0.22899644076824188,0.0,0.0,-0.5191518947488145,-0.497330961865087,-0.022468753159046173,0.11664117127656937,0.0,0.0,0.0,0.0
13.495361804962158,-0.47303661704063416,-1.133073329925537,0.0,0.0,-0.002034958451986313,-0.22899644076824188,0.0,0.0,-0.5188786450582966,-0.49632906193764775,-0.022039543837308884,0.10825832188129425,0.0,0.0,0.0,0.0
13.496956586837769,-0.47303661704063416,-1.133073329925537,0.0,0.0,-0.002034958451986313,-0.22899644076824188,0.0,0.0,-0.5183945010974716,-0.49519776983193353,-0.0182344950735569,0.1037379577755928,0.0,0.0,0.0,0.0
13.498524188995361,-0.45493021607398987,-1.205142617225647,0.0,0.0,-0.0019669942557811737,-0.22887736558914185,0.0,0.0,-0.5183945010974716,-0.49519776983193353,-0.0182344950735569,0.1037379577755928,0.0,0.0,0.0,0.0
13.50111436843872,-0.45493021607398987,-1.205142617225647,0.0,0.0,-0.0019669942557811737,-0.22887736558914185,0.0,0.0,-0.5179007603940466,-0.49442595766000147,-0.014686771668493748,0.09638512879610062,0.0,0.0,0.0,0.0
13.50366759300232,-0.45493021607398987,-1.205142617225647,0.0,0.0,-0.0019669942557811737,-0.22887736558914185,0.0,0.0,-0.5175699770613075,-0.4933378274892979,-0.025024060159921646,0.09979857504367828,0.0,0.0,0.0,0.0
13.50570297241211,-0.45493021607398987,-1.205142617225647,0.0,0.0,-0.0019669942557811737,-0.22887736558914185,0.0,0.0,-0.5174597315548538,-0.4923263308192587,-0.025167057290673256,0.09530665725469589,0.0,0.0,0.0,0.0
13.507705926895142,-0.45493021607398987,-1.205142617225647,0.0,0.0,-0.0019669942557811737,-0.22887736558914185,0.0,0.0,-0.5171433667427039,-0.4913196559272087,-0.022477637976408005,0.08798232674598694,0.0,0.0,0.0,0.0
13.51029634475708,-0.4246198534965515,-1.2177984714508057,0.0,0.0,-0.0018773555057123303,-0.22871406376361847,0.0,0.0,-0.5167310813179324,-0.4907300414245409,-0.01898718997836113,0.08718140423297882,0.0,0.0,0.0,0.0
13.512215614318848,-0.4246198534965515,-1.2177984714508057,0.0,0.0,-0.0018773555057123303,-0.22871406376361847,0.0,0.0,-0.5167310813179324,-0.4907300414245409,-0.01898718997836113,0.08718140423297882,0.0,0.0,0.0,0.0
13.514690399169922,-0.4246198534965515,-1.2177984714508057,0.0,0.0,-0.0018773555057123303,-0.22871406376361847,0.0,0.0,-0.5166975161255217,-0.48987195219596597,-0.03224775195121765,0.09128831326961517,0.0,0.0,0.0,0.0
13.517467260360718,-0.4246198534965515,-1.2177984714508057,0.0,0.0,-0.0018773555057123303,-0.22871406376361847,0.0,0.0,-0.5166448042612896,-0.48933509637090883,-0.03273412585258484,0.09060166776180267,0.0,0.0,0.0,0.0
13.52018690109253,-0.42194366455078125,-1.2500311136245728,0.0,0.0,-0.0018147553782910109,-0.22856347262859344,0.0,0.0,-0.5166448042612896,-0.4887598535754517,-0.03273412585258484,0.0858522579073906,0.0,0.0,0.0,0.0
13.522522926330566,-0.42194366455078125,-1.2500311136245728,0.0,0.0,-0.0018147553782910109,-0.22856347262859344,0.0,0.0,-0.5166448042612896,-0.4882756628012482,-0.03273412585258484,0.0842786431312561,0.0,0.0,0.0,0.0
13.525901317596436,-0.42194366455078125,-1.2500311136245728,0.0,0.0,-0.0018147553782910109,-0.22856347262859344,0.0,0.0,-0.5174165696198432,-0.4876908232631911,-0.050281476229429245,0.09224027395248413,0.0,0.0,0.0,0.0
13.52765154838562,-0.42194366455078125,-1.2500311136245728,0.0,0.0,-0.0018147553782910109,-0.22856347262859344,0.0,0.0,-0.5174165696198432,-0.4876908232631911,-0.050281476229429245,0.09224027395248413,0.0,0.0,0.0,0.0
13.53029179573059,-0.33514484763145447,-1.121758222579956,0.0,0.0,-0.0015371495392173529,-0.22825603187084198,0.0,0.0,-0.5175028934898646,-0.4875182691499053,-0.05062490701675415,0.09281264990568161,0.0,0.0,0.0,0.0
13.531986713409424,-0.33514484763145447,-1.121758222579956,0.0,0.0,-0.0015371495392173529,-0.22825603187084198,0.0,0.0,-0.5174932967472645,-0.48749430070009464,-0.04842197522521019,0.09487252682447433,0.0,0.0,0.0,0.0
13.534159421920776,-0.33514484763145447,-1.121758222579956,0.0,0.0,-0.0015371495392173529,-0.22825603187084198,0.0,0.0,-0.5174932967472645,-0.4874032018654625,-0.05927067622542381,0.10386133939027786,0.0,0.0,0.0,0.0
13.536486387252808,-0.33514484763145447,-1.121758222579956,0.0,0.0,-0.0015371495392173529,-0.22825603187084198,0.0,0.0,-0.5174932967472645,-0.4870772403107125,-0.05927067622542381,0.10034216195344925,0.0,0.0,0.0,0.0
13.538496017456055,-0.26496875286102295,-1.110507845878601,0.0,0.0,-0.0012397910468280315,-0.2280169129371643,0.0,0.0,-0.5174932967472645,-0.4870772403107125,-0.05927067622542381,0.10034216195344925,0.0,0.0,0.0,0.0
13.5399808883667,-0.26496875286102295,-1.110507845878601,0.0,0.0,-0.0012397910468280315,-0.2280169129371643,0.0,0.0,-0.5174932967472645,-0.4869046861974268,-0.05927067622542381,0.1000560075044632,0.0,0.0,0.0,0.0
13.541548490524292,-0.26496875286102295,-1.110507845878601,0.0,0.0,-0.0012397910468280315,-0.2280169129371643,0.0,0.0,-0.5174932967472645,-0.4869622198396482,-0.05927067622542381,0.10071421414613724,0.0,0.0,0.0,0.0
13.542974710464478,-0.26496875286102295,-1.110507845878601,0.0,0.0,-0.0012397910468280315,-0.2280169129371643,0.0,0.0,-0.5174932967472645,-0.4869622198396482,-0.05927067622542381,0.10071421414613724,0.0,0.0,0.0,0.0
13.544628143310547,-0.26496875286102295,-1.110507845878601,0.0,0.0,-0.0012397910468280315,-0.2280169129371643,0.0,0.0,-0.5172344187639575,-0.48687112100501606,-0.06858358532190323,0.11134190857410431,0.0,0.0,0.0,0.0
13.546684980392456,-0.26496875286102295,-1.110507845878601,0.0,0.0,-0.0012397910468280315,-0.2280169129371643,0.0,0.0,-0.5169180539518075,-0.4867656504631732,-0.06403455883264542,0.11076970398426056,0.0,0.0,0.0,0.0
13.548430442810059,-0.21557603776454926,-1.3079980611801147,0.0,0.0,-0.0009836838580667973,-0.2279425412416458,0.0,0.0,-0.516711934646111,-0.48637255852360184,-0.06240399554371834,0.10673560947179794,0.0,0.0,0.0,0.0
13.549861431121826,-0.21557603776454926,-1.3079980611801147,0.0,0.0,-0.0009836838580667973,-0.2279425412416458,0.0,0.0,-0.516711934646111,-0.48637255852360184,-0.06240399554371834,0.10673560947179794,0.0,0.0,0.0,0.0
13.551267623901367,-0.21557603776454926,-1.3079980611801147,0.0,0.0,-0.0009836838580667973,-0.2279425412416458,0.0,0.0,-0.5162469373571075,-0.486305474952159,-0.07111363112926483,0.1185942143201828,0.0,0.0,0.0,0.0
13.552689552307129,-0.21557603776454926,-1.3079980611801147,0.0,0.0,-0.0009836838580667973,-0.2279425412416458,0.0,0.0,-0.5162469373571075,-0.486305474952159,-0.07111363112926483,0.1185942143201828,0.0,0.0,0.0,0.0
13.55416226387024,-0.21557603776454926,-1.3079980611801147,0.0,0.0,-0.0009836838580667973,-0.2279425412416458,0.0,0.0,-0.5159640909239896,-0.4863485900737911,-0.07028404623270035,0.11968129873275757,0.0,0.0,0.0,0.0
13.555596351623535,-0.21557603776454926,-1.3079980611801147,0.0,0.0,-0.0009836838580667973,-0.2279425412416458,0.0,0.0,-0.5159640909239896,-0.4863485900737911,-0.07028404623270035,0.11968129873275757,0.0,0.0,0.0,0.0
13.557021856307983,-0.21557603776454926,-1.3079980611801147,0.0,0.0,-0.0009836838580667973,-0.2279425412416458,0.0,0.0,-0.5155614490551967,-0.4863485900737911,-0.06582079827785492,0.11968129873275757,0.0,0.0,0.0,0.0
13.558480501174927,-0.20122012495994568,-1.4673378467559814,0.0,0.0,-0.0008672635303810239,-0.22792568802833557,0.0,0.0,-0.5155614490551967,-0.4863485900737911,-0.06582079827785492,0.11968129873275757,0.0,0.0,0.0,0.0
13.559890747070312,-0.20122012495994568,-1.4673378467559814,0.0,0.0,-0.0008672635303810239,-0.22792568802833557,0.0,0.0,-0.5153265395217004,-0.4863485900737911,-0.06513426452875137,0.11968129873275757,0.0,0.0,0.0,0.0
13.561341047286987,-0.20122012495994568,-1.4673378467559814,0.0,0.0,-0.0008672635303810239,-0.22792568802833557,0.0,0.0,-0.5153265395217004,-0.4863485900737911,-0.06513426452875137,0.11968129873275757,0.0,0.0,0.0,0.0
13.562779664993286,-0.20122012495994568,-1.4673378467559814,0.0,0.0,-0.0008672635303810239,-0.22792568802833557,0.0,0.0,-0.5150389181239718,-0.4863485900737911,-0.07557722181081772,0.1304118037223816,0.0,0.0,0.0,0.0
13.564167499542236,-0.20122012495994568,-1.4673378467559814,0.0,0.0,-0.0008672635303810239,-0.22792568802833557,0.0,0.0,-0.5150389181239718,-0.4863485900737911,-0.07557722181081772,0.1304118037223816,0.0,0.0,0.0,0.0
13.56634521484375,-0.20122012495994568,-1.4673378467559814,0.0,0.0,-0.0008672635303810239,-0.22792568802833557,0.0,0.0,-0.514420513393504,-0.4863485900737911,-0.07085636258125305,0.1304118037223816,0.0,0.0,0.0,0.0
13.56835389137268,-0.1935703307390213,-1.6184020042419434,0.0,0.0,-0.0008359102066606283,-0.22788184881210327,0.0,0.0,-0.5139076260182576,-0.4863485900737911,-0.06439067423343658,0.1304118037223816,0.0,0.0,0.0,0.0
13.570024490356445,-0.1935703307390213,-1.6184020042419434,0.0,0.0,-0.0008359102066606283,-0.22788184881210327,0.0,0.0,-0.5139076260182576,-0.4863485900737911,-0.06439067423343658,0.1304118037223816,0.0,0.0,0.0,0.0
13.571624040603638,-0.1935703307390213,-1.6184020042419434,0.0,0.0,-0.0008359102066606283,-0.22788184881210327,0.0,0.0,-0.5135432774931076,-0.48625271627454825,-0.06444784253835678,0.1290101259946823,0.0,0.0,0.0,0.0
13.57344913482666,-0.1935703307390213,-1.6184020042419434,0.0,0.0,-0.0008359102066606283,-0.22788184881210327,0.0,0.0,-0.5130447618250719,-0.48615684247530544,-0.07153759151697159,0.13924527168273926,0.0,0.0,0.0,0.0
13.575531721115112,-0.1935703307390213,-1.6184020042419434,0.0,0.0,-0.0008359102066606283,-0.22788184881210327,0.0,0.0,-0.5125701677934684,-0.4860561937114518,-0.06856201589107513,0.1386730670928955,0.0,0.0,0.0,0.0
13.577127456665039,-0.1935703307390213,-1.6184020042419434,0.0,0.0,-0.0008359102066606283,-0.22788184881210327,0.0,0.0,-0.5125701677934684,-0.4860561937114518,-0.06856201589107513,0.1386730670928955,0.0,0.0,0.0,0.0
13.579062700271606,-0.2150537073612213,-1.7060550451278687,0.0,0.0,-0.000883712898939848,-0.22779536247253418,0.0,0.0,-0.5120812020546541,-0.4860418220042411,-0.06647346913814545,0.1380435824394226,0.0,0.0,0.0,0.0
13.580796957015991,-0.2150537073612213,-1.7060550451278687,0.0,0.0,-0.000883712898939848,-0.22779536247253418,0.0,0.0,-0.5117839839143256,-0.48587881782017683,-0.06432770192623138,0.13758565485477448,0.0,0.0,0.0,0.0
13.582310676574707,-0.2150537073612213,-1.7060550451278687,0.0,0.0,-0.000883712898939848,-0.22779536247253418,0.0,0.0,-0.5117839839143256,-0.48587881782017683,-0.06432770192623138,0.13758565485477448,0.0,0.0,0.0,0.0
13.583882570266724,-0.2150537073612213,-1.7060550451278687,0.0,0.0,-0.000883712898939848,-0.22779536247253418,0.0,0.0,-0.5114196822025542,-0.48578294402093397,-0.07449378073215485,0.14760872721672058,0.0,0.0,0.0,0.0
13.585526943206787,-0.2150537073612213,-1.7060550451278687,0.0,0.0,-0.000883712898939848,-0.22779536247253418,0.0,0.0,-0.5114196822025542,-0.48578294402093397,-0.07449378073215485,0.14760872721672058,0.0,0.0,0.0,0.0
13.587149620056152,-0.2150537073612213,-1.7060550451278687,0.0,0.0,-0.000883712898939848,-0.22779536247253418,0.0,0.0,-0.5110457837481828,-0.4853898520813626,-0.07231950759887695,0.14360341429710388,0.0,0.0,0.0,0.0
13.589065790176392,-0.24913126230239868,-1.8520561456680298,0.0,0.0,-0.0010259321425110102,-0.22773002088069916,0.0,0.0,-0.510508881109747,-0.48502077540498045,-0.06685490161180496,0.14177224040031433,0.0,0.0,0.0,0.0
13.590721607208252,-0.24913126230239868,-1.8520561456680298,0.0,0.0,-0.0010259321425110102,-0.22773002088069916,0.0,0.0,-0.510508881109747,-0.48502077540498045,-0.06685490161180496,0.14177224040031433,0.0,0.0,0.0,0.0
13.592437267303467,-0.24913126230239868,-1.8520561456680298,0.0,0.0,-0.0010259321425110102,-0.22773002088069916,0.0,0.0,-0.51025000312644,-0.48446950105933406,-0.07631410658359528,0.1365940123796463,0.0,0.0,0.0,0.0
13.594569444656372,-0.24913126230239868,-1.8520561456680298,0.0,0.0,-0.0010259321425110102,-0.22773002088069916,0.0,0.0,-0.509679582108972,-0.4839709385779198,-0.07273788005113602,0.1441645473241806,0.0,0.0,0.0,0.0
13.596519708633423,-0.24913126230239868,-1.8520561456680298,0.0,0.0,-0.0010259321425110102,-0.22773002088069916,0.0,0.0,-0.5090611773785042,-0.4831752047695555,-0.06807424128055573,0.13824228942394257,0.0,0.0,0.0,0.0
13.598757982254028,-0.3077164888381958,-1.8942606449127197,0.0,0.0,-0.0012305101845413446,-0.22760750353336334,0.0,0.0,-0.5082702185347507,-0.4826239304239091,-0.061923157423734665,0.13397924602031708,0.0,0.0,0.0,0.0
13.600482940673828,-0.3077164888381958,-1.8942606449127197,0.0,0.0,-0.0012305101845413446,-0.22760750353336334,0.0,0.0,-0.5082702185347507,-0.4826239304239091,-0.061923157423734665,0.13397924602031708,0.0,0.0,0.0,0.0
13.602558851242065,-0.3077164888381958,-1.8942606449127197,0.0,0.0,-0.0012305101845413446,-0.22760750353336334,0.0,0.0,-0.5073594174419436,-0.4816651924314806,-0.06740547716617584,0.13906125724315643,0.0,0.0,0.0,0.0
13.605108261108398,-0.3077164888381958,-1.8942606449127197,0.0,0.0,-0.0012305101845413446,-0.22760750353336334,0.0,0.0,-0.5063096274282615,-0.48060575886181994,-0.058994073420763016,0.12976281344890594,0.0,0.0,0.0,0.0
13.60687518119812,-0.3077164888381958,-1.8942606449127197,0.0,0.0,-0.0012305101845413446,-0.22760750353336334,0.0,0.0,-0.5050440745529045,-0.47950803194851643,-0.04940953478217125,0.12238148599863052,0.0,0.0,0.0,0.0
13.60850214958191,-0.3334265351295471,-1.9953643083572388,0.0,0.0,-0.0013722331495955586,-0.22749555110931396,0.0,0.0,-0.5050440745529045,-0.47950803194851643,-0.04940953478217125,0.12238148599863052,0.0,0.0,0.0,0.0
13.610121250152588,-0.3334265351295471,-1.9953643083572388,0.0,0.0,-0.0013722331495955586,-0.22749555110931396,0.0,0.0,-0.5032943777167224,-0.47809389340968433,-0.036019884049892426,0.11348359286785126,0.0,0.0,0.0,0.0
13.611921548843384,-0.3334265351295471,-1.9953643083572388,0.0,0.0,-0.0013722331495955586,-0.22749555110931396,0.0,0.0,-0.5015686493303511,-0.4762147575818487,-0.03794856369495392,0.10983294248580933,0.0,0.0,0.0,0.0
13.613496541976929,-0.3334265351295471,-1.9953643083572388,0.0,0.0,-0.0013722331495955586,-0.22749555110931396,0.0,0.0,-0.5015686493303511,-0.4762147575818487,-0.03794856369495392,0.10983294248580933,0.0,0.0,0.0,0.0
13.614971160888672,-0.3334265351295471,-1.9953643083572388,0.0,0.0,-0.0013722331495955586,-0.22749555110931396,0.0,0.0,-0.49961283318847255,-0.4743020565616024,-0.021240076050162315,0.0959283709526062,0.0,0.0,0.0,0.0
13.61671233177185,-0.3334265351295471,-1.9953643083572388,0.0,0.0,-0.0013722331495955586,-0.22749555110931396,0.0,0.0,-0.49726392510702266,-0.4721784612710489,-0.005132684484124184,0.08062200993299484,0.0,0.0,0.0,0.0
13.618299961090088,-0.3259219229221344,-1.9480186700820923,0.0,0.0,-0.0013628046726807952,-0.2272980809211731,0.0,0.0,-0.49726392510702266,-0.4721784612710489,-0.005132684484124184,0.08062200993299484,0.0,0.0,0.0,0.0
13.620245218276978,-0.3259219229221344,-1.9480186700820923,0.0,0.0,-0.0013628046726807952,-0.2272980809211731,0.0,0.0,-0.49505882772443704,-0.469829553189599,0.0072842673398554325,0.06688915193080902,0.0,0.0,0.0,0.0
13.621800422668457,-0.3259219229221344,-1.9480186700820923,0.0,0.0,-0.0013628046726807952,-0.2272980809211731,0.0,0.0,-0.4925565122015229,-0.46733205944467415,0.012009928934276104,0.05998900160193443,0.0,0.0,0.0,0.0
13.623358488082886,-0.3259219229221344,-1.9480186700820923,0.0,0.0,-0.0013628046726807952,-0.2272980809211731,0.0,0.0,-0.4925565122015229,-0.46733205944467415,0.012009928934276104,0.05998900160193443,0.0,0.0,0.0,0.0
13.625057935714722,-0.3259219229221344,-1.9480186700820923,0.0,0.0,-0.0013628046726807952,-0.2272980809211731,0.0,0.0,-0.4907588784657194,-0.46515093051189926,0.023482631891965866,0.0497179813683033,0.0,0.0,0.0,0.0
13.626834869384766,-0.3259219229221344,-1.9480186700820923,0.0,0.0,-0.0013628046726807952,-0.2272980809211731,0.0,0.0,-0.4888845644158731,-0.46362649965323505,0.029233399778604507,0.044854190200567245,0.0,0.0,0.0,0.0
13.62846302986145,-0.322022408246994,-1.6939839124679565,0.0,0.0,-0.0013610990718007088,-0.2269233763217926,0.0,0.0,-0.4888845644158731,-0.46362649965323505,0.029233399778604507,0.044854190200567245,0.0,0.0,0.0,0.0
13.630114316940308,-0.322022408246994,-1.6939839124679565,0.0,0.0,-0.0013610990718007088,-0.2269233763217926,0.0,0.0,-0.4878299526242017,-0.4625958563113744,0.03366792947053909,0.04150679334998131,0.0,0.0,0.0,0.0
13.632264137268066,-0.322022408246994,-1.6939839124679565,0.0,0.0,-0.0013610990718007088,-0.2269233763217926,0.0,0.0,-0.4872498880507553,-0.46203980700111724,0.022524189203977585,0.052936919033527374,0.0,0.0,0.0,0.0
13.633906602859497,-0.322022408246994,-1.6939839124679565,0.0,0.0,-0.0013610990718007088,-0.2269233763217926,0.0,0.0,-0.4872498880507553,-0.46203980700111724,0.022524189203977585,0.052936919033527374,0.0,0.0,0.0,0.0
13.63621735572815,-0.322022408246994,-1.6939839124679565,0.0,0.0,-0.0013610990718007088,-0.2269233763217926,0.0,0.0,-0.48723074137893385,-0.4621117123505494,0.016115497797727585,0.05851586163043976,0.0,0.0,0.0,0.0
13.638477802276611,-0.3366890251636505,-1.049464464187622,0.0,0.0,-0.0014011956518515944,-0.22619923949241638,0.0,0.0,-0.4872690815359553,-0.4621117123505494,0.01557184662669897,0.060633014887571335,0.0,0.0,0.0,0.0
13.640198230743408,-0.3366890251636505,-1.049464464187622,0.0,0.0,-0.0014011956518515944,-0.22619923949241638,0.0,0.0,-0.48823259449299455,-0.4631471306570208,0.00401331065222621,0.07187694311141968,0.0,0.0,0.0,0.0
13.642203092575073,-0.3366890251636505,-1.049464464187622,0.0,0.0,-0.0014011956518515944,-0.22619923949241638,0.0,0.0,-0.48924409116303375,-0.46403878507800644,-0.016640594229102135,0.09012731164693832,0.0,0.0,0.0,0.0
13.643870115280151,-0.3366890251636505,-1.049464464187622,0.0,0.0,-0.0014011956518515944,-0.22619923949241638,0.0,0.0,-0.48924409116303375,-0.46403878507800644,-0.016640594229102135,0.09012731164693832,0.0,0.0,0.0,0.0
13.645373344421387,-0.3366890251636505,-1.049464464187622,0.0,0.0,-0.0014011956518515944,-0.22619923949241638,0.0,0.0,-0.49003505000678726,-0.46474824182972785,-0.02035970240831375,0.09456195682287216,0.0,0.0,0.0,0.0
13.64710783958435,-0.3366890251636505,-1.049464464187622,0.0,0.0,-0.0014011956518515944,-0.22619923949241638,0.0,0.0,-0.49049522551780156,-0.46533308136778495,-0.020789019763469696,0.09562069922685623,0.0,0.0,0.0,0.0
13.648634433746338,-0.32646313309669495,-0.23314641416072845,0.0,0.0,-0.0013615817297250032,-0.22519558668136597,0.0,0.0,-0.49049522551780156,-0.46533308136778495,-0.020789019763469696,0.09562069922685623,0.0,0.0,0.0,0.0
13.650009870529175,-0.32646313309669495,-0.23314641416072845,0.0,0.0,-0.0013615817297250032,-0.22519558668136597,0.0,0.0,-0.4906438111812766,-0.46537619648941714,-0.01910107210278511,0.09255929291248322,0.0,0.0,0.0,0.0
13.651381492614746,-0.32646313309669495,-0.23314641416072845,0.0,0.0,-0.0013615817297250032,-0.22519558668136597,0.0,0.0,-0.4906438111812766,-0.46537619648941714,-0.01910107210278511,0.09255929291248322,0.0,0.0,0.0,0.0
13.65276026725769,-0.32646313309669495,-0.23314641416072845,0.0,0.0,-0.0013615817297250032,-0.22519558668136597,0.0,0.0,-0.49083078381515155,-0.46533785633239566,-0.03103746473789215,0.10260757058858871,0.0,0.0,0.0,0.0
13.654191255569458,-0.32646313309669495,-0.23314641416072845,0.0,0.0,-0.0013615817297250032,-0.22519558668136597,0.0,0.0,-0.49083078381515155,-0.46533785633239566,-0.03103746473789215,0.10260757058858871,0.0,0.0,0.0,0.0
13.65576457977295,-0.32646313309669495,-0.23314641416072845,0.0,0.0,-0.0013615817297250032,-0.22519558668136597,0.0,0.0,-0.4908020404007301,-0.46490642423580286,-0.029578285291790962,0.09857352823019028,0.0,0.0,0.0,0.0
13.657397270202637,-0.32646313309669495,-0.23314641416072845,0.0,0.0,-0.0013615817297250032,-0.22519558668136597,0.0,0.0,-0.49016444218506233,-0.4640627535278172,-0.02171047031879425,0.08732981979846954,0.0,0.0,0.0,0.0
13.658918857574463,-0.3343236744403839,-0.3777048885822296,0.0,0.0,-0.00141436280682683,-0.22482874989509583,0.0,0.0,-0.49016444218506233,-0.4640627535278172,-0.02171047031879425,0.08732981979846954,0.0,0.0,0.0,0.0
13.660340309143066,-0.3343236744403839,-0.3777048885822296,0.0,0.0,-0.00141436280682683,-0.22482874989509583,0.0,0.0,-0.4893974517911195,-0.46315672739962077,-0.014329256489872932,0.08300945162773132,0.0,0.0,0.0,0.0
13.661864519119263,-0.3343236744403839,-0.3777048885822296,0.0,0.0,-0.00141436280682683,-0.22482874989509583,0.0,0.0,-0.4893974517911195,-0.46315672739962077,-0.014329256489872932,0.08300945162773132,0.0,0.0,0.0,0.0
13.663606882095337,-0.3343236744403839,-0.3777048885822296,0.0,0.0,-0.00141436280682683,-0.22482874989509583,0.0,0.0,-0.4888030623238409,-0.462221957857003,-0.022179968655109406,0.08765615522861481,0.0,0.0,0.0,0.0
13.666036367416382,-0.3343236744403839,-0.3777048885822296,0.0,0.0,-0.00141436280682683,-0.22482874989509583,0.0,0.0,-0.48812234898654094,-0.46173299211818875,-0.01677257940173149,0.08596792817115784,0.0,0.0,0.0,0.0
13.668751955032349,-0.3325006365776062,-0.9545875191688538,0.0,0.0,-0.0014059809036552906,-0.2250487506389618,0.0,0.0,-0.48782035588160166,-0.46149812939807083,-0.017974376678466797,0.08565321564674377,0.0,0.0,0.0,0.0
13.671269655227661,-0.3325006365776062,-0.9545875191688538,0.0,0.0,-0.0014059809036552906,-0.2250487506389618,0.0,0.0,-0.4878443243314124,-0.4614645642056601,-0.020634904503822327,0.08817097544670105,0.0,0.0,0.0,0.0
13.673009157180786,-0.3325006365776062,-0.9545875191688538,0.0,0.0,-0.0014059809036552906,-0.2250487506389618,0.0,0.0,-0.4878443243314124,-0.4614645642056601,-0.020634904503822327,0.08817097544670105,0.0,0.0,0.0,0.0
13.67536449432373,-0.3325006365776062,-0.9545875191688538,0.0,0.0,-0.0014059809036552906,-0.2250487506389618,0.0,0.0,-0.48780598417439097,-0.46149812939807083,-0.03171432763338089,0.09970805048942566,0.0,0.0,0.0,0.0
13.677567720413208,-0.3325006365776062,-0.9545875191688538,0.0,0.0,-0.0014059809036552906,-0.2250487506389618,0.0,0.0,-0.48780598417439097,-0.46149812939807083,-0.03171432763338089,0.09970805048942566,0.0,0.0,0.0,0.0
13.680122375488281,-0.3250913918018341,-1.1957613229751587,0.0,0.0,-0.0013746091863140464,-0.22520993649959564,0.0,0.0,-0.48780598417439097,-0.46149812939807083,-0.03171432763338089,0.09970805048942566,0.0,0.0,0.0,0.0
13.68201470375061,-0.3250913918018341,-1.1957613229751587,0.0,0.0,-0.0013746091863140464,-0.22520993649959564,0.0,0.0,-0.48780598417439097,-0.46187202785244225,-0.042363815009593964,0.11507805436849594,0.0,0.0,0.0,0.0
13.683874368667603,-0.3250913918018341,-1.1957613229751587,0.0,0.0,-0.0013746091863140464,-0.22520993649959564,0.0,0.0,-0.48780598417439097,-0.46187202785244225,-0.042363815009593964,0.11507805436849594,0.0,0.0,0.0,0.0
13.686122417449951,-0.3250913918018341,-1.1957613229751587,0.0,0.0,-0.0013746091863140464,-0.22520993649959564,0.0,0.0,-0.48780598417439097,-0.4619726766162959,-0.042363815009593964,0.1152784451842308,0.0,0.0,0.0,0.0
13.688092708587646,-0.2965652346611023,-0.982341468334198,0.0,0.0,-0.0012504294281825423,-0.22492365539073944,0.0,0.0,-0.48780598417439097,-0.4619631266870744,-0.042363815009593964,0.1131327897310257,0.0,0.0,0.0,0.0
13.68981671333313,-0.2965652346611023,-0.982341468334198,0.0,0.0,-0.0012504294281825423,-0.22492365539073944,0.0,0.0,-0.4876621734755267,-0.4619631266870744,-0.040704257786273956,0.1131327897310257,0.0,0.0,0.0,0.0
13.691335678100586,-0.2965652346611023,-0.982341468334198,0.0,0.0,-0.0012504294281825423,-0.22492365539073944,0.0,0.0,-0.4876621734755267,-0.4619631266870744,-0.040704257786273956,0.1131327897310257,0.0,0.0,0.0,0.0
13.692952156066895,-0.2965652346611023,-0.982341468334198,0.0,0.0,-0.0012504294281825423,-0.22492365539073944,0.0,0.0,-0.48701980029524816,-0.46148853265547085,-0.044149719178676605,0.11843785643577576,0.0,0.0,0.0,0.0
13.694411039352417,-0.2965652346611023,-0.982341468334198,0.0,0.0,-0.0012504294281825423,-0.22492365539073944,0.0,0.0,-0.48701980029524816,-0.46148853265547085,-0.044149719178676605,0.11843785643577576,0.0,0.0,0.0,0.0
13.695840835571289,-0.2965652346611023,-0.982341468334198,0.0,0.0,-0.0012504294281825423,-0.22492365539073944,0.0,0.0,-0.48665067680548746,-0.46098519520944586,-0.042776428163051605,0.11391734331846237,0.0,0.0,0.0,0.0
13.69725775718689,-0.2965652346611023,-0.982341468334198,0.0,0.0,-0.0012504294281825423,-0.22492365539073944,0.0,0.0,-0.48665067680548746,-0.46098519520944586,-0.042776428163051605,0.11391734331846237,0.0,0.0,0.0,0.0
13.699321985244751,-0.3091219961643219,-1.1754688024520874,0.0,0.0,-0.0012806636514142156,-0.22482742369174957,0.0,0.0,-0.4860370938530089,-0.4606592336546959,-0.036997221410274506,0.11265859007835388,0.0,0.0,0.0,0.0
13.701841831207275,-0.3091219961643219,-1.1754688024520874,0.0,0.0,-0.0012806636514142156,-0.22482742369174957,0.0,0.0,-0.4856248552416161,-0.4602805134223352,-0.03662522882223129,0.11039827764034271,0.0,0.0,0.0,0.0
13.704334259033203,-0.3091219961643219,-1.1754688024520874,0.0,0.0,-0.0012806636514142156,-0.22482742369174957,0.0,0.0,-0.48513106772481257,-0.4599258084531638,-0.043703801929950714,0.11896457523107529,0.0,0.0,0.0,0.0
13.70653486251831,-0.3091219961643219,-1.1754688024520874,0.0,0.0,-0.0012806636514142156,-0.22482742369174957,0.0,0.0,-0.4846085836069661,-0.4596285903128352,-0.04058545455336571,0.11681880801916122,0.0,0.0,0.0,0.0
13.708508014678955,-0.33167850971221924,-1.4083900451660156,0.0,0.0,-0.0013228112366050482,-0.22484806180000305,0.0,0.0,-0.484042937554109,-0.45909168767439956,-0.03732378035783768,0.11344292014837265,0.0,0.0,0.0,0.0
13.710472583770752,-0.33167850971221924,-1.4083900451660156,0.0,0.0,-0.0013228112366050482,-0.22484806180000305,0.0,0.0,-0.484042937554109,-0.45909168767439956,-0.03732378035783768,0.11344292014837265,0.0,0.0,0.0,0.0
13.713147640228271,-0.33167850971221924,-1.4083900451660156,0.0,0.0,-0.0013228112366050482,-0.22484806180000305,0.0,0.0,-0.4830314408840698,-0.4585356383641424,-0.041781552135944366,0.12233488261699677,0.0,0.0,0.0,0.0
13.71481728553772,-0.33167850971221924,-1.4083900451660156,0.0,0.0,-0.0013228112366050482,-0.22484806180000305,0.0,0.0,-0.4830314408840698,-0.4585356383641424,-0.041781552135944366,0.12233488261699677,0.0,0.0,0.0,0.0
13.71629810333252,-0.33167850971221924,-1.4083900451660156,0.0,0.0,-0.0013228112366050482,-0.22484806180000305,0.0,0.0,-0.48262397723728767,-0.458281535345446,-0.04063708707690239,0.12207750976085663,0.0,0.0,0.0,0.0
13.717844009399414,-0.33167850971221924,-1.4083900451660156,0.0,0.0,-0.0013228112366050482,-0.22484806180000305,0.0,0.0,-0.48262397723728767,-0.458281535345446,-0.04063708707690239,0.12207750976085663,0.0,0.0,0.0,0.0
13.720673561096191,-0.33933719992637634,-1.4542505741119385,0.0,0.0,-0.0013676589587703347,-0.22478248178958893,0.0,0.0,-0.4820295877700091,-0.45783095657703177,-0.0346575491130352,0.11721388250589371,0.0,0.0,0.0,0.0
13.722631931304932,-0.33933719992637634,-1.4542505741119385,0.0,0.0,-0.0013676589587703347,-0.22478248178958893,0.0,0.0,-0.48146389490377345,-0.4571550182043425,-0.03242595121264458,0.11186354607343674,0.0,0.0,0.0,0.0
13.72405743598938,-0.33933719992637634,-1.4542505741119385,0.0,0.0,-0.0013676589587703347,-0.22478248178958893,0.0,0.0,-0.4807160979950306,-0.4569057837770139,-0.038305915892124176,0.1225213035941124,0.0,0.0,0.0,0.0
13.725488662719727,-0.33933719992637634,-1.4542505741119385,0.0,0.0,-0.0013676589587703347,-0.22478248178958893,0.0,0.0,-0.4807160979950306,-0.4569057837770139,-0.038305915892124176,0.1225213035941124,0.0,0.0,0.0,0.0
13.72690463066101,-0.33933719992637634,-1.4542505741119385,0.0,0.0,-0.0013676589587703347,-0.22478248178958893,0.0,0.0,-0.4799538825656985,-0.45636888113857826,-0.031639616936445236,0.11837287247180939,0.0,0.0,0.0,0.0
13.728296995162964,-0.34419071674346924,-1.4545338153839111,0.0,0.0,-0.001403112313710153,-0.22458958625793457,0.0,0.0,-0.4799538825656985,-0.45636888113857826,-0.031639616936445236,0.11837287247180939,0.0,0.0,0.0,0.0
13.729682683944702,-0.34419071674346924,-1.4545338153839111,0.0,0.0,-0.001403112313710153,-0.22458958625793457,0.0,0.0,-0.4790718717006914,-0.4555299853952033,-0.027119258418679237,0.11333736032247543,0.0,0.0,0.0,0.0
13.731372833251953,-0.34419071674346924,-1.4545338153839111,0.0,0.0,-0.001403112313710153,-0.22458958625793457,0.0,0.0,-0.4790718717006914,-0.4555299853952033,-0.027119258418679237,0.11333736032247543,0.0,0.0,0.0,0.0
13.733527898788452,-0.34419071674346924,-1.4545338153839111,0.0,0.0,-0.001403112313710153,-0.22458958625793457,0.0,0.0,-0.47804600332344144,-0.45471023632364976,-0.03024185448884964,0.11677461117506027,0.0,0.0,0.0,0.0
13.735669136047363,-0.34419071674346924,-1.4545338153839111,0.0,0.0,-0.001403112313710153,-0.22458958625793457,0.0,0.0,-0.4770489251739915,-0.4537706918164212,-0.023203620687127113,0.11056619137525558,0.0,0.0,0.0,0.0
13.738056659698486,-0.34419071674346924,-1.4545338153839111,0.0,0.0,-0.001403112313710153,-0.22458958625793457,0.0,0.0,-0.4759176330682772,-0.45305641328671054,-0.01593656837940216,0.10819148272275925,0.0,0.0,0.0,0.0
13.740451335906982,-0.3686659336090088,-1.4668649435043335,0.0,0.0,-0.0014815026661381125,-0.22439418733119965,0.0,0.0,-0.4746328867077202,-0.45212164374409275,-0.007325056008994579,0.10132508724927902,0.0,0.0,0.0,0.0
13.74221134185791,-0.3686659336090088,-1.4668649435043335,0.0,0.0,-0.0014815026661381125,-0.22439418733119965,0.0,0.0,-0.4746328867077202,-0.45212164374409275,-0.007325056008994579,0.10132508724927902,0.0,0.0,0.0,0.0
13.745759010314941,-0.3686659336090088,-1.4668649435043335,0.0,0.0,-0.0014815026661381125,-0.22439418733119965,0.0,0.0,-0.4722935753688703,-0.44948033930030357,-0.0046958765015006065,0.0938611701130867,0.0,0.0,0.0,0.0
13.747237205505371,-0.3686659336090088,-1.4668649435043335,0.0,0.0,-0.0014815026661381125,-0.22439418733119965,0.0,0.0,-0.4722935753688703,-0.44948033930030357,-0.0046958765015006065,0.0938611701130867,0.0,0.0,0.0,0.0
13.749871492385864,-0.38564956188201904,-1.4367915391921997,0.0,0.0,-0.0015569047536700964,-0.22417330741882324,0.0,0.0,-0.4711670582277668,-0.4483298537093893,0.0017414253670722246,0.08585008233785629,0.0,0.0,0.0,0.0
13.75208854675293,-0.38564956188201904,-1.4367915391921997,0.0,0.0,-0.0015569047536700964,-0.22417330741882324,0.0,0.0,-0.4704144395410347,-0.44731840385272864,0.004859884735196829,0.07967038452625275,0.0,0.0,0.0,0.0
13.753480911254883,-0.38564956188201904,-1.4367915391921997,0.0,0.0,-0.0015569047536700964,-0.22417330741882324,0.0,0.0,-0.4697529196889347,-0.44651302648838587,-0.0018928003264591098,0.08731009811162949,0.0,0.0,0.0,0.0
13.754851579666138,-0.38564956188201904,-1.4367915391921997,0.0,0.0,-0.0015569047536700964,-0.22417330741882324,0.0,0.0,-0.4697529196889347,-0.44651302648838587,-0.0018928003264591098,0.08731009811162949,0.0,0.0,0.0,0.0
13.756608724594116,-0.38564956188201904,-1.4367915391921997,0.0,0.0,-0.0015569047536700964,-0.22417330741882324,0.0,0.0,-0.4691441117010669,-0.4457076959374216,-0.0006912823882885277,0.08413436263799667,0.0,0.0,0.0,0.0
13.758136749267578,-0.3959047198295593,-1.3125951290130615,0.0,0.0,-0.0016080787172541022,-0.22390109300613403,0.0,0.0,-0.46866474270485264,-0.4448256850724145,0.0011972161009907722,0.07855536788702011,0.0,0.0,0.0,0.0
13.759495258331299,-0.3959047198295593,-1.3125951290130615,0.0,0.0,-0.0016080787172541022,-0.22390109300613403,0.0,0.0,-0.46866474270485264,-0.4448256850724145,0.0011972161009907722,0.07855536788702011,0.0,0.0,0.0,0.0
13.760858058929443,-0.3959047198295593,-1.3125951290130615,0.0,0.0,-0.0016080787172541022,-0.22390109300613403,0.0,0.0,-0.46849696355617765,-0.4442695889487788,-0.0002619057195261121,0.07672436535358429,0.0,0.0,0.0,0.0
13.762208461761475,-0.3959047198295593,-1.3125951290130615,0.0,0.0,-0.0016080787172541022,-0.22390109300613403,0.0,0.0,-0.46849696355617765,-0.4442695889487788,-0.0002619057195261121,0.07672436535358429,0.0,0.0,0.0,0.0
13.763550043106079,-0.3959047198295593,-1.3125951290130615,0.0,0.0,-0.0016080787172541022,-0.22390109300613403,0.0,0.0,-0.4684778168843562,-0.4436847494107217,-0.011429338715970516,0.08474467694759369,0.0,0.0,0.0,0.0
13.76511836051941,-0.3959047198295593,-1.3125951290130615,0.0,0.0,-0.0016080787172541022,-0.22390109300613403,0.0,0.0,-0.4684778168843562,-0.4436847494107217,-0.011429338715970516,0.08474467694759369,0.0,0.0,0.0,0.0
13.766516208648682,-0.3959047198295593,-1.3125951290130615,0.0,0.0,-0.0016080787172541022,-0.22390109300613403,0.0,0.0,-0.4684778168843562,-0.443670377703511,-0.012316369451582432,0.08846406638622284,0.0,0.0,0.0,0.0
13.768866539001465,-0.39447060227394104,-0.9618396759033203,0.0,0.0,-0.0016602922696620226,-0.22341302037239075,0.0,0.0,-0.4684778168843562,-0.443670377703511,-0.012316369451582432,0.08846406638622284,0.0,0.0,0.0,0.0
13.772144794464111,-0.39447060227394104,-0.9618396759033203,0.0,0.0,-0.0016602922696620226,-0.22341302037239075,0.0,0.0,-0.4688133751817062,-0.4435265670046467,-0.02294601872563362,0.09817785024642944,0.0,0.0,0.0,0.0
13.77373456954956,-0.39447060227394104,-0.9618396759033203,0.0,0.0,-0.0016602922696620226,-0.22341302037239075,0.0,0.0,-0.4688133751817062,-0.4435265670046467,-0.02294601872563362,0.09817785024642944,0.0,0.0,0.0,0.0
13.775248527526855,-0.39447060227394104,-0.9618396759033203,0.0,0.0,-0.0016602922696620226,-0.22341302037239075,0.0,0.0,-0.4690338661946133,-0.4430711664582432,-0.02924010343849659,0.09334272146224976,0.0,0.0,0.0,0.0
13.776986837387085,-0.39447060227394104,-0.9618396759033203,0.0,0.0,-0.0016602922696620226,-0.22341302037239075,0.0,0.0,-0.4690338661946133,-0.4430711664582432,-0.02924010343849659,0.09334272146224976,0.0,0.0,0.0,0.0
13.779439687728882,-0.3888178765773773,-0.7945312261581421,0.0,0.0,-0.00161219562869519,-0.22297902405261993,0.0,0.0,-0.469225613793099,-0.4428986123449575,-0.029068609699606895,0.093686044216156,0.0,0.0,0.0,0.0
13.781786680221558,-0.3888178765773773,-0.7945312261581421,0.0,0.0,-0.00161219562869519,-0.22297902405261993,0.0,0.0,-0.46934068107754184,-0.4424336150559539,-0.030213017016649246,0.08902246505022049,0.0,0.0,0.0,0.0
13.784112215042114,-0.3888178765773773,-0.7945312261581421,0.0,0.0,-0.00161219562869519,-0.22297902405261993,0.0,0.0,-0.46932630937033115,-0.44195424605973965,-0.038776081055402756,0.0961267426609993,0.0,0.0,0.0,0.0
13.78605580329895,-0.3888178765773773,-0.7945312261581421,0.0,0.0,-0.00161219562869519,-0.22297902405261993,0.0,0.0,-0.46932630937033115,-0.441239967530029,-0.038776081055402756,0.08957500010728836,0.0,0.0,0.0,0.0
13.78844952583313,-0.3346688151359558,-0.8572892546653748,0.0,0.0,-0.0014375109458342195,-0.22275066375732422,0.0,0.0,-0.46932630937033115,-0.44094279620307897,-0.038776081055402756,0.09106262028217316,0.0,0.0,0.0,0.0
13.790388345718384,-0.3346688151359558,-0.8572892546653748,0.0,0.0,-0.0014375109458342195,-0.22275066375732422,0.0,0.0,-0.4689523641025812,-0.44049694558589686,-0.034055281430482864,0.08971810340881348,0.0,0.0,0.0,0.0
13.791906595230103,-0.3346688151359558,-0.8572892546653748,0.0,0.0,-0.0014375109458342195,-0.22275066375732422,0.0,0.0,-0.4689523641025812,-0.44049694558589686,-0.034055281430482864,0.08971810340881348,0.0,0.0,0.0,0.0
13.793487787246704,-0.3346688151359558,-0.8572892546653748,0.0,0.0,-0.0014375109458342195,-0.22275066375732422,0.0,0.0,-0.4688564903033383,-0.4401374188387362,-0.04449041932821274,0.09683439880609512,0.0,0.0,0.0,0.0
13.795628547668457,-0.3346688151359558,-0.8572892546653748,0.0,0.0,-0.0014375109458342195,-0.22275066375732422,0.0,0.0,-0.4686839361900526,-0.4398833626334183,-0.04471946507692337,0.09752105176448822,0.0,0.0,0.0,0.0
13.7970552444458,-0.3346688151359558,-0.8572892546653748,0.0,0.0,-0.0014375109458342195,-0.22275066375732422,0.0,0.0,-0.4686839361900526,-0.4398833626334183,-0.04471946507692337,0.09752105176448822,0.0,0.0,0.0,0.0
13.798620462417603,-0.34442979097366333,-1.0802818536758423,0.0,0.0,-0.0013826587237417698,-0.22276091575622559,0.0,0.0,-0.46858328742619904,-0.4396868400703219,-0.0441184863448143,0.09580443054437637,0.0,0.0,0.0,0.0
13.800537109375,-0.34442979097366333,-1.0802818536758423,0.0,0.0,-0.0013826587237417698,-0.22276091575622559,0.0,0.0,-0.4684921885915669,-0.4395526261140576,-0.04351777955889702,0.09634808450937271,0.0,0.0,0.0,0.0
13.802399158477783,-0.34442979097366333,-1.0802818536758423,0.0,0.0,-0.0013826587237417698,-0.22276091575622559,0.0,0.0,-0.4684921885915669,-0.4395526261140576,-0.04351777955889702,0.09634808450937271,0.0,0.0,0.0,0.0
13.804749488830566,-0.34442979097366333,-1.0802818536758423,0.0,0.0,-0.0013826587237417698,-0.22276091575622559,0.0,0.0,-0.4684778168843562,-0.4393512817729719,-0.05406976118683815,0.10452523827552795,0.0,0.0,0.0,0.0
13.807228565216064,-0.34442979097366333,-1.0802818536758423,0.0,0.0,-0.0013826587237417698,-0.22276091575622559,0.0,0.0,-0.4684778168843562,-0.43940881541519333,-0.054956793785095215,0.10647084563970566,0.0,0.0,0.0,0.0
13.810091495513916,-0.2637389600276947,-1.2041144371032715,0.0,0.0,-0.0011500472901389003,-0.22270295023918152,0.0,0.0,-0.4683483778927026,-0.43940881541519333,-0.05335450917482376,0.10647084563970566,0.0,0.0,0.0,0.0
13.812374830245972,-0.2637389600276947,-1.2041144371032715,0.0,0.0,-0.0011500472901389003,-0.22270295023918152,0.0,0.0,-0.4682572790580705,-0.43940881541519333,-0.052839573472738266,0.10647084563970566,0.0,0.0,0.0,0.0
13.814254760742188,-0.2637389600276947,-1.2041144371032715,0.0,0.0,-0.0011500472901389003,-0.22270295023918152,0.0,0.0,-0.46796010773112046,-0.43940881541519333,-0.05996961519122124,0.11714883893728256,0.0,0.0,0.0,0.0
13.815869331359863,-0.2637389600276947,-1.2041144371032715,0.0,0.0,-0.0011500472901389003,-0.22270295023918152,0.0,0.0,-0.4676724863333919,-0.43940881541519333,-0.05842455103993416,0.11714883893728256,0.0,0.0,0.0,0.0
13.817339181900024,-0.2637389600276947,-1.2041144371032715,0.0,0.0,-0.0011500472901389003,-0.22270295023918152,0.0,0.0,-0.4676724863333919,-0.43940881541519333,-0.05842455103993416,0.11714883893728256,0.0,0.0,0.0,0.0
13.818814516067505,-0.24083906412124634,-1.26161789894104,0.0,0.0,-0.0009994747815653682,-0.22257575392723083,0.0,0.0,-0.46744235176450627,-0.43940881541519333,-0.05696554109454155,0.11714883893728256,0.0,0.0,0.0,0.0
13.820473194122314,-0.24083906412124634,-1.26161789894104,0.0,0.0,-0.0009994747815653682,-0.22257575392723083,0.0,0.0,-0.46744235176450627,-0.43940881541519333,-0.05696554109454155,0.11714883893728256,0.0,0.0,0.0,0.0
13.822182893753052,-0.24083906412124634,-1.26161789894104,0.0,0.0,-0.0009994747815653682,-0.22257575392723083,0.0,0.0,-0.4671355836949562,-0.43940881541519333,-0.055220428854227066,0.11714883893728256,0.0,0.0,0.0,0.0
13.823877811431885,-0.24083906412124634,-1.26161789894104,0.0,0.0,-0.0009994747815653682,-0.22257575392723083,0.0,0.0,-0.46673289501278487,-0.43924581123112905,-0.06254822015762329,0.12602141499519348,0.0,0.0,0.0,0.0
13.825553894042969,-0.24083906412124634,-1.26161789894104,0.0,0.0,-0.0009994747815653682,-0.22257575392723083,0.0,0.0,-0.4661768457025277,-0.43906843533985407,-0.05854284390807152,0.1254204362630844,0.0,0.0,0.0,0.0
13.82718801498413,-0.24083906412124634,-1.26161789894104,0.0,0.0,-0.0009994747815653682,-0.22257575392723083,0.0,0.0,-0.4661768457025277,-0.43906843533985407,-0.05854284390807152,0.1254204362630844,0.0,0.0,0.0,0.0
13.828728914260864,-0.23282474279403687,-1.4159148931503296,0.0,0.0,-0.0009538239100947976,-0.22251076996326447,0.0,0.0,-0.4659419361690313,-0.4387856357201148,-0.05865728482604027,0.12112901359796524,0.0,0.0,0.0,0.0
13.83034348487854,-0.23282474279403687,-1.4159148931503296,0.0,0.0,-0.0009538239100947976,-0.22251076996326447,0.0,0.0,-0.4659419361690313,-0.4387856357201148,-0.05865728482604027,0.12112901359796524,0.0,0.0,0.0,0.0
13.832676410675049,-0.23282474279403687,-1.4159148931503296,0.0,0.0,-0.0009538239100947976,-0.22251076996326447,0.0,0.0,-0.4655536660074492,-0.43848359580179697,-0.05562449246644974,0.11941239982843399,0.0,0.0,0.0,0.0
13.83431363105774,-0.23282474279403687,-1.4159148931503296,0.0,0.0,-0.0009538239100947976,-0.22251076996326447,0.0,0.0,-0.4651653490324885,-0.4381288908326255,-0.06396783888339996,0.12832795083522797,0.0,0.0,0.0,0.0
13.835964918136597,-0.23282474279403687,-1.4159148931503296,0.0,0.0,-0.0009538239100947976,-0.22251076996326447,0.0,0.0,-0.4651653490324885,-0.4381288908326255,-0.06396783888339996,0.12832795083522797,0.0,0.0,0.0,0.0
13.83816933631897,-0.26423582434654236,-1.5811583995819092,0.0,0.0,-0.0010177381336688995,-0.22248470783233643,0.0,0.0,-0.46491129282717064,-0.4381145191254148,-0.0632525235414505,0.1299016773700714,0.0,0.0,0.0,0.0
13.839826583862305,-0.26423582434654236,-1.5811583995819092,0.0,0.0,-0.0010177381336688995,-0.22248470783233643,0.0,0.0,-0.46485375918494926,-0.4381816026968577,-0.06448287516832352,0.13113181293010712,0.0,0.0,0.0,0.0
13.841393947601318,-0.26423582434654236,-1.5811583995819092,0.0,0.0,-0.0010177381336688995,-0.22248470783233643,0.0,0.0,-0.46485375918494926,-0.4381816026968577,-0.06448287516832352,0.13113181293010712,0.0,0.0,0.0,0.0
13.84327483177185,-0.26423582434654236,-1.5811583995819092,0.0,0.0,-0.0010177381336688995,-0.22248470783233643,0.0,0.0,-0.4644654890233671,-0.4380809539330041,-0.07256001234054565,0.14041203260421753,0.0,0.0,0.0,0.0
13.844716548919678,-0.26423582434654236,-1.5811583995819092,0.0,0.0,-0.0010177381336688995,-0.22248470783233643,0.0,0.0,-0.46419223933284925,-0.43798985509837196,-0.06958449631929398,0.13986831903457642,0.0,0.0,0.0,0.0
13.846118450164795,-0.26423582434654236,-1.5811583995819092,0.0,0.0,-0.0010177381336688995,-0.22248470783233643,0.0,0.0,-0.46419223933284925,-0.43798985509837196,-0.06958449631929398,0.13986831903457642,0.0,0.0,0.0,0.0
13.847550630569458,-0.26423582434654236,-1.5811583995819092,0.0,0.0,-0.0010177381336688995,-0.22248470783233643,0.0,0.0,-0.4639142146777207,-0.4375008893595577,-0.06801093369722366,0.13529080152511597,0.0,0.0,0.0,0.0
13.849315643310547,-0.29398757219314575,-1.683048963546753,0.0,0.0,-0.0011357358889654279,-0.2224063277244568,0.0,0.0,-0.4637943724286671,-0.43739064385310417,-0.06803937256336212,0.13546256721019745,0.0,0.0,0.0,0.0
13.850768804550171,-0.29398757219314575,-1.683048963546753,0.0,0.0,-0.0011357358889654279,-0.2224063277244568,0.0,0.0,-0.4637943724286671,-0.43739064385310417,-0.06803937256336212,0.13546256721019745,0.0,0.0,0.0,0.0
13.852338552474976,-0.29398757219314575,-1.683048963546753,0.0,0.0,-0.0011357358889654279,-0.2224063277244568,0.0,0.0,-0.4635930280875814,-0.43690649989227914,-0.0774134173989296,0.1416015923023224,0.0,0.0,0.0,0.0
13.854045391082764,-0.29398757219314575,-1.683048963546753,0.0,0.0,-0.0011357358889654279,-0.2224063277244568,0.0,0.0,-0.4635930280875814,-0.43690649989227914,-0.0774134173989296,0.1416015923023224,0.0,0.0,0.0,0.0
13.856410026550293,-0.29398757219314575,-1.683048963546753,0.0,0.0,-0.0011357358889654279,-0.2224063277244568,0.0,0.0,-0.46339650552448497,-0.4365373764025185,-0.07629750669002533,0.14111538231372833,0.0,0.0,0.0,0.0
13.858455419540405,-0.29872626066207886,-1.7160030603408813,0.0,0.0,-0.0011850440641865134,-0.22225581109523773,0.0,0.0,-0.46287397459326,-0.4361586561701578,-0.07146237790584564,0.1371385008096695,0.0,0.0,0.0,0.0
13.86029577255249,-0.29872626066207886,-1.7160030603408813,0.0,0.0,-0.0011850440641865134,-0.22225581109523773,0.0,0.0,-0.4624857044316779,-0.4357080774017435,-0.06937388330698013,0.13304707407951355,0.0,0.0,0.0,0.0
13.862272262573242,-0.29872626066207886,-1.7160030603408813,0.0,0.0,-0.0011850440641865134,-0.22225581109523773,0.0,0.0,-0.46223642319097075,-0.435065704221465,-0.07919937372207642,0.13964004814624786,0.0,0.0,0.0,0.0
13.863926649093628,-0.29872626066207886,-1.7160030603408813,0.0,0.0,-0.0011850440641865134,-0.22225581109523773,0.0,0.0,-0.46223642319097075,-0.435065704221465,-0.07919937372207642,0.13964004814624786,0.0,0.0,0.0,0.0
13.866127490997314,-0.29872626066207886,-1.7160030603408813,0.0,0.0,-0.0011850440641865134,-0.22225581109523773,0.0,0.0,-0.4617426824875458,-0.43489315010817925,-0.07590925693511963,0.142615407705307,0.0,0.0,0.0,0.0
13.868927240371704,-0.3160982131958008,-1.9004180431365967,0.0,0.0,-0.001257244497537613,-0.22221355140209198,0.0,0.0,-0.4610332257358244,-0.4344904614260079,-0.0716177225112915,0.1372368484735489,0.0,0.0,0.0,0.0
13.870922327041626,-0.3160982131958008,-1.9004180431365967,0.0,0.0,-0.001257244497537613,-0.22221355140209198,0.0,0.0,-0.46056340666883155,-0.43422680847809003,-0.06761206686496735,0.13695068657398224,0.0,0.0,0.0,0.0
13.87260365486145,-0.3160982131958008,-1.9004180431365967,0.0,0.0,-0.001257244497537613,-0.22221355140209198,0.0,0.0,-0.46056340666883155,-0.43422680847809003,-0.06761206686496735,0.13695068657398224,0.0,0.0,0.0,0.0
13.874600172042847,-0.3160982131958008,-1.9004180431365967,0.0,0.0,-0.001257244497537613,-0.22221355140209198,0.0,0.0,-0.4599833889087637,-0.4335029800191579,-0.07383819669485092,0.14097361266613007,0.0,0.0,0.0,0.0
13.87623143196106,-0.3160982131958008,-1.9004180431365967,0.0,0.0,-0.001257244497537613,-0.22221355140209198,0.0,0.0,-0.45938417766349593,-0.43309551637237576,-0.07026191800832748,0.1401439756155014,0.0,0.0,0.0,0.0
13.878105878829956,-0.2997686564922333,-1.954322338104248,0.0,0.0,-0.0012230242136865854,-0.2220991551876068,0.0,0.0,-0.45938417766349593,-0.43309551637237576,-0.07026191800832748,0.1401439756155014,0.0,0.0,0.0,0.0
13.880267143249512,-0.2997686564922333,-1.954322338104248,0.0,0.0,-0.0012230242136865854,-0.2220991551876068,0.0,0.0,-0.4584877482778995,-0.43262574411876153,-0.06348135322332382,0.135909765958786,0.0,0.0,0.0,0.0
13.883151769638062,-0.2997686564922333,-1.954322338104248,0.0,0.0,-0.0012230242136865854,-0.2220991551876068,0.0,0.0,-0.45788376206802095,-0.4317628799255758,-0.07110687345266342,0.139387309551239,0.0,0.0,0.0,0.0
13.885601043701172,-0.2997686564922333,-1.954322338104248,0.0,0.0,-0.0012230242136865854,-0.2220991551876068,0.0,0.0,-0.45686749043337105,-0.430976696046433,-0.06338222324848175,0.13621163368225098,0.0,0.0,0.0,0.0
13.888136148452759,-0.2826327085494995,-1.9525998830795288,0.0,0.0,-0.0011683348566293716,-0.2219204306602478,0.0,0.0,-0.4555827908861925,-0.4302528675875009,-0.0530824288725853,0.13037508726119995,0.0,0.0,0.0,0.0
13.890772104263306,-0.2826327085494995,-1.9525998830795288,0.0,0.0,-0.0011683348566293716,-0.2219204306602478,0.0,0.0,-0.4542453326614033,-0.429049623318976,-0.04441363736987114,0.12121998518705368,0.0,0.0,0.0,0.0
13.892900228500366,-0.2826327085494995,-1.9525998830795288,0.0,0.0,-0.0011683348566293716,-0.2219204306602478,0.0,0.0,-0.4527928539655498,-0.4278464258638296,-0.04554162174463272,0.122490793466568,0.0,0.0,0.0,0.0
13.89486312866211,-0.2826327085494995,-1.9525998830795288,0.0,0.0,-0.0011683348566293716,-0.2219204306602478,0.0,0.0,-0.4510814972863892,-0.42644665903220824,-0.03418341279029846,0.11336435377597809,0.0,0.0,0.0,0.0
13.897217273712158,-0.2826327085494995,-1.9525998830795288,0.0,0.0,-0.0011683348566293716,-0.2219204306602478,0.0,0.0,-0.4493222037076071,-0.42475927080285836,-0.022023893892765045,0.1030072271823883,0.0,0.0,0.0,0.0
13.899555444717407,-0.31356099247932434,-1.9160114526748657,0.0,0.0,-0.0012437497498467565,-0.2217063307762146,0.0,0.0,-0.4493222037076071,-0.42475927080285836,-0.022023893892765045,0.1030072271823883,0.0,0.0,0.0,0.0
13.901374101638794,-0.31356099247932434,-1.9160114526748657,0.0,0.0,-0.0012437497498467565,-0.2217063307762146,0.0,0.0,-0.44712192810301077,-0.42298560551686554,-0.00860564224421978,0.09113403409719467,0.0,0.0,0.0,0.0
13.903258323669434,-0.31356099247932434,-1.9160114526748657,0.0,0.0,-0.0012437497498467565,-0.2217063307762146,0.0,0.0,-0.44516611196113226,-0.4211496316240406,-0.005825420841574669,0.08720806241035461,0.0,0.0,0.0,0.0
13.905266284942627,-0.31356099247932434,-1.9160114526748657,0.0,0.0,-0.0012437497498467565,-0.2217063307762146,0.0,0.0,-0.4433828499325395,-0.41932802943842645,0.0027574808336794376,0.08174344897270203,0.0,0.0,0.0,0.0
13.90718674659729,-0.31356099247932434,-1.9160114526748657,0.0,0.0,-0.0012437497498467565,-0.2217063307762146,0.0,0.0,-0.4433828499325395,-0.41932802943842645,0.0027574808336794376,0.08174344897270203,0.0,0.0,0.0,0.0
13.909310817718506,-0.33947134017944336,-1.77943754196167,0.0,0.0,-0.0013072170550003648,-0.22138988971710205,0.0,0.0,-0.44186801581647533,-0.4179761995064265,0.010682682506740093,0.07130071520805359,0.0,0.0,0.0,0.0
13.91115951538086,-0.33947134017944336,-1.77943754196167,0.0,0.0,-0.0013072170550003648,-0.22138988971710205,0.0,0.0,-0.44106750704350034,-0.41663878809501587,0.010453633032739162,0.06589344143867493,0.0,0.0,0.0,0.0
13.913008689880371,-0.33947134017944336,-1.77943754196167,0.0,0.0,-0.0013072170550003648,-0.22138988971710205,0.0,0.0,-0.44106750704350034,-0.41663878809501587,0.010453633032739162,0.06589344143867493,0.0,0.0,0.0,0.0
13.914924383163452,-0.33947134017944336,-1.77943754196167,0.0,0.0,-0.0013072170550003648,-0.22138988971710205,0.0,0.0,-0.44060728471910754,-0.41615459732081234,-0.00023307109950110316,0.07915657013654709,0.0,0.0,0.0,0.0
13.916811227798462,-0.33947134017944336,-1.77943754196167,0.0,0.0,-0.0013072170550003648,-0.22138988971710205,0.0,0.0,-0.4406312531689182,-0.4160922887139802,-0.0037521293852478266,0.08144544810056686,0.0,0.0,0.0,0.0
13.918669939041138,-0.357755184173584,-1.4969918727874756,0.0,0.0,-0.001409206772223115,-0.22098559141159058,0.0,0.0,-0.4405593478194861,-0.41602998010714803,-0.005411356687545776,0.08321922272443771,0.0,0.0,0.0,0.0
13.921208381652832,-0.357755184173584,-1.4969918727874756,0.0,0.0,-0.001409206772223115,-0.22098559141159058,0.0,0.0,-0.44093806805184677,-0.4160922887139802,-0.010160654783248901,0.08439235389232635,0.0,0.0,0.0,0.0
13.92312502861023,-0.357755184173584,-1.4969918727874756,0.0,0.0,-0.001409206772223115,-0.22098559141159058,0.0,0.0,-0.44093806805184677,-0.4160922887139802,-0.010160654783248901,0.08439235389232635,0.0,0.0,0.0,0.0
13.92522144317627,-0.357755184173584,-1.4969918727874756,0.0,0.0,-0.001409206772223115,-0.22098559141159058,0.0,0.0,-0.4420166482933289,-0.4160922887139802,-0.03265204280614853,0.09501027315855026,0.0,0.0,0.0,0.0
13.926987648010254,-0.357755184173584,-1.4969918727874756,0.0,0.0,-0.001409206772223115,-0.22098559141159058,0.0,0.0,-0.4428172038796824,-0.4164230720467194,-0.03482642024755478,0.09938769787549973,0.0,0.0,0.0,0.0
13.928906202316284,-0.3752736747264862,-0.827058732509613,0.0,0.0,-0.0015064006438478827,-0.22018201649188995,0.0,0.0,-0.44337802815455024,-0.4169215877147551,-0.03768749535083771,0.10462319850921631,0.0,0.0,0.0,0.0
13.93062138557434,-0.3752736747264862,-0.827058732509613,0.0,0.0,-0.0015064006438478827,-0.22018201649188995,0.0,0.0,-0.44337802815455024,-0.4169215877147551,-0.03768749535083771,0.10462319850921631,0.0,0.0,0.0,0.0
13.932318210601807,-0.3752736747264862,-0.827058732509613,0.0,0.0,-0.0015064006438478827,-0.22018201649188995,0.0,0.0,-0.4435506290812145,-0.41690244104293367,-0.047424085438251495,0.1113264411687851,0.0,0.0,0.0,0.0
13.934029340744019,-0.3752736747264862,-0.827058732509613,0.0,0.0,-0.0015064006438478827,-0.22018201649188995,0.0,0.0,-0.4438909623431752,-0.41660522290260515,-0.04899764806032181,0.10892317444086075,0.0,0.0,0.0,0.0
13.936195850372314,-0.3752736747264862,-0.827058732509613,0.0,0.0,-0.0015064006438478827,-0.22018201649188995,0.0,0.0,-0.44390533405038596,-0.416039576849748,-0.047509972006082535,0.10122713446617126,0.0,0.0,0.0,0.0
13.938101530075073,-0.36399224400520325,-0.7053118944168091,0.0,0.0,-0.0014548709150403738,-0.21964655816555023,0.0,0.0,-0.44390533405038596,-0.416039576849748,-0.047509972006082535,0.10122713446617126,0.0,0.0,0.0,0.0
13.939618825912476,-0.36399224400520325,-0.7053118944168091,0.0,0.0,-0.0014548709150403738,-0.21964655816555023,0.0,0.0,-0.44386221892875377,-0.41519585932838377,-0.046422891318798065,0.09498999267816544,0.0,0.0,0.0,0.0
13.941146850585938,-0.36399224400520325,-0.7053118944168091,0.0,0.0,-0.0014548709150403738,-0.21964655816555023,0.0,0.0,-0.44324381419828596,-0.4143617853629981,-0.051785241812467575,0.09932265430688858,0.0,0.0,0.0,0.0
13.94255518913269,-0.36399224400520325,-0.7053118944168091,0.0,0.0,-0.0014548709150403738,-0.21964655816555023,0.0,0.0,-0.44324381419828596,-0.4143617853629981,-0.051785241812467575,0.09932265430688858,0.0,0.0,0.0,0.0
13.943984031677246,-0.36399224400520325,-0.7053118944168091,0.0,0.0,-0.0014548709150403738,-0.21964655816555023,0.0,0.0,-0.4427165083024503,-0.413599569933666,-0.04617758095264435,0.09348610788583755,0.0,0.0,0.0,0.0
13.945261001586914,-0.36399224400520325,-0.7053118944168091,0.0,0.0,-0.0014548709150403738,-0.21964655816555023,0.0,0.0,-0.4427165083024503,-0.413599569933666,-0.04617758095264435,0.09348610788583755,0.0,0.0,0.0,0.0
13.946537017822266,-0.36399224400520325,-0.7053118944168091,0.0,0.0,-0.0014548709150403738,-0.21964655816555023,0.0,0.0,-0.4424384836473217,-0.41300995543099817,-0.043860264122486115,0.09051075577735901,0.0,0.0,0.0,0.0
13.948125839233398,-0.2904946208000183,-1.136386513710022,0.0,0.0,-0.001293708337470889,-0.21972312033176422,0.0,0.0,-0.4424384836473217,-0.41300995543099817,-0.043860264122486115,0.09051075577735901,0.0,0.0,0.0,0.0
13.949428081512451,-0.2904946208000183,-1.136386513710022,0.0,0.0,-0.001293708337470889,-0.21972312033176422,0.0,0.0,-0.4421412655069932,-0.4127127372906696,-0.043030403554439545,0.0929139032959938,0.0,0.0,0.0,0.0
13.95071029663086,-0.2904946208000183,-1.136386513710022,0.0,0.0,-0.001293708337470889,-0.21972312033176422,0.0,0.0,-0.4421412655069932,-0.4127127372906696,-0.043030403554439545,0.0929139032959938,0.0,0.0,0.0,0.0
13.95199203491211,-0.2904946208000183,-1.136386513710022,0.0,0.0,-0.001293708337470889,-0.21972312033176422,0.0,0.0,-0.4421221188351717,-0.4124107441857303,-0.056426752358675,0.1011323630809784,0.0,0.0,0.0,0.0
13.953260898590088,-0.2904946208000183,-1.136386513710022,0.0,0.0,-0.001293708337470889,-0.21972312033176422,0.0,0.0,-0.4421221188351717,-0.4124107441857303,-0.056426752358675,0.1011323630809784,0.0,0.0,0.0,0.0
13.954525470733643,-0.2904946208000183,-1.136386513710022,0.0,0.0,-0.001293708337470889,-0.21972312033176422,0.0,0.0,-0.4420933286073717,-0.4123724040287089,-0.05705617740750313,0.1038789302110672,0.0,0.0,0.0,0.0
13.9557945728302,-0.2904946208000183,-1.136386513710022,0.0,0.0,-0.001293708337470889,-0.21972312033176422,0.0,0.0,-0.4420933286073717,-0.4123724040287089,-0.05705617740750313,0.1038789302110672,0.0,0.0,0.0,0.0
13.957062482833862,-0.2904946208000183,-1.136386513710022,0.0,0.0,-0.001293708337470889,-0.21972312033176422,0.0,0.0,-0.4420933286073717,-0.4124107441857303,-0.05705617740750313,0.1049090325832367,0.0,0.0,0.0,0.0
13.958323001861572,-0.27988913655281067,-1.4064984321594238,0.0,0.0,-0.0011448952136561275,-0.2198578268289566,0.0,0.0,-0.4420933286073717,-0.4124107441857303,-0.05705617740750313,0.1049090325832367,0.0,0.0,0.0,0.0
13.959624290466309,-0.27988913655281067,-1.4064984321594238,0.0,0.0,-0.0011448952136561275,-0.2198578268289566,0.0,0.0,-0.4420933286073717,-0.4124107441857303,-0.05705617740750313,0.1049090325832367,0.0,0.0,0.0,0.0
13.960877656936646,-0.27988913655281067,-1.4064984321594238,0.0,0.0,-0.0011448952136561275,-0.2198578268289566,0.0,0.0,-0.4420933286073717,-0.4124107441857303,-0.05705617740750313,0.1049090325832367,0.0,0.0,0.0,0.0
13.962137222290039,-0.27988913655281067,-1.4064984321594238,0.0,0.0,-0.0011448952136561275,-0.2198578268289566,0.0,0.0,-0.4420933286073717,-0.4124107441857303,-0.06772270798683167,0.11557331681251526,0.0,0.0,0.0,0.0
13.963412046432495,-0.27988913655281067,-1.4064984321594238,0.0,0.0,-0.0011448952136561275,-0.2198578268289566,0.0,0.0,-0.4420933286073717,-0.4124107441857303,-0.06772270798683167,0.11557331681251526,0.0,0.0,0.0,0.0
13.964696645736694,-0.27988913655281067,-1.4064984321594238,0.0,0.0,-0.0011448952136561275,-0.2198578268289566,0.0,0.0,-0.4420933286073717,-0.4124107441857303,-0.06772270798683167,0.11557331681251526,0.0,0.0,0.0,0.0
13.96598482131958,-0.27988913655281067,-1.4064984321594238,0.0,0.0,-0.0011448952136561275,-0.2198578268289566,0.0,0.0,-0.4420933286073717,-0.4124107441857303,-0.06772270798683167,0.11557331681251526,0.0,0.0,0.0,0.0
13.968242168426514,-0.22074562311172485,-1.2440576553344727,0.0,0.0,-0.0009425503667443991,-0.2196243405342102,0.0,0.0,-0.4420933286073717,-0.4124107441857303,-0.06772270798683167,0.11557331681251526,0.0,0.0,0.0,0.0
13.970507621765137,-0.22074562311172485,-1.2440576553344727,0.0,0.0,-0.0009425503667443991,-0.2196243405342102,0.0,0.0,-0.4420070515507289,-0.4124107441857303,-0.06772270798683167,0.11557331681251526,0.0,0.0,0.0,0.0
13.972735404968262,-0.22074562311172485,-1.2440576553344727,0.0,0.0,-0.0009425503667443991,-0.2196243405342102,0.0,0.0,-0.4417146551883896,-0.4124107441857303,-0.07266154885292053,0.12620575726032257,0.0,0.0,0.0,0.0
13.97451639175415,-0.22074562311172485,-1.2440576553344727,0.0,0.0,-0.0009425503667443991,-0.2196243405342102,0.0,0.0,-0.44135030666323966,-0.4124107441857303,-0.07060155272483826,0.12620575726032257,0.0,0.0,0.0,0.0
13.976304054260254,-0.22074562311172485,-1.2440576553344727,0.0,0.0,-0.0009425503667443991,-0.2196243405342102,0.0,0.0,-0.44135030666323966,-0.4124107441857303,-0.07060155272483826,0.12620575726032257,0.0,0.0,0.0,0.0
13.978581428527832,-0.2190149575471878,-1.4336645603179932,0.0,0.0,-0.0008757930481806397,-0.21952083706855774,0.0,0.0,-0.4409140996020361,-0.4124107441857303,-0.0668250024318695,0.12620575726032257,0.0,0.0,0.0,0.0
13.980364322662354,-0.2190149575471878,-1.4336645603179932,0.0,0.0,-0.0008757930481806397,-0.21952083706855774,0.0,0.0,-0.4403724219989896,-0.4124107441857303,-0.06393548101186752,0.12620575726032257,0.0,0.0,0.0,0.0
13.982037782669067,-0.2190149575471878,-1.4336645603179932,0.0,0.0,-0.0008757930481806397,-0.21952083706855774,0.0,0.0,-0.43985466603237544,-0.4124107441857303,-0.07136324793100357,0.13686935603618622,0.0,0.0,0.0,0.0
13.983928442001343,-0.2190149575471878,-1.4336645603179932,0.0,0.0,-0.0008757930481806397,-0.21952083706855774,0.0,0.0,-0.43922671137268615,-0.4124107441857303,-0.06724359840154648,0.13686935603618622,0.0,0.0,0.0,0.0
13.985576868057251,-0.2190149575471878,-1.4336645603179932,0.0,0.0,-0.0008757930481806397,-0.21952083706855774,0.0,0.0,-0.43922671137268615,-0.4124107441857303,-0.06724359840154648,0.13686935603618622,0.0,0.0,0.0,0.0
13.987208604812622,-0.2190149575471878,-1.4336645603179932,0.0,0.0,-0.0008757930481806397,-0.21952083706855774,0.0,0.0,-0.4389822519099683,-0.4123196453510982,-0.06715770810842514,0.13549590110778809,0.0,0.0,0.0,0.0
13.989607810974121,-0.22452138364315033,-1.6329604387283325,0.0,0.0,-0.0008799887145869434,-0.21952296793460846,0.0,0.0,-0.43848368942855404,-0.4122141748092554,-0.0631808340549469,0.13492369651794434,0.0,0.0,0.0,0.0
13.991334676742554,-0.22452138364315033,-1.6329604387283325,0.0,0.0,-0.0008799887145869434,-0.21952296793460846,0.0,0.0,-0.43848368942855404,-0.4122141748092554,-0.0631808340549469,0.13492369651794434,0.0,0.0,0.0,0.0
13.993054628372192,-0.22452138364315033,-1.6329604387283325,0.0,0.0,-0.0008799887145869434,-0.21952296793460846,0.0,0.0,-0.4378173477984648,-0.4121183010100125,-0.06925301998853683,0.14485779404640198,0.0,0.0,0.0,0.0
13.99468994140625,-0.22452138364315033,-1.6329604387283325,0.0,0.0,-0.0008799887145869434,-0.21952296793460846,0.0,0.0,-0.43754891988593625,-0.4119074067397054,-0.06767939776182175,0.14282634854316711,0.0,0.0,0.0,0.0
13.996435165405273,-0.22452138364315033,-1.6329604387283325,0.0,0.0,-0.0008799887145869434,-0.21952296793460846,0.0,0.0,-0.43693051515546844,-0.4117923394552625,-0.0635024756193161,0.14162465929985046,0.0,0.0,0.0,0.0
13.998138189315796,-0.2610233724117279,-1.7531155347824097,0.0,0.0,-0.0009614015580154955,-0.2194809466600418,0.0,0.0,-0.43693051515546844,-0.4117923394552625,-0.0635024756193161,0.14162465929985046,0.0,0.0,0.0,0.0
13.99976396560669,-0.2610233724117279,-1.7531155347824097,0.0,0.0,-0.0009614015580154955,-0.2194809466600418,0.0,0.0,-0.436575810186297,-0.41154787999254466,-0.06321626156568527,0.14068058133125305,0.0,0.0,0.0,0.0
14.001655101776123,-0.2610233724117279,-1.7531155347824097,0.0,0.0,-0.0009614015580154955,-0.2194809466600418,0.0,0.0,-0.4360581010330613,-0.41113559456777327,-0.07030601054430008,0.1480843722820282,0.0,0.0,0.0,0.0
14.003233671188354,-0.2610233724117279,-1.7531155347824097,0.0,0.0,-0.0009614015580154955,-0.2194809466600418,0.0,0.0,-0.4360581010330613,-0.41113559456777327,-0.07030601054430008,0.1480843722820282,0.0,0.0,0.0,0.0
14.00457215309143,-0.2610233724117279,-1.7531155347824097,0.0,0.0,-0.0009614015580154955,-0.2194809466600418,0.0,0.0,-0.4354780364596149,-0.41113559456777327,-0.06587120145559311,0.14977237582206726,0.0,0.0,0.0,0.0
14.005920171737671,-0.2610233724117279,-1.7531155347824097,0.0,0.0,-0.0009614015580154955,-0.2194809466600418,0.0,0.0,-0.4354780364596149,-0.41113559456777327,-0.06587120145559311,0.14977237582206726,0.0,0.0,0.0,0.0
14.008837699890137,-0.32729393243789673,-1.8174878358840942,0.0,0.0,-0.0011937706731259823,-0.21936067938804626,0.0,0.0,-0.43421253039763635,-0.4101433381963126,-0.057688843458890915,0.1409604251384735,0.0,0.0,0.0,0.0
14.010300636291504,-0.32729393243789673,-1.8174878358840942,0.0,0.0,-0.0011937706731259823,-0.21936067938804626,0.0,0.0,-0.43421253039763635,-0.4101433381963126,-0.057688843458890915,0.1409604251384735,0.0,0.0,0.0,0.0
14.011659622192383,-0.32729393243789673,-1.8174878358840942,0.0,0.0,-0.0011937706731259823,-0.21936067938804626,0.0,0.0,-0.43374271133064357,-0.40954890191565546,-0.06625592708587646,0.14552350342273712,0.0,0.0,0.0,0.0
14.013110160827637,-0.32729393243789673,-1.8174878358840942,0.0,0.0,-0.0011937706731259823,-0.21936067938804626,0.0,0.0,-0.43374271133064357,-0.40954890191565546,-0.06625592708587646,0.14552350342273712,0.0,0.0,0.0,0.0
14.015241384506226,-0.32729393243789673,-1.8174878358840942,0.0,0.0,-0.0011937706731259823,-0.21936067938804626,0.0,0.0,-0.43270251805956145,-0.4091366633042626,-0.05764424800872803,0.14506573975086212,0.0,0.0,0.0,0.0
14.017279386520386,-0.32729393243789673,-1.8174878358840942,0.0,0.0,-0.0011937706731259823,-0.21936067938804626,0.0,0.0,-0.43177252348155437,-0.4085134836091841,-0.049862321466207504,0.14086003601551056,0.0,0.0,0.0,0.0
14.01994276046753,-0.3540642261505127,-1.8739975690841675,0.0,0.0,-0.0013218991225585341,-0.21923759579658508,0.0,0.0,-0.4308329789743258,-0.40770333128023056,-0.045113079249858856,0.13510927557945251,0.0,0.0,0.0,0.0
14.021684646606445,-0.3540642261505127,-1.8739975690841675,0.0,0.0,-0.0013218991225585341,-0.21923759579658508,0.0,0.0,-0.4298502725320866,-0.4068884039866663,-0.040821488946676254,0.12626877427101135,0.0,0.0,0.0,0.0
14.023330450057983,-0.3540642261505127,-1.8739975690841675,0.0,0.0,-0.0013218991225585341,-0.21923759579658508,0.0,0.0,-0.42859909136394025,-0.40570435320334136,-0.04150310903787613,0.1307535618543625,0.0,0.0,0.0,0.0
14.024873733520508,-0.3540642261505127,-1.8739975690841675,0.0,0.0,-0.0013218991225585341,-0.21923759579658508,0.0,0.0,-0.42859909136394025,-0.40570435320334136,-0.04150310903787613,0.1307535618543625,0.0,0.0,0.0,0.0
14.026412963867188,-0.3540642261505127,-1.8739975690841675,0.0,0.0,-0.0013218991225585341,-0.21923759579658508,0.0,0.0,-0.4273287635239724,-0.40489902265237715,-0.03171846270561218,0.12623314559459686,0.0,0.0,0.0,0.0
14.02802586555481,-0.3957933187484741,-1.9191303253173828,0.0,0.0,-0.0014632177772000432,-0.21907716989517212,0.0,0.0,-0.42588588157071894,-0.40398822155957004,-0.02190498448908329,0.12191277742385864,0.0,0.0,0.0,0.0
14.029834985733032,-0.3957933187484741,-1.9191303253173828,0.0,0.0,-0.0014632177772000432,-0.21907716989517212,0.0,0.0,-0.42588588157071894,-0.40398822155957004,-0.02190498448908329,0.12191277742385864,0.0,0.0,0.0,0.0
14.03199815750122,-0.3957933187484741,-1.9191303253173828,0.0,0.0,-0.0014632177772000432,-0.21907716989517212,0.0,0.0,-0.42454842334592974,-0.40272266868421297,-0.01686958596110344,0.11161325871944427,0.0,0.0,0.0,0.0
14.033808946609497,-0.3957933187484741,-1.9191303253173828,0.0,0.0,-0.0014632177772000432,-0.21907716989517212,0.0,0.0,-0.4233979377550155,-0.40135646704500233,-0.022663883864879608,0.11280284076929092,0.0,0.0,0.0,0.0
14.035829782485962,-0.3957933187484741,-1.9191303253173828,0.0,0.0,-0.0014632177772000432,-0.21907716989517212,0.0,0.0,-0.42224745216410126,-0.4004408909875845,-0.014653075486421585,0.10914067924022675,0.0,0.0,0.0,0.0
14.037391662597656,-0.3957933187484741,-1.9191303253173828,0.0,0.0,-0.0014632177772000432,-0.21907716989517212,0.0,0.0,-0.42224745216410126,-0.4004408909875845,-0.014653075486421585,0.10914067924022675,0.0,0.0,0.0,0.0
14.038856744766235,-0.41227853298187256,-1.803368330001831,0.0,0.0,-0.0015463584568351507,-0.21880872547626495,0.0,0.0,-0.42117846866521913,-0.3993719074887024,-0.007357466034591198,0.1028464213013649,0.0,0.0,0.0,0.0
14.040403366088867,-0.41227853298187256,-1.803368330001831,0.0,0.0,-0.0015463584568351507,-0.21880872547626495,0.0,0.0,-0.42031082950742277,-0.3983556358540524,-0.002722497098147869,0.09583697468042374,0.0,0.0,0.0,0.0
14.041911840438843,-0.41227853298187256,-1.803368330001831,0.0,0.0,-0.0015463584568351507,-0.21880872547626495,0.0,0.0,-0.42031082950742277,-0.3983556358540524,-0.002722497098147869,0.09583697468042374,0.0,0.0,0.0,0.0
14.04351282119751,-0.41227853298187256,-1.803368330001831,0.0,0.0,-0.0015463584568351507,-0.21880872547626495,0.0,0.0,-0.41964926284194426,-0.3971811818133275,-0.013609248213469982,0.09968329966068268,0.0,0.0,0.0,0.0
14.045115947723389,-0.41227853298187256,-1.803368330001831,0.0,0.0,-0.0015463584568351507,-0.21880872547626495,0.0,0.0,-0.41964926284194426,-0.3971811818133275,-0.013609248213469982,0.09968329966068268,0.0,0.0,0.0,0.0
14.047013759613037,-0.41227853298187256,-1.803368330001831,0.0,0.0,-0.0015463584568351507,-0.21880872547626495,0.0,0.0,-0.4192705894229621,-0.39646690328361683,-0.012665054760873318,0.09810955822467804,0.0,0.0,0.0,0.0
14.04867959022522,-0.4200211763381958,-1.5315314531326294,0.0,0.0,-0.0016166804125532508,-0.21838529407978058,0.0,0.0,-0.4188008171693478,-0.39578141498170616,-0.009718257002532482,0.09436168521642685,0.0,0.0,0.0,0.0
14.050438165664673,-0.4200211763381958,-1.5315314531326294,0.0,0.0,-0.0016166804125532508,-0.21838529407978058,0.0,0.0,-0.4188008171693478,-0.39578141498170616,-0.009718257002532482,0.09436168521642685,0.0,0.0,0.0,0.0
14.052605867385864,-0.4200211763381958,-1.5315314531326294,0.0,0.0,-0.0016166804125532508,-0.21838529407978058,0.0,0.0,-0.418666556399705,-0.39520617218624904,-0.012006907723844051,0.09353204071521759,0.0,0.0,0.0,0.0
14.054598093032837,-0.4200211763381958,-1.5315314531326294,0.0,0.0,-0.0016166804125532508,-0.21838529407978058,0.0,0.0,-0.41848440554381927,-0.3947172064474348,-0.020917430520057678,0.10158364474773407,0.0,0.0,0.0,0.0
14.056166648864746,-0.4200211763381958,-1.5315314531326294,0.0,0.0,-0.0016166804125532508,-0.21838529407978058,0.0,0.0,-0.4187144932993264,-0.3945973641983812,-0.022490881383419037,0.10204146057367325,0.0,0.0,0.0,0.0
14.058331727981567,-0.4231901466846466,-1.2033252716064453,0.0,0.0,-0.001705631846562028,-0.21784859895706177,0.0,0.0,-0.4190788418244764,-0.3942953710934419,-0.02869919128715992,0.10023907572031021,0.0,0.0,0.0,0.0
14.059789180755615,-0.4231901466846466,-1.2033252716064453,0.0,0.0,-0.001705631846562028,-0.21784859895706177,0.0,0.0,-0.4190788418244764,-0.3942953710934419,-0.02869919128715992,0.10023907572031021,0.0,0.0,0.0,0.0
14.061318159103394,-0.4231901466846466,-1.2033252716064453,0.0,0.0,-0.001705631846562028,-0.21784859895706177,0.0,0.0,-0.41945751524345853,-0.3940940267523562,-0.031817760318517685,0.1004108414053917,0.0,0.0,0.0,0.0
14.06278371810913,-0.4231901466846466,-1.2033252716064453,0.0,0.0,-0.001705631846562028,-0.21784859895706177,0.0,0.0,-0.41945751524345853,-0.3940940267523562,-0.031817760318517685,0.1004108414053917,0.0,0.0,0.0,0.0
14.06424880027771,-0.4231901466846466,-1.2033252716064453,0.0,0.0,-0.001705631846562028,-0.21784859895706177,0.0,0.0,-0.4201717937731692,-0.39357154263450983,-0.048218242824077606,0.10802781581878662,0.0,0.0,0.0,0.0
14.065786361694336,-0.4231901466846466,-1.2033252716064453,0.0,0.0,-0.001705631846562028,-0.21784859895706177,0.0,0.0,-0.4201717937731692,-0.39357154263450983,-0.048218242824077606,0.10802781581878662,0.0,0.0,0.0,0.0
14.06733751296997,-0.4231901466846466,-1.2033252716064453,0.0,0.0,-0.001705631846562028,-0.21784859895706177,0.0,0.0,-0.42027726431501206,-0.39323598433715984,-0.046358462423086166,0.10416547954082489,0.0,0.0,0.0,0.0
14.069892883300781,-0.40357834100723267,-1.005912184715271,0.0,0.0,-0.0016557584749534726,-0.21740412712097168,0.0,0.0,-0.42023410238000136,-0.39251213247153843,-0.04489928483963013,0.09755638986825943,0.0,0.0,0.0,0.0
14.07200574874878,-0.40357834100723267,-1.005912184715271,0.0,0.0,-0.0016557584749534726,-0.21740412712097168,0.0,0.0,-0.42023892415799063,-0.391956059754592,-0.054278694093227386,0.10550503432750702,0.0,0.0,0.0,0.0
14.07394003868103,-0.40357834100723267,-1.005912184715271,0.0,0.0,-0.0016557584749534726,-0.21740412712097168,0.0,0.0,-0.42023892415799063,-0.391956059754592,-0.054278694093227386,0.10550503432750702,0.0,0.0,0.0,0.0
14.076483726501465,-0.40357834100723267,-1.005912184715271,0.0,0.0,-0.0016557584749534726,-0.21740412712097168,0.0,0.0,-0.42023892415799063,-0.39089185122032066,-0.054278694093227386,0.0956345871090889,0.0,0.0,0.0,0.0
14.078650951385498,-0.37897059321403503,-1.0882924795150757,0.0,0.0,-0.001513145281933248,-0.21720144152641296,0.0,0.0,-0.42023892415799063,-0.38996667842030286,-0.054278694093227386,0.09031305462121964,0.0,0.0,0.0,0.0
14.080644845962524,-0.37897059321403503,-1.0882924795150757,0.0,0.0,-0.001513145281933248,-0.21720144152641296,0.0,0.0,-0.42023892415799063,-0.3893291270180136,-0.054278694093227386,0.0867653638124466,0.0,0.0,0.0,0.0
14.082822322845459,-0.37897059321403503,-1.0882924795150757,0.0,0.0,-0.001513145281933248,-0.21720144152641296,0.0,0.0,-0.4197787018335978,-0.3886484136807136,-0.05966060236096382,0.09543828666210175,0.0,0.0,0.0,0.0
14.084411859512329,-0.37897059321403503,-1.0882924795150757,0.0,0.0,-0.001513145281933248,-0.21720144152641296,0.0,0.0,-0.41940002841461566,-0.3882217799554208,-0.05748605355620384,0.09475169330835342,0.0,0.0,0.0,0.0
14.085960149765015,-0.37897059321403503,-1.0882924795150757,0.0,0.0,-0.001513145281933248,-0.21720144152641296,0.0,0.0,-0.41940002841461566,-0.3882217799554208,-0.05748605355620384,0.09475169330835342,0.0,0.0,0.0,0.0
14.087754964828491,-0.37897059321403503,-1.0882924795150757,0.0,0.0,-0.001513145281933248,-0.21720144152641296,0.0,0.0,-0.41941440012182635,-0.38784785809436007,-0.059231340885162354,0.09203372150659561,0.0,0.0,0.0,0.0
14.089641332626343,-0.28303706645965576,-1.389876127243042,0.0,0.0,-0.001205607084557414,-0.2172337919473648,0.0,0.0,-0.4193904316720157,-0.3878382847584494,-0.05991803854703903,0.09581024199724197,0.0,0.0,0.0,0.0
14.091180801391602,-0.28303706645965576,-1.389876127243042,0.0,0.0,-0.001205607084557414,-0.2172337919473648,0.0,0.0,-0.4193904316720157,-0.3878382847584494,-0.05991803854703903,0.09581024199724197,0.0,0.0,0.0,0.0
14.092782735824585,-0.28303706645965576,-1.389876127243042,0.0,0.0,-0.001205607084557414,-0.2172337919473648,0.0,0.0,-0.4193904316720157,-0.38754586498942084,-0.07047336548566818,0.1037629023194313,0.0,0.0,0.0,0.0
14.094709634780884,-0.28303706645965576,-1.389876127243042,0.0,0.0,-0.001205607084557414,-0.2172337919473648,0.0,0.0,-0.4193904316720157,-0.3874883313471994,-0.07047336548566818,0.10424928367137909,0.0,0.0,0.0,0.0
14.096370697021484,-0.28303706645965576,-1.389876127243042,0.0,0.0,-0.001205607084557414,-0.2172337919473648,0.0,0.0,-0.4193904316720157,-0.3874883313471994,-0.07047336548566818,0.10424928367137909,0.0,0.0,0.0,0.0
14.098159074783325,-0.19607459008693695,-1.3341737985610962,0.0,0.0,-0.0009066681377589703,-0.21708853542804718,0.0,0.0,-0.4193904316720157,-0.38756023669663153,-0.07047336548566818,0.10550805181264877,0.0,0.0,0.0,0.0
14.0998055934906,-0.19607459008693695,-1.3341737985610962,0.0,0.0,-0.0009066681377589703,-0.21708853542804718,0.0,0.0,-0.4199560777248728,-0.38756023669663153,-0.07633829861879349,0.10550805181264877,0.0,0.0,0.0,0.0
14.101284980773926,-0.19607459008693695,-1.3341737985610962,0.0,0.0,-0.0009066681377589703,-0.21708853542804718,0.0,0.0,-0.4199560777248728,-0.38756023669663153,-0.07633829861879349,0.10550805181264877,0.0,0.0,0.0,0.0
14.102749586105347,-0.19607459008693695,-1.3341737985610962,0.0,0.0,-0.0009066681377589703,-0.21708853542804718,0.0,0.0,-0.4199800461746835,-0.38756023669663153,-0.08538611233234406,0.11607064306735992,0.0,0.0,0.0,0.0
14.104294538497925,-0.19607459008693695,-1.3341737985610962,0.0,0.0,-0.0009066681377589703,-0.21708853542804718,0.0,0.0,-0.4199800461746835,-0.38756023669663153,-0.08538611233234406,0.11607064306735992,0.0,0.0,0.0,0.0
14.105740547180176,-0.19607459008693695,-1.3341737985610962,0.0,0.0,-0.0009066681377589703,-0.21708853542804718,0.0,0.0,-0.4196876498123442,-0.3878047195660387,-0.08427026122808456,0.11607064306735992,0.0,0.0,0.0,0.0
14.107192754745483,-0.19607459008693695,-1.3341737985610962,0.0,0.0,-0.0009066681377589703,-0.21708853542804718,0.0,0.0,-0.4196876498123442,-0.3878047195660387,-0.08427026122808456,0.11607064306735992,0.0,0.0,0.0,0.0
14.10928988456726,-0.1762351393699646,-1.3550522327423096,0.0,0.0,-0.0007072747102938592,-0.21689224243164062,0.0,0.0,-0.41928973609478354,-0.3880923409637672,-0.07723219692707062,0.12173552811145782,0.0,0.0,0.0,0.0
14.110886812210083,-0.1762351393699646,-1.3550522327423096,0.0,0.0,-0.0007072747102938592,-0.21689224243164062,0.0,0.0,-0.4187576552343371,-0.38808754259246725,-0.07311227172613144,0.12004752457141876,0.0,0.0,0.0,0.0
14.112337589263916,-0.1762351393699646,-1.3550522327423096,0.0,0.0,-0.0007072747102938592,-0.21689224243164062,0.0,0.0,-0.4187576552343371,-0.38808754259246725,-0.07311227172613144,0.12004752457141876,0.0,0.0,0.0,0.0
14.11388349533081,-0.1762351393699646,-1.3550522327423096,0.0,0.0,-0.0007072747102938592,-0.21689224243164062,0.0,0.0,-0.41818718740349076,-0.3880252339856351,-0.07896959781646729,0.12945473194122314,0.0,0.0,0.0,0.0
14.115745306015015,-0.1762351393699646,-1.3550522327423096,0.0,0.0,-0.0007072747102938592,-0.21689224243164062,0.0,0.0,-0.41761194460803364,-0.3880252339856351,-0.07716715335845947,0.12945473194122314,0.0,0.0,0.0,0.0
14.117335557937622,-0.1762351393699646,-1.3550522327423096,0.0,0.0,-0.0007072747102938592,-0.21689224243164062,0.0,0.0,-0.41761194460803364,-0.3880252339856351,-0.07716715335845947,0.12945473194122314,0.0,0.0,0.0,0.0
14.11940622329712,-0.16026555001735687,-1.5553674697875977,0.0,0.0,-0.0006286562420427799,-0.21685075759887695,0.0,0.0,-0.41693605304872294,-0.3880252339856351,-0.07118761539459229,0.12945473194122314,0.0,0.0,0.0,0.0
14.120849370956421,-0.16026555001735687,-1.5553674697875977,0.0,0.0,-0.0006286562420427799,-0.21685075759887695,0.0,0.0,-0.4165046209521301,-0.3880252339856351,-0.07072985172271729,0.12945473194122314,0.0,0.0,0.0,0.0
14.122251272201538,-0.16026555001735687,-1.5553674697875977,0.0,0.0,-0.0006286562420427799,-0.21685075759887695,0.0,0.0,-0.4165046209521301,-0.3880252339856351,-0.07072985172271729,0.12945473194122314,0.0,0.0,0.0,0.0
14.123642444610596,-0.16026555001735687,-1.5553674697875977,0.0,0.0,-0.0006286562420427799,-0.21685075759887695,0.0,0.0,-0.4158526978426301,-0.3880252339856351,-0.07539700716733932,0.14012977480888367,0.0,0.0,0.0,0.0
14.12502932548523,-0.16026555001735687,-1.5553674697875977,0.0,0.0,-0.0006286562420427799,-0.21685075759887695,0.0,0.0,-0.4158526978426301,-0.3880252339856351,-0.07539700716733932,0.14012977480888367,0.0,0.0,0.0,0.0
14.126389026641846,-0.16026555001735687,-1.5553674697875977,0.0,0.0,-0.0006286562420427799,-0.21685075759887695,0.0,0.0,-0.4154692026456587,-0.3880252339856351,-0.07445281744003296,0.14012977480888367,0.0,0.0,0.0,0.0
14.127781391143799,-0.16026555001735687,-1.5553674697875977,0.0,0.0,-0.0006286562420427799,-0.21685075759887695,0.0,0.0,-0.4154692026456587,-0.3880252339856351,-0.07445281744003296,0.14012977480888367,0.0,0.0,0.0,0.0
14.129727840423584,-0.1462114453315735,-1.7935150861740112,0.0,0.0,-0.0005726067465730011,-0.21688808500766754,0.0,0.0,-0.41485079791519086,-0.3880252339856351,-0.06996101140975952,0.14012977480888367,0.0,0.0,0.0,0.0
14.13136911392212,-0.1462114453315735,-1.7935150861740112,0.0,0.0,-0.0005726067465730011,-0.21688808500766754,0.0,0.0,-0.4144097690759981,-0.3880252339856351,-0.06976085156202316,0.14012977480888367,0.0,0.0,0.0,0.0
14.132909059524536,-0.1462114453315735,-1.7935150861740112,0.0,0.0,-0.0005726067465730011,-0.21688808500766754,0.0,0.0,-0.4144097690759981,-0.3880252339856351,-0.06976085156202316,0.14012977480888367,0.0,0.0,0.0,0.0
14.134451150894165,-0.1462114453315735,-1.7935150861740112,0.0,0.0,-0.0005726067465730011,-0.21688808500766754,0.0,0.0,-0.41381055783073023,-0.3880252339856351,-0.07607890665531158,0.15073861181735992,0.0,0.0,0.0,0.0
14.136577606201172,-0.1462114453315735,-1.7935150861740112,0.0,0.0,-0.0005726067465730011,-0.21688808500766754,0.0,0.0,-0.4133168171273052,-0.38775198429511726,-0.07107189297676086,0.1479634791612625,0.0,0.0,0.0,0.0
14.138867855072021,-0.23984293639659882,-1.8550187349319458,0.0,0.0,-0.0008171728695742786,-0.21681274473667145,0.0,0.0,-0.4128518198383017,-0.38737808584074584,-0.071072056889534,0.14355750381946564,0.0,0.0,0.0,0.0
14.140568494796753,-0.23984293639659882,-1.8550187349319458,0.0,0.0,-0.0008171728695742786,-0.21681274473667145,0.0,0.0,-0.4128518198383017,-0.38737808584074584,-0.071072056889534,0.14355750381946564,0.0,0.0,0.0,0.0
14.142256736755371,-0.23984293639659882,-1.8550187349319458,0.0,0.0,-0.0008171728695742786,-0.21681274473667145,0.0,0.0,-0.41225743037102314,-0.38704252754339585,-0.0781877338886261,0.1531631201505661,0.0,0.0,0.0,0.0
14.144005537033081,-0.23984293639659882,-1.8550187349319458,0.0,0.0,-0.0008171728695742786,-0.21681274473667145,0.0,0.0,-0.41225743037102314,-0.38704252754339585,-0.0781877338886261,0.1531631201505661,0.0,0.0,0.0,0.0
14.146069288253784,-0.23984293639659882,-1.8550187349319458,0.0,0.0,-0.0008171728695742786,-0.21681274473667145,0.0,0.0,-0.4118164015318303,-0.386620692189403,-0.07441118359565735,0.1498441994190216,0.0,0.0,0.0,0.0
14.147795677185059,-0.23984293639659882,-1.8550187349319458,0.0,0.0,-0.0008171728695742786,-0.21681274473667145,0.0,0.0,-0.41111171974471966,-0.38616529164299945,-0.06969055533409119,0.14764130115509033,0.0,0.0,0.0,0.0
14.149812698364258,-0.30821341276168823,-1.9176061153411865,0.0,0.0,-0.0010696101235225797,-0.21668055653572083,0.0,0.0,-0.41111171974471966,-0.38616529164299945,-0.06969055533409119,0.14764130115509033,0.0,0.0,0.0,0.0
14.151755809783936,-0.30821341276168823,-1.9176061153411865,0.0,0.0,-0.0010696101235225797,-0.21668055653572083,0.0,0.0,-0.4106131572633054,-0.3855181434981102,-0.06708680093288422,0.1431208699941635,0.0,0.0,0.0,0.0
14.153700113296509,-0.30821341276168823,-1.9176061153411865,0.0,0.0,-0.0010696101235225797,-0.21668055653572083,0.0,0.0,-0.40991329725418396,-0.3850627429517066,-0.07405467331409454,0.14882829785346985,0.0,0.0,0.0,0.0
14.155339002609253,-0.30821341276168823,-1.9176061153411865,0.0,0.0,-0.0010696101235225797,-0.21668055653572083,0.0,0.0,-0.4093667978731483,-0.38445393496383884,-0.0693628191947937,0.14585286378860474,0.0,0.0,0.0,0.0
14.15705156326294,-0.30821341276168823,-1.9176061153411865,0.0,0.0,-0.0010696101235225797,-0.21668055653572083,0.0,0.0,-0.4093667978731483,-0.38445393496383884,-0.0693628191947937,0.14585286378860474,0.0,0.0,0.0,0.0
14.158658742904663,-0.335444837808609,-1.867023229598999,0.0,0.0,-0.0012254766188561916,-0.21659870445728302,0.0,0.0,-0.40839850995149835,-0.38364860441287457,-0.06063659116625786,0.1400449573993683,0.0,0.0,0.0,0.0
14.160159826278687,-0.335444837808609,-1.867023229598999,0.0,0.0,-0.0012254766188561916,-0.21659870445728302,0.0,0.0,-0.40839850995149835,-0.38364860441287457,-0.06063659116625786,0.1400449573993683,0.0,0.0,0.0,0.0
14.1620614528656,-0.335444837808609,-1.867023229598999,0.0,0.0,-0.0012254766188561916,-0.21659870445728302,0.0,0.0,-0.40751167730850196,-0.3829966578966853,-0.05580135062336922,0.13615407049655914,0.0,0.0,0.0,0.0
14.163771629333496,-0.335444837808609,-1.867023229598999,0.0,0.0,-0.0012254766188561916,-0.21659870445728302,0.0,0.0,-0.4066200228875163,-0.3818605440129818,-0.061998870223760605,0.13914932310581207,0.0,0.0,0.0,0.0
14.165756940841675,-0.335444837808609,-1.867023229598999,0.0,0.0,-0.0012254766188561916,-0.21659870445728302,0.0,0.0,-0.40547435907459134,-0.38099288144849613,-0.05252888426184654,0.1321110874414444,0.0,0.0,0.0,0.0
14.167413711547852,-0.335444837808609,-1.867023229598999,0.0,0.0,-0.0012254766188561916,-0.21659870445728302,0.0,0.0,-0.40547435907459134,-0.38099288144849613,-0.05252888426184654,0.1321110874414444,0.0,0.0,0.0,0.0
14.169845819473267,-0.35927730798721313,-2.057713270187378,0.0,0.0,-0.0013510531280189753,-0.21642188727855682,0.0,0.0,-0.40417524100682356,-0.3800773053910783,-0.04325916990637779,0.1295361965894699,0.0,0.0,0.0,0.0
14.171583652496338,-0.35927730798721313,-2.057713270187378,0.0,0.0,-0.0013510531280189753,-0.21642188727855682,0.0,0.0,-0.4028090393676129,-0.37886928615794263,-0.035477131605148315,0.11937960237264633,0.0,0.0,0.0,0.0
14.173178672790527,-0.35927730798721313,-2.057713270187378,0.0,0.0,-0.0013510531280189753,-0.21642188727855682,0.0,0.0,-0.4028090393676129,-0.37886928615794263,-0.035477131605148315,0.11937960237264633,0.0,0.0,0.0,0.0
14.174656867980957,-0.35927730798721313,-2.057713270187378,0.0,0.0,-0.0013510531280189753,-0.21642188727855682,0.0,0.0,-0.4014859996634129,-0.37753185133984274,-0.039514921605587006,0.12155616283416748,0.0,0.0,0.0,0.0
14.176116228103638,-0.35927730798721313,-2.057713270187378,0.0,0.0,-0.0013510531280189753,-0.21642188727855682,0.0,0.0,-0.4014859996634129,-0.37753185133984274,-0.039514921605587006,0.12155616283416748,0.0,0.0,0.0,0.0
14.177600860595703,-0.35927730798721313,-2.057713270187378,0.0,0.0,-0.0013510531280189753,-0.21642188727855682,0.0,0.0,-0.400114976246213,-0.3762039898576535,-0.028785917907953262,0.11288723349571228,0.0,0.0,0.0,0.0
14.17932653427124,-0.35862305760383606,-1.9821902513504028,0.0,0.0,-0.0013889147667214274,-0.21617884933948517,0.0,0.0,-0.3986816910355595,-0.37508227108784997,-0.019888244569301605,0.10610663145780563,0.0,0.0,0.0,0.0
14.180814981460571,-0.35862305760383606,-1.9821902513504028,0.0,0.0,-0.0013889147667214274,-0.21617884933948517,0.0,0.0,-0.3986816910355595,-0.37508227108784997,-0.019888244569301605,0.10610663145780563,0.0,0.0,0.0,0.0
14.182247161865234,-0.35862305760383606,-1.9821902513504028,0.0,0.0,-0.0013889147667214274,-0.21617884933948517,0.0,0.0,-0.3972627307187382,-0.3736585358064179,-0.02242111787199974,0.10783697664737701,0.0,0.0,0.0,0.0
14.18402647972107,-0.35862305760383606,-1.9821902513504028,0.0,0.0,-0.0013889147667214274,-0.21617884933948517,0.0,0.0,-0.3960499365209918,-0.3722348239316751,-0.016384411603212357,0.09690799564123154,0.0,0.0,0.0,0.0
14.185522556304932,-0.35862305760383606,-1.9821902513504028,0.0,0.0,-0.0013889147667214274,-0.21617884933948517,0.0,0.0,-0.3960499365209918,-0.3722348239316751,-0.016384411603212357,0.09690799564123154,0.0,0.0,0.0,0.0
14.186983823776245,-0.35862305760383606,-1.9821902513504028,0.0,0.0,-0.0013889147667214274,-0.21617884933948517,0.0,0.0,-0.3950432616289418,-0.37089738911357517,-0.012150044552981853,0.09147202223539352,0.0,0.0,0.0,0.0
14.18846869468689,-0.3690578043460846,-1.7885228395462036,0.0,0.0,-0.00139634741935879,-0.215814009308815,0.0,0.0,-0.3950432616289418,-0.37089738911357517,-0.012150044552981853,0.09147202223539352,0.0,0.0,0.0,0.0
14.190026044845581,-0.3690578043460846,-1.7885228395462036,0.0,0.0,-0.00139634741935879,-0.215814009308815,0.0,0.0,-0.39427149627038827,-0.36987152073632523,-0.009775561280548573,0.08540667593479156,0.0,0.0,0.0,0.0
14.191929578781128,-0.3690578043460846,-1.7885228395462036,0.0,0.0,-0.00139634741935879,-0.215814009308815,0.0,0.0,-0.3938592108456169,-0.36894634793630743,-0.020339107140898705,0.09236689656972885,0.0,0.0,0.0,0.0
14.193369388580322,-0.3690578043460846,-1.7885228395462036,0.0,0.0,-0.00139634741935879,-0.215814009308815,0.0,0.0,-0.3938592108456169,-0.36894634793630743,-0.020339107140898705,0.09236689656972885,0.0,0.0,0.0,0.0
14.194809436798096,-0.3690578043460846,-1.7885228395462036,0.0,0.0,-0.00139634741935879,-0.215814009308815,0.0,0.0,-0.39368665673233116,-0.36848135064730386,-0.020367775112390518,0.09156584739685059,0.0,0.0,0.0,0.0
14.196276426315308,-0.3690578043460846,-1.7885228395462036,0.0,0.0,-0.00139634741935879,-0.215814009308815,0.0,0.0,-0.39368665673233116,-0.36848135064730386,-0.020367775112390518,0.09156584739685059,0.0,0.0,0.0,0.0
14.197755336761475,-0.3690578043460846,-1.7885228395462036,0.0,0.0,-0.00139634741935879,-0.215814009308815,0.0,0.0,-0.3936291230901098,-0.36819372924957533,-0.022170331329107285,0.09256716817617416,0.0,0.0,0.0,0.0
14.19983696937561,-0.39092525839805603,-1.4313743114471436,0.0,0.0,-0.0014796523610129952,-0.21528202295303345,0.0,0.0,-0.3940414085148812,-0.36818895428496456,-0.02783515676856041,0.09531375020742416,0.0,0.0,0.0,0.0
14.201501607894897,-0.39092525839805603,-1.4313743114471436,0.0,0.0,-0.0014796523610129952,-0.21528202295303345,0.0,0.0,-0.3940414085148812,-0.36818895428496456,-0.02783515676856041,0.09531375020742416,0.0,0.0,0.0,0.0
14.203172445297241,-0.39092525839805603,-1.4313743114471436,0.0,0.0,-0.0014796523610129952,-0.21528202295303345,0.0,0.0,-0.39495220960768823,-0.368232092813286,-0.04645533114671707,0.1070404052734375,0.0,0.0,0.0,0.0
14.204904794692993,-0.39092525839805603,-1.4313743114471436,0.0,0.0,-0.0014796523610129952,-0.21528202295303345,0.0,0.0,-0.3958438172152954,-0.3681218239001432,-0.05254947766661644,0.10555267333984375,0.0,0.0,0.0,0.0
14.206451892852783,-0.39092525839805603,-1.4313743114471436,0.0,0.0,-0.0014796523610129952,-0.21528202295303345,0.0,0.0,-0.3958438172152954,-0.3681218239001432,-0.05254947766661644,0.10555267333984375,0.0,0.0,0.0,0.0
14.208458662033081,-0.38207244873046875,-1.0060436725616455,0.0,0.0,-0.0014904038980603218,-0.21467916667461395,0.0,0.0,-0.3966347760590489,-0.3680163767649896,-0.05818546935915947,0.10492318123579025,0.0,0.0,0.0,0.0
14.209992408752441,-0.38207244873046875,-1.0060436725616455,0.0,0.0,-0.0014904038980603218,-0.21467916667461395,0.0,0.0,-0.3966347760590489,-0.3680163767649896,-0.05818546935915947,0.10492318123579025,0.0,0.0,0.0,0.0
14.21147108078003,-0.38207244873046875,-1.0060436725616455,0.0,0.0,-0.0014904038980603218,-0.21467916667461395,0.0,0.0,-0.39729152094653813,-0.36769519017485036,-0.06127537041902542,0.10151856392621994,0.0,0.0,0.0,0.0
14.2129225730896,-0.38207244873046875,-1.0060436725616455,0.0,0.0,-0.0014904038980603218,-0.21467916667461395,0.0,0.0,-0.39753598040925603,-0.36741716551972176,-0.07080325484275818,0.11035756021738052,0.0,0.0,0.0,0.0
14.214558601379395,-0.38207244873046875,-1.0060436725616455,0.0,0.0,-0.0014904038980603218,-0.21467916667461395,0.0,0.0,-0.39753598040925603,-0.36741716551972176,-0.07080325484275818,0.11035756021738052,0.0,0.0,0.0,0.0
14.216319799423218,-0.38207244873046875,-1.0060436725616455,0.0,0.0,-0.0014904038980603218,-0.21467916667461395,0.0,0.0,-0.39790987886362744,-0.36645842752729324,-0.07314934581518173,0.10048703104257584,0.0,0.0,0.0,0.0
14.21918249130249,-0.34239625930786133,-1.0013114213943481,0.0,0.0,-0.0013706628233194351,-0.21437221765518188,0.0,0.0,-0.397881135449206,-0.36565787194093974,-0.0704597607254982,0.09596668183803558,0.0,0.0,0.0,0.0
14.22139048576355,-0.34239625930786133,-1.0013114213943481,0.0,0.0,-0.0013706628233194351,-0.21437221765518188,0.0,0.0,-0.3978427952921845,-0.3649292451107076,-0.06942996382713318,0.09219001233577728,0.0,0.0,0.0,0.0
14.223894357681274,-0.34239625930786133,-1.0013114213943481,0.0,0.0,-0.0013706628233194351,-0.21437221765518188,0.0,0.0,-0.39768461288610957,-0.36422936169489695,-0.08003097027540207,0.09709837287664413,0.0,0.0,0.0,0.0
14.225951194763184,-0.34239625930786133,-1.0013114213943481,0.0,0.0,-0.0013706628233194351,-0.21437221765518188,0.0,0.0,-0.39723398730431675,-0.36355824510019696,-0.07453764230012894,0.09589672088623047,0.0,0.0,0.0,0.0
14.227661848068237,-0.34239625930786133,-1.0013114213943481,0.0,0.0,-0.0013706628233194351,-0.21437221765518188,0.0,0.0,-0.39723398730431675,-0.36355824510019696,-0.07453764230012894,0.09589672088623047,0.0,0.0,0.0,0.0
14.229214429855347,-0.2900812327861786,-1.3650771379470825,0.0,0.0,-0.0011770711280405521,-0.21439464390277863,0.0,0.0,-0.3968600888499453,-0.3626714124572006,-0.07084714621305466,0.08771419525146484,0.0,0.0,0.0,0.0
14.231040716171265,-0.2900812327861786,-1.3650771379470825,0.0,0.0,-0.0011770711280405521,-0.21439464390277863,0.0,0.0,-0.39643825349595246,-0.3625132066444363,-0.06844377517700195,0.09086132049560547,0.0,0.0,0.0,0.0
14.232701778411865,-0.2900812327861786,-1.3650771379470825,0.0,0.0,-0.0011770711280405521,-0.21439464390277863,0.0,0.0,-0.39643825349595246,-0.3625132066444363,-0.06844377517700195,0.09086132049560547,0.0,0.0,0.0,0.0
14.235055446624756,-0.2900812327861786,-1.3650771379470825,0.0,0.0,-0.0011770711280405521,-0.21439464390277863,0.0,0.0,-0.3964430284605632,-0.36207220121193273,-0.08096477389335632,0.09763156622648239,0.0,0.0,0.0,0.0
14.237459421157837,-0.2900812327861786,-1.3650771379470825,0.0,0.0,-0.0011770711280405521,-0.21439464390277863,0.0,0.0,-0.396380719853731,-0.36207220121193273,-0.08188030123710632,0.10129368305206299,0.0,0.0,0.0,0.0
14.240229606628418,-0.1905176341533661,-1.6122374534606934,0.0,0.0,-0.0008130936184898019,-0.2144956737756729,0.0,0.0,-0.396380719853731,-0.36209616966174346,-0.08188030123710632,0.10226648300886154,0.0,0.0,0.0,0.0
14.24254298210144,-0.1905176341533661,-1.6122374534606934,0.0,0.0,-0.0008130936184898019,-0.2144956737756729,0.0,0.0,-0.3962273124122668,-0.36209616966174346,-0.08016373962163925,0.10226648300886154,0.0,0.0,0.0,0.0
14.24415111541748,-0.1905176341533661,-1.6122374534606934,0.0,0.0,-0.0008130936184898019,-0.2144956737756729,0.0,0.0,-0.3961362135776346,-0.36209616966174346,-0.09023808687925339,0.11291234195232391,0.0,0.0,0.0,0.0
14.24643850326538,-0.1905176341533661,-1.6122374534606934,0.0,0.0,-0.0008130936184898019,-0.2144956737756729,0.0,0.0,-0.39611224512782395,-0.36209616966174346,-0.09006626904010773,0.11291234195232391,0.0,0.0,0.0,0.0
14.248659372329712,-0.0829794853925705,-1.576911449432373,0.0,0.0,-0.0004548544529825449,-0.21432605385780334,0.0,0.0,-0.3959684344289597,-0.36209616966174346,-0.08926523476839066,0.11291234195232391,0.0,0.0,0.0,0.0
14.250211477279663,-0.0829794853925705,-1.576911449432373,0.0,0.0,-0.0004548544529825449,-0.21432605385780334,0.0,0.0,-0.3959684344289597,-0.36209616966174346,-0.08926523476839066,0.11291234195232391,0.0,0.0,0.0,0.0
14.251634120941162,-0.0829794853925705,-1.576911449432373,0.0,0.0,-0.0004548544529825449,-0.21432605385780334,0.0,0.0,-0.3955993577525775,-0.36209616966174346,-0.08454442769289017,0.11291234195232391,0.0,0.0,0.0,0.0
14.253273248672485,-0.0829794853925705,-1.576911449432373,0.0,0.0,-0.0004548544529825449,-0.21432605385780334,0.0,0.0,-0.3955993577525775,-0.36209616966174346,-0.08454442769289017,0.11291234195232391,0.0,0.0,0.0,0.0
14.255725860595703,-0.0829794853925705,-1.576911449432373,0.0,0.0,-0.0004548544529825449,-0.21432605385780334,0.0,0.0,-0.3953357048046597,-0.36209616966174346,-0.09454677999019623,0.12365990877151489,0.0,0.0,0.0,0.0
14.257214784622192,-0.0829794853925705,-1.576911449432373,0.0,0.0,-0.0004548544529825449,-0.21432605385780334,0.0,0.0,-0.3950480834069311,-0.36209616966174346,-0.09283016622066498,0.12365990877151489,0.0,0.0,0.0,0.0
14.258774280548096,-0.08047959208488464,-1.5900543928146362,0.0,0.0,-0.00035642602597363293,-0.21413539350032806,0.0,0.0,-0.394631023017549,-0.36209616966174346,-0.08974038064479828,0.12365990877151489,0.0,0.0,0.0,0.0
14.260164499282837,-0.08047959208488464,-1.5900543928146362,0.0,0.0,-0.00035642602597363293,-0.21413539350032806,0.0,0.0,-0.394631023017549,-0.36209616966174346,-0.08974038064479828,0.12365990877151489,0.0,0.0,0.0,0.0
14.261543989181519,-0.08047959208488464,-1.5900543928146362,0.0,0.0,-0.00035642602597363293,-0.21413539350032806,0.0,0.0,-0.39410371712171327,-0.36209616966174346,-0.08553467690944672,0.12365990877151489,0.0,0.0,0.0,0.0
14.262917280197144,-0.08047959208488464,-1.5900543928146362,0.0,0.0,-0.00035642602597363293,-0.21413539350032806,0.0,0.0,-0.39410371712171327,-0.36209616966174346,-0.08553467690944672,0.12365990877151489,0.0,0.0,0.0,0.0
14.264307737350464,-0.08047959208488464,-1.5900543928146362,0.0,0.0,-0.00035642602597363293,-0.21413539350032806,0.0,0.0,-0.39373936859656333,-0.36209616966174346,-0.09480863809585571,0.1341642439365387,0.0,0.0,0.0,0.0
14.26573634147644,-0.08047959208488464,-1.5900543928146362,0.0,0.0,-0.00035642602597363293,-0.21413539350032806,0.0,0.0,-0.39373936859656333,-0.36209616966174346,-0.09480863809585571,0.1341642439365387,0.0,0.0,0.0,0.0
14.267152309417725,-0.08047959208488464,-1.5900543928146362,0.0,0.0,-0.00035642602597363293,-0.21413539350032806,0.0,0.0,-0.3933702919201812,-0.36209616966174346,-0.0924910381436348,0.1341642439365387,0.0,0.0,0.0,0.0
14.268640518188477,-0.10920501500368118,-1.808618187904358,0.0,0.0,-0.00039182830369099975,-0.21411943435668945,0.0,0.0,-0.3933702919201812,-0.36209616966174346,-0.0924910381436348,0.1341642439365387,0.0,0.0,0.0,0.0
14.270570755004883,-0.10920501500368118,-1.808618187904358,0.0,0.0,-0.00039182830369099975,-0.21411943435668945,0.0,0.0,-0.3928237925391455,-0.36209616966174346,-0.08839987963438034,0.1341642439365387,0.0,0.0,0.0,0.0
14.27202320098877,-0.10920501500368118,-1.808618187904358,0.0,0.0,-0.00039182830369099975,-0.21411943435668945,0.0,0.0,-0.3924307005995741,-0.36209616966174346,-0.09642542153596878,0.1448775678873062,0.0,0.0,0.0,0.0
14.273467302322388,-0.10920501500368118,-1.808618187904358,0.0,0.0,-0.00039182830369099975,-0.21411943435668945,0.0,0.0,-0.3924307005995741,-0.36209616966174346,-0.09642542153596878,0.1448775678873062,0.0,0.0,0.0,0.0
14.27493953704834,-0.10920501500368118,-1.808618187904358,0.0,0.0,-0.00039182830369099975,-0.21411943435668945,0.0,0.0,-0.39222458129387766,-0.36209616966174346,-0.09719783812761307,0.1448775678873062,0.0,0.0,0.0,0.0
14.276378393173218,-0.10920501500368118,-1.808618187904358,0.0,0.0,-0.00039182830369099975,-0.21411943435668945,0.0,0.0,-0.39222458129387766,-0.36209616966174346,-0.09719783812761307,0.1448775678873062,0.0,0.0,0.0,0.0
14.278741359710693,-0.14032745361328125,-1.9425781965255737,0.0,0.0,-0.00047739004367031157,-0.21407431364059448,0.0,0.0,-0.39184108609690627,-0.36209616966174346,-0.09373603016138077,0.1448775678873062,0.0,0.0,0.0,0.0
14.280267238616943,-0.14032745361328125,-1.9425781965255737,0.0,0.0,-0.00047739004367031157,-0.21407431364059448,0.0,0.0,-0.3914096540003134,-0.36209616966174346,-0.0930207222700119,0.1448775678873062,0.0,0.0,0.0,0.0
14.281699657440186,-0.14032745361328125,-1.9425781965255737,0.0,0.0,-0.00047739004367031157,-0.21407431364059448,0.0,0.0,-0.3914096540003134,-0.36209616966174346,-0.0930207222700119,0.1448775678873062,0.0,0.0,0.0,0.0
14.283069133758545,-0.14032745361328125,-1.9425781965255737,0.0,0.0,-0.00047739004367031157,-0.21407431364059448,0.0,0.0,-0.3912227047731277,-0.3619475605915792,-0.10128457844257355,0.15380141139030457,0.0,0.0,0.0,0.0
14.284442901611328,-0.14032745361328125,-1.9425781965255737,0.0,0.0,-0.00047739004367031157,-0.21407431364059448,0.0,0.0,-0.3912227047731277,-0.3619475605915792,-0.10128457844257355,0.15380141139030457,0.0,0.0,0.0,0.0
14.28580927848816,-0.14032745361328125,-1.9425781965255737,0.0,0.0,-0.00047739004367031157,-0.21407431364059448,0.0,0.0,-0.391035755545942,-0.36185648516363633,-0.10157061368227005,0.15320058166980743,0.0,0.0,0.0,0.0
14.287699937820435,-0.14032745361328125,-1.9425781965255737,0.0,0.0,-0.00047739004367031157,-0.21407431364059448,0.0,0.0,-0.39074333577691345,-0.3614394247742542,-0.09893848747015,0.14896628260612488,0.0,0.0,0.0,0.0
14.289957046508789,-0.19009047746658325,-2.038210153579712,0.0,0.0,-0.0006479979492723942,-0.21398422122001648,0.0,0.0,-0.39049405453620634,-0.36118536856893635,-0.09885264188051224,0.1475357711315155,0.0,0.0,0.0,0.0
14.291563749313354,-0.19009047746658325,-2.038210153579712,0.0,0.0,-0.0006479979492723942,-0.21398422122001648,0.0,0.0,-0.39049405453620634,-0.36118536856893635,-0.09885264188051224,0.1475357711315155,0.0,0.0,0.0,0.0
14.293128728866577,-0.19009047746658325,-2.038210153579712,0.0,0.0,-0.0006479979492723942,-0.21398422122001648,0.0,0.0,-0.3903023069377206,-0.3608066717432649,-0.1063208281993866,0.1559453308582306,0.0,0.0,0.0,0.0
14.295048713684082,-0.19009047746658325,-2.038210153579712,0.0,0.0,-0.0006479979492723942,-0.21398422122001648,0.0,0.0,-0.38996195026907066,-0.36042795151090423,-0.10486184060573578,0.15460073947906494,0.0,0.0,0.0,0.0
14.297147512435913,-0.19009047746658325,-2.038210153579712,0.0,0.0,-0.0006479979492723942,-0.21398422122001648,0.0,0.0,-0.3898613015052171,-0.36006842476374357,-0.10514789074659348,0.1506238728761673,0.0,0.0,0.0,0.0
14.298620223999023,-0.23106534779071808,-2.1546130180358887,0.0,0.0,-0.0008098102989606559,-0.21389859914779663,0.0,0.0,-0.3898613015052171,-0.36006842476374357,-0.10514789074659348,0.1506238728761673,0.0,0.0,0.0,0.0
14.300240993499756,-0.23106534779071808,-2.1546130180358887,0.0,0.0,-0.0008098102989606559,-0.21389859914779663,0.0,0.0,-0.38945383785843496,-0.3596082492527293,-0.1009993702173233,0.14656122028827667,0.0,0.0,0.0,0.0
14.301845073699951,-0.23106534779071808,-2.1546130180358887,0.0,0.0,-0.0008098102989606559,-0.21389859914779663,0.0,0.0,-0.38945383785843496,-0.3596082492527293,-0.1009993702173233,0.14656122028827667,0.0,0.0,0.0,0.0
14.303577184677124,-0.23106534779071808,-2.1546130180358887,0.0,0.0,-0.0008098102989606559,-0.21389859914779663,0.0,0.0,-0.3891949598751278,-0.35950277871088643,-0.11093354225158691,0.15967175364494324,0.0,0.0,0.0,0.0
14.305302143096924,-0.23106534779071808,-2.1546130180358887,0.0,0.0,-0.0008098102989606559,-0.21389859914779663,0.0,0.0,-0.38888816839888857,-0.3590857183215043,-0.10927405953407288,0.1554088294506073,0.0,0.0,0.0,0.0
14.307044982910156,-0.23106534779071808,-2.1546130180358887,0.0,0.0,-0.0008098102989606559,-0.21389859914779663,0.0,0.0,-0.38888816839888857,-0.3590857183215043,-0.10927405953407288,0.1554088294506073,0.0,0.0,0.0,0.0
14.309153318405151,-0.2511273920536041,-2.2675015926361084,0.0,0.0,-0.0009109533275477588,-0.2138179987668991,0.0,0.0,-0.3884759063808064,-0.3586734797101115,-0.10581225156784058,0.1529483050107956,0.0,0.0,0.0,0.0
14.310845613479614,-0.2511273920536041,-2.2675015926361084,0.0,0.0,-0.0009109533275477588,-0.2138179987668991,0.0,0.0,-0.3879629955988707,-0.35823245087091865,-0.10177823901176453,0.1503162533044815,0.0,0.0,0.0,0.0
14.312471151351929,-0.2511273920536041,-2.2675015926361084,0.0,0.0,-0.0009109533275477588,-0.2138179987668991,0.0,0.0,-0.3879629955988707,-0.35823245087091865,-0.10177823901176453,0.1503162533044815,0.0,0.0,0.0,0.0
14.31401014328003,-0.2511273920536041,-2.2675015926361084,0.0,0.0,-0.0009109533275477588,-0.2138179987668991,0.0,0.0,-0.3875459352094886,-0.3577434851321044,-0.10992418229579926,0.1580623835325241,0.0,0.0,0.0,0.0
14.315600395202637,-0.2511273920536041,-2.2675015926361084,0.0,0.0,-0.0009109533275477588,-0.2138179987668991,0.0,0.0,-0.38703779939216365,-0.3572449460573794,-0.1070631742477417,0.15440025925636292,0.0,0.0,0.0,0.0
14.317183017730713,-0.2511273920536041,-2.2675015926361084,0.0,0.0,-0.0009109533275477588,-0.2138179987668991,0.0,0.0,-0.38703779939216365,-0.3572449460573794,-0.1070631742477417,0.15440025925636292,0.0,0.0,0.0,0.0
14.318721771240234,-0.24220481514930725,-2.309417963027954,0.0,0.0,-0.0008724518702365458,-0.21367764472961426,0.0,0.0,-0.38646735496800655,-0.3567128417902437,-0.10514631867408752,0.1502518355846405,0.0,0.0,0.0,0.0
14.320134162902832,-0.24220481514930725,-2.309417963027954,0.0,0.0,-0.0008724518702365458,-0.21367764472961426,0.0,0.0,-0.38646735496800655,-0.3567128417902437,-0.10514631867408752,0.1502518355846405,0.0,0.0,0.0,0.0
14.321555376052856,-0.24220481514930725,-2.309417963027954,0.0,0.0,-0.0008724518702365458,-0.21367764472961426,0.0,0.0,-0.3858873138012494,-0.35626703798644016,-0.100826196372509,0.14810600876808167,0.0,0.0,0.0,0.0
14.323403358459473,-0.24220481514930725,-2.309417963027954,0.0,0.0,-0.0008724518702365458,-0.21367764472961426,0.0,0.0,-0.38503884472196376,-0.3558356058898473,-0.10351039469242096,0.15737073123455048,0.0,0.0,0.0,0.0
14.325713634490967,-0.24220481514930725,-2.309417963027954,0.0,0.0,-0.0008724518702365458,-0.21367764472961426,0.0,0.0,-0.38450194208352806,-0.35499191177517236,-0.10190822184085846,0.15024684369564056,0.0,0.0,0.0,0.0
14.32773494720459,-0.24220481514930725,-2.309417963027954,0.0,0.0,-0.0008724518702365458,-0.21367764472961426,0.0,0.0,-0.38450194208352806,-0.35499191177517236,-0.10190822184085846,0.15024684369564056,0.0,0.0,0.0,0.0
14.330271482467651,-0.23783785104751587,-2.4087233543395996,0.0,0.0,-0.0008551578503102064,-0.21358272433280945,0.0,0.0,-0.3835096623053781,-0.35409550579626525,-0.09249556064605713,0.14303699135780334,0.0,0.0,0.0,0.0
14.332489252090454,-0.23783785104751587,-2.4087233543395996,0.0,0.0,-0.0008551578503102064,-0.21358272433280945,0.0,0.0,-0.3823927185001853,-0.3530648624544046,-0.08582934737205505,0.13548389077186584,0.0,0.0,0.0,0.0
14.334077596664429,-0.23783785104751587,-2.4087233543395996,0.0,0.0,-0.0008551578503102064,-0.21358272433280945,0.0,0.0,-0.38110322058170676,-0.3518041079503475,-0.08807031065225601,0.13806822896003723,0.0,0.0,0.0,0.0
14.33594536781311,-0.23783785104751587,-2.4087233543395996,0.0,0.0,-0.0008551578503102064,-0.21358272433280945,0.0,0.0,-0.3794637692519783,-0.35042353460392617,-0.07445189356803894,0.12605196237564087,0.0,0.0,0.0,0.0
14.33743691444397,-0.23783785104751587,-2.4087233543395996,0.0,0.0,-0.0008551578503102064,-0.21358272433280945,0.0,0.0,-0.3794637692519783,-0.35042353460392617,-0.07445189356803894,0.12605196237564087,0.0,0.0,0.0,0.0
14.33888030052185,-0.2350064516067505,-2.3855326175689697,0.0,0.0,-0.0008426390122622252,-0.21339133381843567,0.0,0.0,-0.37752712318861054,-0.3483382794703941,-0.05994648486375809,0.11240492761135101,0.0,0.0,0.0,0.0
14.340290307998657,-0.2350064516067505,-2.3855326175689697,0.0,0.0,-0.0008426390122622252,-0.21339133381843567,0.0,0.0,-0.37752712318861054,-0.3483382794703941,-0.05994648486375809,0.11240492761135101,0.0,0.0,0.0,0.0
14.341715097427368,-0.2350064516067505,-2.3855326175689697,0.0,0.0,-0.0008426390122622252,-0.21339133381843567,0.0,0.0,-0.3753124524701142,-0.3461187869739085,-0.04486886039376259,0.0935220941901207,0.0,0.0,0.0,0.0
14.343581438064575,-0.2350064516067505,-2.3855326175689697,0.0,0.0,-0.0008426390122622252,-0.21339133381843567,0.0,0.0,-0.3728820422966322,-0.34364526167879433,-0.03793704882264137,0.08727629482746124,0.0,0.0,0.0,0.0
14.345769882202148,-0.2350064516067505,-2.3855326175689697,0.0,0.0,-0.0008426390122622252,-0.21339133381843567,0.0,0.0,-0.3703557583239073,-0.3413250970117659,-0.02151472121477127,0.07794936001300812,0.0,0.0,0.0,0.0
14.347681999206543,-0.2350064516067505,-2.3855326175689697,0.0,0.0,-0.0008426390122622252,-0.21339133381843567,0.0,0.0,-0.3703557583239073,-0.3413250970117659,-0.02151472121477127,0.07794936001300812,0.0,0.0,0.0,0.0
14.349871158599854,-0.2625609338283539,-2.322221517562866,0.0,0.0,-0.0009054868132807314,-0.2131432294845581,0.0,0.0,-0.3682129929548431,-0.33914876645029096,-0.01038539968430996,0.06473146378993988,0.0,0.0,0.0,0.0
14.35148549079895,-0.2625609338283539,-2.322221517562866,0.0,0.0,-0.0009054868132807314,-0.2131432294845581,0.0,0.0,-0.3661996431707432,-0.33749014504205177,-0.0007723062881268561,0.055490292608737946,0.0,0.0,0.0,0.0
14.353314638137817,-0.2625609338283539,-2.322221517562866,0.0,0.0,-0.0009054868132807314,-0.2131432294845581,0.0,0.0,-0.3661996431707432,-0.33749014504205177,-0.0007723062881268561,0.055490292608737946,0.0,0.0,0.0,0.0
14.355690479278564,-0.2625609338283539,-2.322221517562866,0.0,0.0,-0.0009054868132807314,-0.2131432294845581,0.0,0.0,-0.3651018928507504,-0.33692929736049465,-0.011081377044320107,0.07052198052406311,0.0,0.0,0.0,0.0
14.357391119003296,-0.2625609338283539,-2.322221517562866,0.0,0.0,-0.0009054868132807314,-0.2131432294845581,0.0,0.0,-0.36463689556174683,-0.3362869475869054,-0.015315608121454716,0.0709511935710907,0.0,0.0,0.0,0.0
14.360024452209473,-0.24352356791496277,-2.0131776332855225,0.0,0.0,-0.0008933937060646713,-0.21269597113132477,0.0,0.0,-0.364541021762504,-0.33659373906314466,-0.016574541106820107,0.0740983709692955,0.0,0.0,0.0,0.0
14.36174488067627,-0.24352356791496277,-2.0131776332855225,0.0,0.0,-0.0008933937060646713,-0.21269597113132477,0.0,0.0,-0.364541021762504,-0.33659373906314466,-0.016574541106820107,0.0740983709692955,0.0,0.0,0.0,0.0
14.363829851150513,-0.24352356791496277,-2.0131776332855225,0.0,0.0,-0.0008933937060646713,-0.21269597113132477,0.0,0.0,-0.3649820506016968,-0.3375524770555732,-0.034942589700222015,0.09930268675088882,0.0,0.0,0.0,0.0
14.366124391555786,-0.24352356791496277,-2.0131776332855225,0.0,0.0,-0.0008933937060646713,-0.21269597113132477,0.0,0.0,-0.3661804730922325,-0.33921587342842313,-0.048074688762426376,0.11455195397138596,0.0,0.0,0.0,0.0
14.36877179145813,-0.23769456148147583,-1.1146615743637085,0.0,0.0,-0.0008961466373875737,-0.21177661418914795,0.0,0.0,-0.36750351279643245,-0.34071151405928735,-0.05757322534918785,0.12259145081043243,0.0,0.0,0.0,0.0
14.37054181098938,-0.23769456148147583,-1.1146615743637085,0.0,0.0,-0.0008961466373875737,-0.21177661418914795,0.0,0.0,-0.36863002993753596,-0.3416031450735837,-0.06352415680885315,0.12668269872665405,0.0,0.0,0.0,0.0
14.372705936431885,-0.23769456148147583,-1.1146615743637085,0.0,0.0,-0.0008961466373875737,-0.21177661418914795,0.0,0.0,-0.3694593523450002,-0.3422886333754944,-0.07764735817909241,0.13966217637062073,0.0,0.0,0.0,0.0
14.374431371688843,-0.23769456148147583,-1.1146615743637085,0.0,0.0,-0.0008961466373875737,-0.21177661418914795,0.0,0.0,-0.3694593523450002,-0.3422886333754944,-0.07764735817909241,0.13966217637062073,0.0,0.0,0.0,0.0
14.376048803329468,-0.23769456148147583,-1.1146615743637085,0.0,0.0,-0.0008961466373875737,-0.21177661418914795,0.0,0.0,-0.36991955126270376,-0.3423269969392051,-0.07773315906524658,0.13614317774772644,0.0,0.0,0.0,0.0
14.377708911895752,-0.23769456148147583,-1.1146615743637085,0.0,0.0,-0.0008961466373875737,-0.21177661418914795,0.0,0.0,-0.3699914566121359,-0.34238450717473723,-0.07495799660682678,0.13439789414405823,0.0,0.0,0.0,0.0
14.379616260528564,-0.2852173149585724,-0.7260364294052124,0.0,0.0,-0.0010049691190943122,-0.21096281707286835,0.0,0.0,-0.3699914566121359,-0.34238450717473723,-0.07495799660682678,0.13439789414405823,0.0,0.0,0.0,0.0
14.38105034828186,-0.2852173149585724,-0.7260364294052124,0.0,0.0,-0.0010049691190943122,-0.21096281707286835,0.0,0.0,-0.3693251149820466,-0.34093202847888376,-0.06523048877716064,0.11708875745534897,0.0,0.0,0.0,0.0
14.382460117340088,-0.2852173149585724,-0.7260364294052124,0.0,0.0,-0.0010049691190943122,-0.21096281707286835,0.0,0.0,-0.3693251149820466,-0.34093202847888376,-0.06523048877716064,0.11708875745534897,0.0,0.0,0.0,0.0
14.384119272232056,-0.2852173149585724,-0.7260364294052124,0.0,0.0,-0.0010049691190943122,-0.21096281707286835,0.0,0.0,-0.36827530156167526,-0.3391727349001017,-0.0662841796875,0.11302103102207184,0.0,0.0,0.0,0.0
14.385578632354736,-0.2852173149585724,-0.7260364294052124,0.0,0.0,-0.0010049691190943122,-0.21096281707286835,0.0,0.0,-0.36827530156167526,-0.3391727349001017,-0.0662841796875,0.11302103102207184,0.0,0.0,0.0,0.0
14.38750672340393,-0.2852173149585724,-0.7260364294052124,0.0,0.0,-0.0010049691190943122,-0.21096281707286835,0.0,0.0,-0.36721111643409315,-0.3375956155838946,-0.060676541179418564,0.10237802565097809,0.0,0.0,0.0,0.0
14.388949632644653,-0.311174601316452,-1.1950196027755737,0.0,0.0,-0.0010835276916623116,-0.21099063754081726,0.0,0.0,-0.36625237844166464,-0.3363204893726268,-0.05309488996863365,0.09642717987298965,0.0,0.0,0.0,0.0
14.390389204025269,-0.311174601316452,-1.1950196027755737,0.0,0.0,-0.0010835276916623116,-0.21099063754081726,0.0,0.0,-0.36625237844166464,-0.3363204893726268,-0.05309488996863365,0.09642717987298965,0.0,0.0,0.0,0.0
14.391812324523926,-0.311174601316452,-1.1950196027755737,0.0,0.0,-0.0010835276916623116,-0.21099063754081726,0.0,0.0,-0.36546619456252183,-0.3357117047914483,-0.06096356734633446,0.10861664265394211,0.0,0.0,0.0,0.0
14.39372181892395,-0.311174601316452,-1.1950196027755737,0.0,0.0,-0.0010835276916623116,-0.21099063754081726,0.0,0.0,-0.36515940308628253,-0.33459476098625546,-0.061621520668268204,0.10031965374946594,0.0,0.0,0.0,0.0
14.395261287689209,-0.311174601316452,-1.1950196027755737,0.0,0.0,-0.0010835276916623116,-0.21099063754081726,0.0,0.0,-0.36515940308628253,-0.33459476098625546,-0.061621520668268204,0.10031965374946594,0.0,0.0,0.0,0.0
14.39713430404663,-0.311174601316452,-1.1950196027755737,0.0,0.0,-0.0010835276916623116,-0.21099063754081726,0.0,0.0,-0.36482384478893254,-0.3344461519160912,-0.060562971979379654,0.10363855957984924,0.0,0.0,0.0,0.0
14.399053812026978,-0.3033906817436218,-1.9349112510681152,0.0,0.0,-0.0011135139502584934,-0.2115074098110199,0.0,0.0,-0.3648334415315326,-0.33419209571077335,-0.06302344799041748,0.10346680879592896,0.0,0.0,0.0,0.0
14.400646924972534,-0.3033906817436218,-1.9349112510681152,0.0,0.0,-0.0011135139502584934,-0.2115074098110199,0.0,0.0,-0.3648334415315326,-0.33419209571077335,-0.06302344799041748,0.10346680879592896,0.0,0.0,0.0,0.0
14.402079343795776,-0.3033906817436218,-1.9349112510681152,0.0,0.0,-0.0011135139502584934,-0.2115074098110199,0.0,0.0,-0.36478070626061115,-0.3341489571824519,-0.07416489720344543,0.11555101722478867,0.0,0.0,0.0,0.0
14.403557538986206,-0.3033906817436218,-1.9349112510681152,0.0,0.0,-0.0011135139502584934,-0.2115074098110199,0.0,0.0,-0.36478070626061115,-0.3341489571824519,-0.07416489720344543,0.11555101722478867,0.0,0.0,0.0,0.0
14.404993534088135,-0.3033906817436218,-1.9349112510681152,0.0,0.0,-0.0011135139502584934,-0.2115074098110199,0.0,0.0,-0.36521693672850397,-0.33417772400356266,-0.07917165756225586,0.11652382463216782,0.0,0.0,0.0,0.0
14.406656503677368,-0.3033906817436218,-1.9349112510681152,0.0,0.0,-0.0011135139502584934,-0.2115074098110199,0.0,0.0,-0.36605103410057893,-0.3351748021530126,-0.08758309483528137,0.1262226104736328,0.0,0.0,0.0,0.0
14.408338785171509,-0.22808662056922913,-1.5970455408096313,0.0,0.0,-0.0009081448661163449,-0.2112671136856079,0.0,0.0,-0.3666790121669575,-0.3359369941756554,-0.09133106470108032,0.1349773406982422,0.0,0.0,0.0,0.0
14.409807443618774,-0.22808662056922913,-1.5970455408096313,0.0,0.0,-0.0009081448661163449,-0.2112671136856079,0.0,0.0,-0.3666790121669575,-0.3359369941756554,-0.09133106470108032,0.1349773406982422,0.0,0.0,0.0,0.0
14.411356687545776,-0.22808662056922913,-1.5970455408096313,0.0,0.0,-0.0009081448661163449,-0.2112671136856079,0.0,0.0,-0.36721589139870386,-0.3360808048745197,-0.09384876489639282,0.1312008798122406,0.0,0.0,0.0,0.0
14.412894487380981,-0.22808662056922913,-1.5970455408096313,0.0,0.0,-0.0009081448661163449,-0.2112671136856079,0.0,0.0,-0.36721589139870386,-0.3360808048745197,-0.09384876489639282,0.1312008798122406,0.0,0.0,0.0,0.0
14.414416551589966,-0.22808662056922913,-1.5970455408096313,0.0,0.0,-0.0009081448661163449,-0.2112671136856079,0.0,0.0,-0.3674891410892217,-0.3364882685213018,-0.10468696057796478,0.1447555273771286,0.0,0.0,0.0,0.0
14.415823221206665,-0.22808662056922913,-1.5970455408096313,0.0,0.0,-0.0009081448661163449,-0.2112671136856079,0.0,0.0,-0.3674891410892217,-0.3364882685213018,-0.10468696057796478,0.1447555273771286,0.0,0.0,0.0,0.0
14.41739797592163,-0.22808662056922913,-1.5970455408096313,0.0,0.0,-0.0009081448661163449,-0.2112671136856079,0.0,0.0,-0.3675227062816324,-0.33652663208501254,-0.10196901857852936,0.14203758537769318,0.0,0.0,0.0,0.0
14.419485807418823,-0.18869413435459137,-1.4429324865341187,0.0,0.0,-0.0007522207451984286,-0.21083612740039825,0.0,0.0,-0.367469971010711,-0.33648347015000185,-0.10088180005550385,0.14095036685466766,0.0,0.0,0.0,0.0
14.4215669631958,-0.18869413435459137,-1.4429324865341187,0.0,0.0,-0.0007522207451984286,-0.21083612740039825,0.0,0.0,-0.3667652892236003,-0.33640678983595895,-0.1024041473865509,0.15165741741657257,0.0,0.0,0.0,0.0
14.423296213150024,-0.18869413435459137,-1.4429324865341187,0.0,0.0,-0.0007522207451984286,-0.21083612740039825,0.0,0.0,-0.3667652892236003,-0.33640678983595895,-0.1024041473865509,0.15165741741657257,0.0,0.0,0.0,0.0
14.424794435501099,-0.18869413435459137,-1.4429324865341187,0.0,0.0,-0.0007522207451984286,-0.21083612740039825,0.0,0.0,-0.3660318640220682,-0.3355439256427733,-0.09739726781845093,0.14118610322475433,0.0,0.0,0.0,0.0
14.426281690597534,-0.18869413435459137,-1.4429324865341187,0.0,0.0,-0.0007522207451984286,-0.21083612740039825,0.0,0.0,-0.3660318640220682,-0.3355439256427733,-0.09739726781845093,0.14118610322475433,0.0,0.0,0.0,0.0
14.428565263748169,-0.18298664689064026,-1.7439137697219849,0.0,0.0,-0.0007020874181762338,-0.2108161449432373,0.0,0.0,-0.36513063626517184,-0.3347385716851198,-0.09041637182235718,0.13460572063922882,0.0,0.0,0.0,0.0
14.430564641952515,-0.18298664689064026,-1.7439137697219849,0.0,0.0,-0.0007020874181762338,-0.2108161449432373,0.0,0.0,-0.36444514796326116,-0.3342304358677948,-0.0873551070690155,0.1332325041294098,0.0,0.0,0.0,0.0
14.43271780014038,-0.18298664689064026,-1.7439137697219849,0.0,0.0,-0.0007020874181762338,-0.2108161449432373,0.0,0.0,-0.3635103784206433,-0.3337031299719591,-0.09268572181463242,0.14159703254699707,0.0,0.0,0.0,0.0
14.43409776687622,-0.18298664689064026,-1.7439137697219849,0.0,0.0,-0.0007020874181762338,-0.2108161449432373,0.0,0.0,-0.3635103784206433,-0.3337031299719591,-0.09268572181463242,0.14159703254699707,0.0,0.0,0.0,0.0
14.43633246421814,-0.18298664689064026,-1.7439137697219849,0.0,0.0,-0.0007020874181762338,-0.2108161449432373,0.0,0.0,-0.3627194195768898,-0.3332141876398341,-0.08704958856105804,0.13853582739830017,0.0,0.0,0.0,0.0
14.438266277313232,-0.1972777396440506,-2.2226715087890625,0.0,0.0,-0.0007070197607390583,-0.21107318997383118,0.0,0.0,-0.36212500670292197,-0.33278275554324127,-0.08476071059703827,0.13744863867759705,0.0,0.0,0.0,0.0
14.43998384475708,-0.1972777396440506,-2.2226715087890625,0.0,0.0,-0.0007070197607390583,-0.21107318997383118,0.0,0.0,-0.3615929024357863,-0.3326149763945663,-0.08221437782049179,0.13624703884124756,0.0,0.0,0.0,0.0
14.44224214553833,-0.1972777396440506,-2.2226715087890625,0.0,0.0,-0.0007070197607390583,-0.21107318997383118,0.0,0.0,-0.3608930190199756,-0.3325766128308556,-0.08800618350505829,0.14876137673854828,0.0,0.0,0.0,0.0
14.444100618362427,-0.1972777396440506,-2.2226715087890625,0.0,0.0,-0.0007070197607390583,-0.21107318997383118,0.0,0.0,-0.3608930190199756,-0.3325766128308556,-0.08800618350505829,0.14876137673854828,0.0,0.0,0.0,0.0
14.44578242301941,-0.1972777396440506,-2.2226715087890625,0.0,0.0,-0.0007070197607390583,-0.21107318997383118,0.0,0.0,-0.36040885165246134,-0.332303386547027,-0.08657556027173996,0.14632956683635712,0.0,0.0,0.0,0.0
14.447330951690674,-0.1972777396440506,-2.2226715087890625,0.0,0.0,-0.0007070197607390583,-0.21107318997383118,0.0,0.0,-0.35968502319352924,-0.33217394755537344,-0.08079635351896286,0.14549976587295532,0.0,0.0,0.0,0.0
14.4488365650177,-0.21525722742080688,-2.125925302505493,0.0,0.0,-0.0007606822764500976,-0.21093828976154327,0.0,0.0,-0.35968502319352924,-0.33217394755537344,-0.08079635351896286,0.14549976587295532,0.0,0.0,0.0,0.0
14.450364828109741,-0.21525722742080688,-2.125925302505493,0.0,0.0,-0.0007606822764500976,-0.21093828976154327,0.0,0.0,-0.3588892659784757,-0.3318575593365342,-0.07598988711833954,0.14292488992214203,0.0,0.0,0.0,0.0
14.451894998550415,-0.21525722742080688,-2.125925302505493,0.0,0.0,-0.0007606822764500976,-0.21093828976154327,0.0,0.0,-0.3588892659784757,-0.3318575593365342,-0.07598988711833954,0.14292488992214203,0.0,0.0,0.0,0.0
14.45371389389038,-0.21525722742080688,-2.125925302505493,0.0,0.0,-0.0007606822764500976,-0.21093828976154327,0.0,0.0,-0.35792093124344715,-0.3313398501832985,-0.07908012717962265,0.1496194303035736,0.0,0.0,0.0,0.0
14.455156564712524,-0.21525722742080688,-2.125925302505493,0.0,0.0,-0.0007606822764500976,-0.21093828976154327,0.0,0.0,-0.3567896157310437,-0.3307406389380307,-0.0706973671913147,0.14404042065143585,0.0,0.0,0.0,0.0
14.456548690795898,-0.21525722742080688,-2.125925302505493,0.0,0.0,-0.0007606822764500976,-0.21093828976154327,0.0,0.0,-0.3567896157310437,-0.3307406389380307,-0.0706973671913147,0.14404042065143585,0.0,0.0,0.0,0.0
14.458054304122925,-0.2526860535144806,-2.0101752281188965,0.0,0.0,-0.000863036431837827,-0.2106214165687561,0.0,0.0,-0.3554569792842437,-0.33004075552222,-0.06142764538526535,0.1393769234418869,0.0,0.0,0.0,0.0
14.459463834762573,-0.2526860535144806,-2.0101752281188965,0.0,0.0,-0.000863036431837827,-0.2106214165687561,0.0,0.0,-0.3554569792842437,-0.33004075552222,-0.06142764538526535,0.1393769234418869,0.0,0.0,0.0,0.0
14.460848093032837,-0.2526860535144806,-2.0101752281188965,0.0,0.0,-0.000863036431837827,-0.2106214165687561,0.0,0.0,-0.3537839861687938,-0.3289717720233379,-0.04861020669341087,0.13159498572349548,0.0,0.0,0.0,0.0
14.462233066558838,-0.2526860535144806,-2.0101752281188965,0.0,0.0,-0.000863036431837827,-0.2106214165687561,0.0,0.0,-0.3537839861687938,-0.3289717720233379,-0.04861020669341087,0.13159498572349548,0.0,0.0,0.0,0.0
14.46369743347168,-0.2526860535144806,-2.0101752281188965,0.0,0.0,-0.000863036431837827,-0.2106214165687561,0.0,0.0,-0.3522020684812867,-0.3278548282181451,-0.050238948315382004,0.1352851837873459,0.0,0.0,0.0,0.0
14.465324878692627,-0.2526860535144806,-2.0101752281188965,0.0,0.0,-0.000863036431837827,-0.2106214165687561,0.0,0.0,-0.3522020684812867,-0.3278548282181451,-0.050238948315382004,0.1352851837873459,0.0,0.0,0.0,0.0
14.467224597930908,-0.2526860535144806,-2.0101752281188965,0.0,0.0,-0.000863036431837827,-0.2106214165687561,0.0,0.0,-0.3504907118021261,-0.32645028642191304,-0.04008231684565544,0.12178104370832443,0.0,0.0,0.0,0.0
14.469181537628174,-0.2985455393791199,-2.109686851501465,0.0,0.0,-0.0009875766700133681,-0.21048268675804138,0.0,0.0,-0.3486595362806012,-0.32539087625894164,-0.026692671701312065,0.11809036880731583,0.0,0.0,0.0,0.0
14.470624208450317,-0.2985455393791199,-2.109686851501465,0.0,0.0,-0.0009875766700133681,-0.21048268675804138,0.0,0.0,-0.34702008495087266,-0.3236651478725703,-0.017194103449583054,0.10615988075733185,0.0,0.0,0.0,0.0
14.472068786621094,-0.2985455393791199,-2.109686851501465,0.0,0.0,-0.0009875766700133681,-0.21048268675804138,0.0,0.0,-0.34702008495087266,-0.3236651478725703,-0.017194103449583054,0.10615988075733185,0.0,0.0,0.0,0.0
14.473560094833374,-0.2985455393791199,-2.109686851501465,0.0,0.0,-0.0009875766700133681,-0.21048268675804138,0.0,0.0,-0.3455244443200085,-0.32206406010655253,-0.020644960924983025,0.10740683227777481,0.0,0.0,0.0,0.0
14.475133419036865,-0.2985455393791199,-2.109686851501465,0.0,0.0,-0.0009875766700133681,-0.21048268675804138,0.0,0.0,-0.3455244443200085,-0.32206406010655253,-0.020644960924983025,0.10740683227777481,0.0,0.0,0.0,0.0
14.476868152618408,-0.2985455393791199,-2.109686851501465,0.0,0.0,-0.0009875766700133681,-0.21048268675804138,0.0,0.0,-0.34423974477283,-0.3209519146726597,-0.014636840671300888,0.10059759765863419,0.0,0.0,0.0,0.0
14.478368282318115,-0.3468366861343384,-2.0375354290008545,0.0,0.0,-0.0011688800295814872,-0.2102457582950592,0.0,0.0,-0.3430269505750836,-0.3198062274530455,-0.00822812132537365,0.09427478909492493,0.0,0.0,0.0,0.0
14.479957103729248,-0.3468366861343384,-2.0375354290008545,0.0,0.0,-0.0011688800295814872,-0.2102457582950592,0.0,0.0,-0.3430269505750836,-0.3198062274530455,-0.00822812132537365,0.09427478909492493,0.0,0.0,0.0,0.0
14.481848955154419,-0.3468366861343384,-2.0375354290008545,0.0,0.0,-0.0011688800295814872,-0.2102457582950592,0.0,0.0,-0.3424660794868372,-0.3187516156613741,-0.009258118458092213,0.09001191705465317,0.0,0.0,0.0,0.0
14.483479499816895,-0.3468366861343384,-2.0375354290008545,0.0,0.0,-0.0011688800295814872,-0.2102457582950592,0.0,0.0,-0.34245170777962647,-0.31793668836780986,-0.023183392360806465,0.09795757383108139,0.0,0.0,0.0,0.0
14.485129594802856,-0.3468366861343384,-2.0375354290008545,0.0,0.0,-0.0011688800295814872,-0.2102457582950592,0.0,0.0,-0.34245170777962647,-0.31793668836780986,-0.023183392360806465,0.09795757383108139,0.0,0.0,0.0,0.0
14.48783540725708,-0.3468366861343384,-2.0375354290008545,0.0,0.0,-0.0011688800295814872,-0.2102457582950592,0.0,0.0,-0.34240377088000507,-0.3175867583632491,-0.02510022185742855,0.09767144173383713,0.0,0.0,0.0,0.0
14.490018129348755,-0.41653764247894287,-1.6522494554519653,0.0,0.0,-0.0014002269599586725,-0.20972836017608643,0.0,0.0,-0.34238457739480505,-0.31754361983492774,-0.02581542544066906,0.10096167773008347,0.0,0.0,0.0,0.0
14.492531776428223,-0.41653764247894287,-1.6522494554519653,0.0,0.0,-0.0014002269599586725,-0.20972836017608643,0.0,0.0,-0.34363573515626217,-0.31761072681305985,-0.03920506685972214,0.10296442359685898,0.0,0.0,0.0,0.0
14.49408745765686,-0.41653764247894287,-1.6522494554519653,0.0,0.0,-0.0014002269599586725,-0.20972836017608643,0.0,0.0,-0.34497316997436206,-0.31761072681305985,-0.061913520097732544,0.11365582048892975,0.0,0.0,0.0,0.0
14.495658874511719,-0.41653764247894287,-1.6522494554519653,0.0,0.0,-0.0014002269599586725,-0.20972836017608643,0.0,0.0,-0.34497316997436206,-0.31761072681305985,-0.061913520097732544,0.11365582048892975,0.0,0.0,0.0,0.0
14.497281312942505,-0.41653764247894287,-1.6522494554519653,0.0,0.0,-0.0014002269599586725,-0.20972836017608643,0.0,0.0,-0.34602300680142273,-0.31761072681305985,-0.06749242544174194,0.11365582048892975,0.0,0.0,0.0,0.0
14.498733043670654,-0.42318689823150635,-1.1399227380752563,0.0,0.0,-0.001488258596509695,-0.20902909338474274,0.0,0.0,-0.34602300680142273,-0.31761072681305985,-0.06749242544174194,0.11365582048892975,0.0,0.0,0.0,0.0
14.500689268112183,-0.42318689823150635,-1.1399227380752563,0.0,0.0,-0.001488258596509695,-0.20902909338474274,0.0,0.0,-0.34695297797274055,-0.31761072681305985,-0.07172679901123047,0.11365582048892975,0.0,0.0,0.0,0.0
14.502110242843628,-0.42318689823150635,-1.1399227380752563,0.0,0.0,-0.001488258596509695,-0.20902909338474274,0.0,0.0,-0.3475665609252191,-0.31719846479497776,-0.08554036915302277,0.11988779157400131,0.0,0.0,0.0,0.0
14.503551483154297,-0.42318689823150635,-1.1399227380752563,0.0,0.0,-0.001488258596509695,-0.20902909338474274,0.0,0.0,-0.3475665609252191,-0.31719846479497776,-0.08554036915302277,0.11988779157400131,0.0,0.0,0.0,0.0
14.504935026168823,-0.42318689823150635,-1.1399227380752563,0.0,0.0,-0.001488258596509695,-0.20902909338474274,0.0,0.0,-0.34786377906554766,-0.31597127548333137,-0.08465345203876495,0.10601180046796799,0.0,0.0,0.0,0.0
14.506616592407227,-0.42318689823150635,-1.1399227380752563,0.0,0.0,-0.001488258596509695,-0.20902909338474274,0.0,0.0,-0.34786377906554766,-0.31495980221998143,-0.08070524036884308,0.1007189154624939,0.0,0.0,0.0,0.0
14.508085012435913,-0.3655264675617218,-1.079199194908142,0.0,0.0,-0.0013754111714661121,-0.20862653851509094,0.0,0.0,-0.34786377906554766,-0.31495980221998143,-0.08070524036884308,0.1007189154624939,0.0,0.0,0.0,0.0
14.509472370147705,-0.3655264675617218,-1.079199194908142,0.0,0.0,-0.0013754111714661121,-0.20862653851509094,0.0,0.0,-0.3478350122444369,-0.31378057321464575,-0.0797039344906807,0.09182106703519821,0.0,0.0,0.0,0.0
14.511044979095459,-0.3655264675617218,-1.079199194908142,0.0,0.0,-0.0013754111714661121,-0.20862653851509094,0.0,0.0,-0.3478350122444369,-0.31378057321464575,-0.0797039344906807,0.09182106703519821,0.0,0.0,0.0,0.0
14.513019561767578,-0.3655264675617218,-1.079199194908142,0.0,0.0,-0.0013754111714661121,-0.20862653851509094,0.0,0.0,-0.34744671867616556,-0.31252461708188867,-0.08564408123493195,0.09481509029865265,0.0,0.0,0.0,0.0
14.514734983444214,-0.3655264675617218,-1.079199194908142,0.0,0.0,-0.0013754111714661121,-0.20862653851509094,0.0,0.0,-0.34711116037881556,-0.3112878544343316,-0.08364136517047882,0.08780552446842194,0.0,0.0,0.0,0.0
14.516504049301147,-0.3655264675617218,-1.079199194908142,0.0,0.0,-0.0013754111714661121,-0.20862653851509094,0.0,0.0,-0.34711116037881556,-0.3112878544343316,-0.08364136517047882,0.08780552446842194,0.0,0.0,0.0,0.0
14.518748044967651,-0.2559605538845062,-1.5660747289657593,0.0,0.0,-0.0010789955267682672,-0.20875126123428345,0.0,0.0,-0.3467899971953656,-0.3105112672977888,-0.08181034028530121,0.08574564754962921,0.0,0.0,0.0,0.0
14.520925998687744,-0.2559605538845062,-1.5660747289657593,0.0,0.0,-0.0010789955267682672,-0.20875126123428345,0.0,0.0,-0.34642087370560487,-0.3100414950441745,-0.0782339796423912,0.08714757859706879,0.0,0.0,0.0,0.0
14.522817850112915,-0.2559605538845062,-1.5660747289657593,0.0,0.0,-0.0010789955267682672,-0.20875126123428345,0.0,0.0,-0.3464065019983941,-0.3097251068253352,-0.09173845499753952,0.09530316293239594,0.0,0.0,0.0,0.0
14.525005340576172,-0.2559605538845062,-1.5660747289657593,0.0,0.0,-0.0010789955267682672,-0.20875126123428345,0.0,0.0,-0.3464065019983941,-0.3097251068253352,-0.09173845499753952,0.09530316293239594,0.0,0.0,0.0,0.0
14.52821135520935,-0.10722105205059052,-1.7017407417297363,0.0,0.0,-0.0006063800537958741,-0.20882326364517212,0.0,0.0,-0.3463729368059834,-0.3096340313973924,-0.09233924001455307,0.0967622846364975,0.0,0.0,0.0,0.0
14.529809474945068,-0.10722105205059052,-1.7017407417297363,0.0,0.0,-0.0006063800537958741,-0.20882326364517212,0.0,0.0,-0.3463729368059834,-0.3096340313973924,-0.09233924001455307,0.0967622846364975,0.0,0.0,0.0,0.0
14.53148865699768,-0.10722105205059052,-1.7017407417297363,0.0,0.0,-0.0006063800537958741,-0.20882326364517212,0.0,0.0,-0.3463729368059834,-0.3096340313973924,-0.09233924001455307,0.09807847440242767,0.0,0.0,0.0,0.0
14.533444881439209,-0.10722105205059052,-1.7017407417297363,0.0,0.0,-0.0006063800537958741,-0.20882326364517212,0.0,0.0,-0.3463729368059834,-0.3096340313973924,-0.10305117070674896,0.10878913849592209,0.0,0.0,0.0,0.0
14.534979343414307,-0.10722105205059052,-1.7017407417297363,0.0,0.0,-0.0006063800537958741,-0.20882326364517212,0.0,0.0,-0.3463729368059834,-0.3096340313973924,-0.10305117070674896,0.10878913849592209,0.0,0.0,0.0,0.0
14.537074327468872,-0.10722105205059052,-1.7017407417297363,0.0,0.0,-0.0006063800537958741,-0.20882326364517212,0.0,0.0,-0.3463729368059834,-0.3096340313973924,-0.10305117070674896,0.10878913849592209,0.0,0.0,0.0,0.0
14.538609266281128,-0.046200696378946304,-1.6111669540405273,0.0,0.0,-0.0002897301164921373,-0.2086075395345688,0.0,0.0,-0.3463729368059834,-0.31010860202230667,-0.10305117070674896,0.11402474343776703,0.0,0.0,0.0,0.0
14.540579319000244,-0.046200696378946304,-1.6111669540405273,0.0,0.0,-0.0002897301164921373,-0.2086075395345688,0.0,0.0,-0.34626269129952986,-0.31046812876946733,-0.10156343877315521,0.11625640094280243,0.0,0.0,0.0,0.0
14.54309368133545,-0.046200696378946304,-1.6111669540405273,0.0,0.0,-0.0002897301164921373,-0.2086075395345688,0.0,0.0,-0.34587439773125844,-0.31045373365556733,-0.10750386118888855,0.1251448392868042,0.0,0.0,0.0,0.0
14.545026779174805,-0.046200696378946304,-1.6111669540405273,0.0,0.0,-0.0002897301164921373,-0.2086075395345688,0.0,0.0,-0.34587439773125844,-0.31045373365556733,-0.10750386118888855,0.1251448392868042,0.0,0.0,0.0,0.0
14.546838283538818,-0.046200696378946304,-1.6111669540405273,0.0,0.0,-0.0002897301164921373,-0.2086075395345688,0.0,0.0,-0.34513617415842635,-0.31040579675594593,-0.10178178548812866,0.12402898073196411,0.0,0.0,0.0,0.0
14.548750162124634,-0.017956092953681946,-1.6703039407730103,0.0,0.0,-0.00010609505261527374,-0.20839270949363708,0.0,0.0,-0.3442876816724514,-0.31040579675594593,-0.0943717435002327,0.12402898073196411,0.0,0.0,0.0,0.0
14.550755500793457,-0.017956092953681946,-1.6703039407730103,0.0,0.0,-0.00010609505261527374,-0.20839270949363708,0.0,0.0,-0.34333854042262285,-0.31040579675594593,-0.0870761051774025,0.12402898073196411,0.0,0.0,0.0,0.0
14.552493333816528,-0.017956092953681946,-1.6703039407730103,0.0,0.0,-0.00010609505261527374,-0.20839270949363708,0.0,0.0,-0.34333854042262285,-0.31040579675594593,-0.0870761051774025,0.12402898073196411,0.0,0.0,0.0,0.0
14.55393648147583,-0.017956092953681946,-1.6703039407730103,0.0,0.0,-0.00010609505261527374,-0.20839270949363708,0.0,0.0,-0.34266742382792287,-0.31040579675594593,-0.09527922421693802,0.13469187915325165,0.0,0.0,0.0,0.0
14.555845737457275,-0.017956092953681946,-1.6703039407730103,0.0,0.0,-0.00010609505261527374,-0.20839270949363708,0.0,0.0,-0.3421305211894872,-0.31040579675594593,-0.09238964319229126,0.13469187915325165,0.0,0.0,0.0,0.0
14.557661771774292,-0.017956092953681946,-1.6703039407730103,0.0,0.0,-0.00010609505261527374,-0.20839270949363708,0.0,0.0,-0.3421305211894872,-0.31040579675594593,-0.09238964319229126,0.13469187915325165,0.0,0.0,0.0,0.0
14.559120178222656,-0.02844431810081005,-1.8917675018310547,0.0,0.0,-0.00010012952407123521,-0.20838572084903717,0.0,0.0,-0.3415504800227301,-0.31040579675594593,-0.09041550755500793,0.13469187915325165,0.0,0.0,0.0,0.0
14.560905456542969,-0.02844431810081005,-1.8917675018310547,0.0,0.0,-0.00010012952407123521,-0.20838572084903717,0.0,0.0,-0.3409129286204408,-0.31040579675594593,-0.08515117317438126,0.13469187915325165,0.0,0.0,0.0,0.0
14.562860250473022,-0.02844431810081005,-1.8917675018310547,0.0,0.0,-0.00010012952407123521,-0.20838572084903717,0.0,0.0,-0.3409129286204408,-0.31040579675594593,-0.08515117317438126,0.13469187915325165,0.0,0.0,0.0,0.0
14.565422058105469,-0.02844431810081005,-1.8917675018310547,0.0,0.0,-0.00010012952407123521,-0.20838572084903717,0.0,0.0,-0.3406157104801123,-0.31040579675594593,-0.09685060381889343,0.14533200860023499,0.0,0.0,0.0,0.0
14.567834615707397,-0.02844431810081005,-1.8917675018310547,0.0,0.0,-0.00010012952407123521,-0.20838572084903717,0.0,0.0,-0.3401794800122194,-0.31040579675594593,-0.09473346918821335,0.14533200860023499,0.0,0.0,0.0,0.0
14.569675922393799,-0.08701540529727936,-2.0774736404418945,0.0,0.0,-0.00023747388331685215,-0.2084036022424698,0.0,0.0,-0.33998773241373376,-0.31040579675594593,-0.09390375018119812,0.14533200860023499,0.0,0.0,0.0,0.0
14.571741104125977,-0.08701540529727936,-2.0774736404418945,0.0,0.0,-0.00023747388331685215,-0.2084036022424698,0.0,0.0,-0.33968094093749446,-0.31040579675594593,-0.09204408526420593,0.14533200860023499,0.0,0.0,0.0,0.0
14.573770523071289,-0.08701540529727936,-2.0774736404418945,0.0,0.0,-0.00023747388331685215,-0.2084036022424698,0.0,0.0,-0.3393549793827445,-0.31040579675594593,-0.10139954835176468,0.15611742436885834,0.0,0.0,0.0,0.0
14.575400829315186,-0.08701540529727936,-2.0774736404418945,0.0,0.0,-0.00023747388331685215,-0.2084036022424698,0.0,0.0,-0.3393549793827445,-0.31040579675594593,-0.10139954835176468,0.15611742436885834,0.0,0.0,0.0,0.0
14.577498435974121,-0.08701540529727936,-2.0774736404418945,0.0,0.0,-0.00023747388331685215,-0.2084036022424698,0.0,0.0,-0.33922554039109093,-0.31040579675594593,-0.10151404142379761,0.15611742436885834,0.0,0.0,0.0,0.0
14.579776048660278,-0.19486698508262634,-2.0534720420837402,0.0,0.0,-0.0005662058829329908,-0.2082207202911377,0.0,0.0,-0.3387893099231981,-0.31040579675594593,-0.09719384461641312,0.15611742436885834,0.0,0.0,0.0,0.0
14.581324815750122,-0.19486698508262634,-2.0534720420837402,0.0,0.0,-0.0005662058829329908,-0.2082207202911377,0.0,0.0,-0.3383099409269838,-0.3096340313973924,-0.09576328098773956,0.14624695479869843,0.0,0.0,0.0,0.0
14.582886457443237,-0.19486698508262634,-2.0534720420837402,0.0,0.0,-0.0005662058829329908,-0.2082207202911377,0.0,0.0,-0.3383099409269838,-0.3096340313973924,-0.09576328098773956,0.14624695479869843,0.0,0.0,0.0,0.0
14.584434986114502,-0.19486698508262634,-2.0534720420837402,0.0,0.0,-0.0005662058829329908,-0.2082207202911377,0.0,0.0,-0.33780660348095887,-0.30918340581559955,-0.10130857676267624,0.15533973276615143,0.0,0.0,0.0,0.0
14.586055517196655,-0.19486698508262634,-2.0534720420837402,0.0,0.0,-0.0005662058829329908,-0.2082207202911377,0.0,0.0,-0.33780660348095887,-0.30918340581559955,-0.10130857676267624,0.15533973276615143,0.0,0.0,0.0,0.0
14.58849310874939,-0.2410639226436615,-2.162400484085083,0.0,0.0,-0.0007793426048010588,-0.2081051915884018,0.0,0.0,-0.337389566498266,-0.30879991061862816,-0.09967782348394394,0.1539950668811798,0.0,0.0,0.0,0.0
14.590137720108032,-0.2410639226436615,-2.162400484085083,0.0,0.0,-0.0007793426048010588,-0.2081051915884018,0.0,0.0,-0.3367999285889089,-0.30813839076652816,-0.0958154946565628,0.14827300608158112,0.0,0.0,0.0,0.0
14.591737985610962,-0.2410639226436615,-2.162400484085083,0.0,0.0,-0.0007793426048010588,-0.2081051915884018,0.0,0.0,-0.3367999285889089,-0.30813839076652816,-0.0958154946565628,0.14827300608158112,0.0,0.0,0.0,0.0
14.594259262084961,-0.2410639226436615,-2.162400484085083,0.0,0.0,-0.0007793426048010588,-0.2081051915884018,0.0,0.0,-0.3359754279594339,-0.3075583495997711,-0.09845944494009018,0.15812888741493225,0.0,0.0,0.0,0.0
14.596567630767822,-0.2410639226436615,-2.162400484085083,0.0,0.0,-0.0007793426048010588,-0.2081051915884018,0.0,0.0,-0.33503106167421615,-0.30661878168585327,-0.09328097105026245,0.14802947640419006,0.0,0.0,0.0,0.0
14.598684549331665,-0.27308353781700134,-2.299238920211792,0.0,0.0,-0.0009102188632823527,-0.20803409814834595,0.0,0.0,-0.334129857324009,-0.3057271740782461,-0.08790230751037598,0.14345183968544006,0.0,0.0,0.0,0.0
14.600848913192749,-0.27308353781700134,-2.299238920211792,0.0,0.0,-0.0009102188632823527,-0.20803409814834595,0.0,0.0,-0.3329410081693841,-0.3045718901160319,-0.07786011695861816,0.1335527002811432,0.0,0.0,0.0,0.0
14.602525472640991,-0.27308353781700134,-2.299238920211792,0.0,0.0,-0.0009102188632823527,-0.20803409814834595,0.0,0.0,-0.3315700315655627,-0.3034309778610284,-0.07779169082641602,0.1353146880865097,0.0,0.0,0.0,0.0
14.604276657104492,-0.27308353781700134,-2.299238920211792,0.0,0.0,-0.0009102188632823527,-0.20803409814834595,0.0,0.0,-0.3315700315655627,-0.3034309778610284,-0.07779169082641602,0.1353146880865097,0.0,0.0,0.0,0.0
14.60659122467041,-0.27308353781700134,-2.299238920211792,0.0,0.0,-0.0009102188632823527,-0.20803409814834595,0.0,0.0,-0.3299305802358342,-0.30192576389425346,-0.06772089004516602,0.12515802681446075,0.0,0.0,0.0,0.0
14.609147548675537,-0.27031761407852173,-2.2917816638946533,0.0,0.0,-0.0009434407111257315,-0.20787884294986725,0.0,0.0,-0.32822402192797356,-0.3002527707788035,-0.055933523923158646,0.11528754979372025,0.0,0.0,0.0,0.0
14.611356258392334,-0.27031761407852173,-2.2917816638946533,0.0,0.0,-0.0009434407111257315,-0.20787884294986725,0.0,0.0,-0.32621067214387367,-0.2980093332391965,-0.04011207073926926,0.09474543482065201,0.0,0.0,0.0,0.0
14.612887144088745,-0.27031761407852173,-2.2917816638946533,0.0,0.0,-0.0009434407111257315,-0.20787884294986725,0.0,0.0,-0.32389053088353453,-0.2958042358566109,-0.034590885043144226,0.09362821280956268,0.0,0.0,0.0,0.0
14.614408493041992,-0.27031761407852173,-2.2917816638946533,0.0,0.0,-0.0009434407111257315,-0.20787884294986725,0.0,0.0,-0.32389053088353453,-0.2958042358566109,-0.034590885043144226,0.09362821280956268,0.0,0.0,0.0,0.0
14.616424560546875,-0.27031761407852173,-2.2917816638946533,0.0,0.0,-0.0009434407111257315,-0.20787884294986725,0.0,0.0,-0.3212683731115668,-0.29333548552610744,-0.01945601776242256,0.07494573295116425,0.0,0.0,0.0,0.0
14.618056058883667,-0.2737554907798767,-2.1553258895874023,0.0,0.0,-0.0009639596682973206,-0.20757995545864105,0.0,0.0,-0.3191927147206347,-0.29080440318208256,-0.006695909425616264,0.059839580208063126,0.0,0.0,0.0,0.0
14.619460821151733,-0.2737554907798767,-2.1553258895874023,0.0,0.0,-0.0009639596682973206,-0.20757995545864105,0.0,0.0,-0.3191927147206347,-0.29080440318208256,-0.006695909425616264,0.059839580208063126,0.0,0.0,0.0,0.0
14.621197700500488,-0.2737554907798767,-2.1553258895874023,0.0,0.0,-0.0009639596682973206,-0.20757995545864105,0.0,0.0,-0.31762516874033836,-0.28924165557308623,-0.0025187889114022255,0.05815158039331436,0.0,0.0,0.0,0.0
14.622644186019897,-0.2737554907798767,-2.1553258895874023,0.0,0.0,-0.0009639596682973206,-0.20757995545864105,0.0,0.0,-0.31634526756445985,-0.28801926463273986,-0.00960303284227848,0.06432225555181503,0.0,0.0,0.0,0.0
14.624013185501099,-0.2737554907798767,-2.1553258895874023,0.0,0.0,-0.0009639596682973206,-0.20757995545864105,0.0,0.0,-0.31634526756445985,-0.28801926463273986,-0.00960303284227848,0.06432225555181503,0.0,0.0,0.0,0.0
14.625348091125488,-0.2737554907798767,-2.1553258895874023,0.0,0.0,-0.0009639596682973206,-0.20757995545864105,0.0,0.0,-0.3160192826030206,-0.28754469400782556,-0.011777522042393684,0.06575284898281097,0.0,0.0,0.0,0.0
14.626739263534546,-0.2737554907798767,-2.1553258895874023,0.0,0.0,-0.0009639596682973206,-0.20757995545864105,0.0,0.0,-0.3160192826030206,-0.28754469400782556,-0.011777522042393684,0.06575284898281097,0.0,0.0,0.0,0.0
14.628123044967651,-0.28578540682792664,-1.7233432531356812,0.0,0.0,-0.0010036189341917634,-0.2070319801568985,0.0,0.0,-0.31600970926710986,-0.28749675710820416,-0.016412295401096344,0.07124601304531097,0.0,0.0,0.0,0.0
14.629641771316528,-0.28578540682792664,-1.7233432531356812,0.0,0.0,-0.0010036189341917634,-0.2070319801568985,0.0,0.0,-0.31600970926710986,-0.28749675710820416,-0.016412295401096344,0.07124601304531097,0.0,0.0,0.0,0.0
14.63169813156128,-0.28578540682792664,-1.7233432531356812,0.0,0.0,-0.0010036189341917634,-0.2070319801568985,0.0,0.0,-0.3160001125245099,-0.2877891768772327,-0.017957249656319618,0.07181815803050995,0.0,0.0,0.0,0.0
14.633555889129639,-0.28578540682792664,-1.7233432531356812,0.0,0.0,-0.0010036189341917634,-0.2070319801568985,0.0,0.0,-0.31723689857875625,-0.2890547063459005,-0.0422077476978302,0.10141810029745102,0.0,0.0,0.0,0.0
14.635241270065308,-0.28578540682792664,-1.7233432531356812,0.0,0.0,-0.0010036189341917634,-0.2070319801568985,0.0,0.0,-0.31723689857875625,-0.2890547063459005,-0.0422077476978302,0.10141810029745102,0.0,0.0,0.0,0.0
14.636722087860107,-0.28578540682792664,-1.7233432531356812,0.0,0.0,-0.0010036189341917634,-0.2070319801568985,0.0,0.0,-0.3183058820776383,-0.29018122348700404,-0.05033304914832115,0.10837040841579437,0.0,0.0,0.0,0.0
14.638611793518066,-0.29160842299461365,-1.1459932327270508,0.0,0.0,-0.000991910812444985,-0.20635224878787994,0.0,0.0,-0.319341323790799,-0.2910824512439004,-0.0586872361600399,0.11397796124219894,0.0,0.0,0.0,0.0
14.640100240707397,-0.29160842299461365,-1.1459932327270508,0.0,0.0,-0.000991910812444985,-0.20635224878787994,0.0,0.0,-0.319341323790799,-0.2910824512439004,-0.0586872361600399,0.11397796124219894,0.0,0.0,0.0,0.0
14.641727924346924,-0.29160842299461365,-1.1459932327270508,0.0,0.0,-0.000991910812444985,-0.20635224878787994,0.0,0.0,-0.3202041879839847,-0.29144675295567185,-0.061204854398965836,0.11151759326457977,0.0,0.0,0.0,0.0
14.64378547668457,-0.29160842299461365,-1.1459932327270508,0.0,0.0,-0.000991910812444985,-0.20635224878787994,0.0,0.0,-0.3205253511674347,-0.2914132111699504,-0.07201977074146271,0.11847130954265594,0.0,0.0,0.0,0.0
14.645766019821167,-0.29160842299461365,-1.1459932327270508,0.0,0.0,-0.000991910812444985,-0.20635224878787994,0.0,0.0,-0.3205253511674347,-0.2914132111699504,-0.07201977074146271,0.11847130954265594,0.0,0.0,0.0,0.0
14.647798299789429,-0.29160842299461365,-1.1459932327270508,0.0,0.0,-0.000991910812444985,-0.20635224878787994,0.0,0.0,-0.32054931961724537,-0.2913844443488397,-0.06735622137784958,0.1174984946846962,0.0,0.0,0.0,0.0
14.649462223052979,-0.26937633752822876,-0.660950243473053,0.0,0.0,-0.000963151513133198,-0.20549625158309937,0.0,0.0,-0.32053014953873465,-0.29075166791116114,-0.06644069403409958,0.11286361515522003,0.0,0.0,0.0,0.0
14.651757955551147,-0.26937633752822876,-0.660950243473053,0.0,0.0,-0.000963151513133198,-0.20549625158309937,0.0,0.0,-0.31959058162481685,-0.2896683127050683,-0.06859219074249268,0.10972246527671814,0.0,0.0,0.0,0.0
14.653421640396118,-0.26937633752822876,-0.660950243473053,0.0,0.0,-0.000963151513133198,-0.20549625158309937,0.0,0.0,-0.31959058162481685,-0.2896683127050683,-0.06859219074249268,0.10972246527671814,0.0,0.0,0.0,0.0
14.654876947402954,-0.26937633752822876,-0.660950243473053,0.0,0.0,-0.000963151513133198,-0.20549625158309937,0.0,0.0,-0.3186031002179669,-0.2881151384319827,-0.058464281260967255,0.09959445148706436,0.0,0.0,0.0,0.0
14.656331300735474,-0.26937633752822876,-0.660950243473053,0.0,0.0,-0.000963151513133198,-0.20549625158309937,0.0,0.0,-0.3186031002179669,-0.2881151384319827,-0.058464281260967255,0.09959445148706436,0.0,0.0,0.0,0.0
14.658264398574829,-0.2940978407859802,-1.2850098609924316,0.0,0.0,-0.0009784105932340026,-0.20560374855995178,0.0,0.0,-0.3177018724610705,-0.2870173881119899,-0.05420132726430893,0.09390093386173248,0.0,0.0,0.0,0.0
14.66030216217041,-0.2940978407859802,-1.2850098609924316,0.0,0.0,-0.0009784105932340026,-0.20560374855995178,0.0,0.0,-0.31724167354336696,-0.2863031329889685,-0.052770841866731644,0.08975252509117126,0.0,0.0,0.0,0.0
14.662625551223755,-0.2940978407859802,-1.2850098609924316,0.0,0.0,-0.0009784105932340026,-0.20560374855995178,0.0,0.0,-0.31698761733804914,-0.2858333607353542,-0.06337746977806091,0.10196040570735931,0.0,0.0,0.0,0.0
14.664268493652344,-0.2940978407859802,-1.2850098609924316,0.0,0.0,-0.0009784105932340026,-0.20560374855995178,0.0,0.0,-0.31698761733804914,-0.2858333607353542,-0.06337746977806091,0.10196040570735931,0.0,0.0,0.0,0.0
14.666656970977783,-0.2940978407859802,-1.2850098609924316,0.0,0.0,-0.0009784105932340026,-0.20560374855995178,0.0,0.0,-0.3169780205954491,-0.28563201639426855,-0.06449326872825623,0.10207484662532806,0.0,0.0,0.0,0.0
14.669447660446167,-0.23290032148361206,-1.7045079469680786,0.0,0.0,-0.0008842248935252428,-0.20591947436332703,0.0,0.0,-0.316920510359917,-0.28564161313686853,-0.06629569083452225,0.1037914901971817,0.0,0.0,0.0,0.0
14.671771049499512,-0.23290032148361206,-1.7045079469680786,0.0,0.0,-0.0008842248935252428,-0.20591947436332703,0.0,0.0,-0.3173135788927991,-0.2859484046131078,-0.08174839615821838,0.11707068234682083,0.0,0.0,0.0,0.0
14.67325496673584,-0.23290032148361206,-1.7045079469680786,0.0,0.0,-0.0008842248935252428,-0.20591947436332703,0.0,0.0,-0.3173135788927991,-0.2859484046131078,-0.08174839615821838,0.11707068234682083,0.0,0.0,0.0,0.0
14.674712896347046,-0.23290032148361206,-1.7045079469680786,0.0,0.0,-0.0008842248935252428,-0.20591947436332703,0.0,0.0,-0.31772584091088124,-0.28636544159580063,-0.0851244330406189,0.12296438962221146,0.0,0.0,0.0,0.0
14.676157474517822,-0.23290032148361206,-1.7045079469680786,0.0,0.0,-0.0008842248935252428,-0.20591947436332703,0.0,0.0,-0.31772584091088124,-0.28636544159580063,-0.0851244330406189,0.12296438962221146,0.0,0.0,0.0,0.0
14.677558422088623,-0.23290032148361206,-1.7045079469680786,0.0,0.0,-0.0008842248935252428,-0.20591947436332703,0.0,0.0,-0.31813330455766337,-0.2865428174870756,-0.08664077520370483,0.12230639159679413,0.0,0.0,0.0,0.0
14.679172992706299,-0.2051236927509308,-1.4148919582366943,0.0,0.0,-0.0007414854480884969,-0.20562855899333954,0.0,0.0,-0.31813330455766337,-0.2865428174870756,-0.08664077520370483,0.12230639159679413,0.0,0.0,0.0,0.0
14.680941104888916,-0.2051236927509308,-1.4148919582366943,0.0,0.0,-0.0007414854480884969,-0.20562855899333954,0.0,0.0,-0.31812373122175264,-0.2864757105089435,-0.08500991016626358,0.12164831906557083,0.0,0.0,0.0,0.0
14.682385206222534,-0.2051236927509308,-1.4148919582366943,0.0,0.0,-0.0007414854480884969,-0.20562855899333954,0.0,0.0,-0.3180757943221312,-0.2864757105089435,-0.09466032683849335,0.13106754422187805,0.0,0.0,0.0,0.0
14.683941125869751,-0.2051236927509308,-1.4148919582366943,0.0,0.0,-0.0007414854480884969,-0.20562855899333954,0.0,0.0,-0.3180757943221312,-0.2864757105089435,-0.09466032683849335,0.13106754422187805,0.0,0.0,0.0,0.0
14.685534477233887,-0.2051236927509308,-1.4148919582366943,0.0,0.0,-0.0007414854480884969,-0.20562855899333954,0.0,0.0,-0.3178025446316134,-0.2864757105089435,-0.09328700602054596,0.13106754422187805,0.0,0.0,0.0,0.0
14.688456296920776,-0.18770724534988403,-1.4916731119155884,0.0,0.0,-0.0006525596254505217,-0.2053995281457901,0.0,0.0,-0.31719373664374556,-0.2864757105089435,-0.08573388308286667,0.13106754422187805,0.0,0.0,0.0,0.0
14.68996286392212,-0.18770724534988403,-1.4916731119155884,0.0,0.0,-0.0006525596254505217,-0.2053995281457901,0.0,0.0,-0.3164555130709134,-0.2864757105089435,-0.0781235620379448,0.13106754422187805,0.0,0.0,0.0,0.0
14.69145917892456,-0.18770724534988403,-1.4916731119155884,0.0,0.0,-0.0006525596254505217,-0.2053995281457901,0.0,0.0,-0.3164555130709134,-0.2864757105089435,-0.0781235620379448,0.13106754422187805,0.0,0.0,0.0,0.0
14.692888021469116,-0.18770724534988403,-1.4916731119155884,0.0,0.0,-0.0006525596254505217,-0.2053995281457901,0.0,0.0,-0.31571249112678135,-0.2860586501195614,-0.08584588766098022,0.13670063018798828,0.0,0.0,0.0,0.0
14.6943519115448,-0.18770724534988403,-1.4916731119155884,0.0,0.0,-0.0006525596254505217,-0.2053995281457901,0.0,0.0,-0.31571249112678135,-0.2860586501195614,-0.08584588766098022,0.13670063018798828,0.0,0.0,0.0,0.0
14.6959068775177,-0.18770724534988403,-1.4916731119155884,0.0,0.0,-0.0006525596254505217,-0.2053995281457901,0.0,0.0,-0.3149790659252492,-0.28568955003648994,-0.08238410949707031,0.13326746225357056,0.0,0.0,0.0,0.0
14.69755506515503,-0.18770724534988403,-1.4916731119155884,0.0,0.0,-0.0006525596254505217,-0.2053995281457901,0.0,0.0,-0.3142743841381385,-0.2855649094161364,-0.07603255659341812,0.13466936349868774,0.0,0.0,0.0,0.0
14.699638366699219,-0.1900588423013687,-1.8634535074234009,0.0,0.0,-0.0006513525731861591,-0.20548222959041595,0.0,0.0,-0.3142743841381385,-0.2855649094161364,-0.07603255659341812,0.13466936349868774,0.0,0.0,0.0,0.0
14.702177047729492,-0.1900588423013687,-1.8634535074234009,0.0,0.0,-0.0006513525731861591,-0.20548222959041595,0.0,0.0,-0.313488223665685,-0.28535399173913994,-0.07411577552556992,0.1334676742553711,0.0,0.0,0.0,0.0
14.704366207122803,-0.1900588423013687,-1.8634535074234009,0.0,0.0,-0.0006513525731861591,-0.20548222959041595,0.0,0.0,-0.31276917017136363,-0.2850807420486221,-0.07989510893821716,0.14127925038337708,0.0,0.0,0.0,0.0
14.706786394119263,-0.1900588423013687,-1.8634535074234009,0.0,0.0,-0.0006513525731861591,-0.20548222959041595,0.0,0.0,-0.3123856749743922,-0.2850328051490007,-0.0775204598903656,0.14305302500724792,0.0,0.0,0.0,0.0
14.709885835647583,-0.19025571644306183,-2.009132146835327,0.0,0.0,-0.0006548151723109186,-0.20549264550209045,0.0,0.0,-0.31172893008690294,-0.28509033879122214,-0.07259955257177353,0.14422616362571716,0.0,0.0,0.0,0.0
14.711618661880493,-0.19025571644306183,-2.009132146835327,0.0,0.0,-0.0006548151723109186,-0.20549264550209045,0.0,0.0,-0.31115848566274584,-0.28509033879122214,-0.06908049434423447,0.14422616362571716,0.0,0.0,0.0,0.0
14.713520526885986,-0.19025571644306183,-2.009132146835327,0.0,0.0,-0.0006548151723109186,-0.20549264550209045,0.0,0.0,-0.31052093426045657,-0.28500403832789,-0.07661638408899307,0.15499508380889893,0.0,0.0,0.0,0.0
14.716020107269287,-0.19025571644306183,-2.009132146835327,0.0,0.0,-0.0006548151723109186,-0.20549264550209045,0.0,0.0,-0.3100175968144316,-0.2848985911927364,-0.07475680112838745,0.1530209183692932,0.0,0.0,0.0,0.0
14.717689514160156,-0.19025571644306183,-2.009132146835327,0.0,0.0,-0.0006548151723109186,-0.20549264550209045,0.0,0.0,-0.3100175968144316,-0.2848985911927364,-0.07475680112838745,0.1530209183692932,0.0,0.0,0.0,0.0
14.719281196594238,-0.25566378235816956,-1.9928710460662842,0.0,0.0,-0.0008261202601715922,-0.2053520828485489,0.0,0.0,-0.3091499342499459,-0.2846253415022186,-0.06694614887237549,0.15247736871242523,0.0,0.0,0.0,0.0
14.721971035003662,-0.25566378235816956,-1.9928710460662842,0.0,0.0,-0.0008261202601715922,-0.2053520828485489,0.0,0.0,-0.307970681837921,-0.28419870777692574,-0.058706432580947876,0.14635469019412994,0.0,0.0,0.0,0.0
14.724401712417603,-0.25566378235816956,-1.9928710460662842,0.0,0.0,-0.0008261202601715922,-0.2053520828485489,0.0,0.0,-0.30700237050958173,-0.28372413715201145,-0.06234605237841606,0.15339818596839905,0.0,0.0,0.0,0.0
14.727072715759277,-0.25566378235816956,-1.9928710460662842,0.0,0.0,-0.0008261202601715922,-0.2053520828485489,0.0,0.0,-0.3055738368568497,-0.28323037304189724,-0.05344829708337784,0.15013651549816132,0.0,0.0,0.0,0.0
14.728761196136475,-0.3091560900211334,-1.9806233644485474,0.0,0.0,-0.0010268366895616055,-0.2051323801279068,0.0,0.0,-0.3041453266108069,-0.28279414257400437,-0.04197559505701065,0.14784769713878632,0.0,0.0,0.0,0.0
14.730236291885376,-0.3091560900211334,-1.9806233644485474,0.0,0.0,-0.0010268366895616055,-0.2051323801279068,0.0,0.0,-0.3041453266108069,-0.28279414257400437,-0.04197559505701065,0.14784769713878632,0.0,0.0,0.0,0.0
14.731702089309692,-0.3091560900211334,-1.9806233644485474,0.0,0.0,-0.0010268366895616055,-0.2051323801279068,0.0,0.0,-0.3022470207044605,-0.28203674892266156,-0.028156796470284462,0.14186815917491913,0.0,0.0,0.0,0.0
14.733955144882202,-0.3091560900211334,-1.9806233644485474,0.0,0.0,-0.0010268366895616055,-0.2051323801279068,0.0,0.0,-0.30055963247511064,-0.28107801093023305,-0.02878669463098049,0.144988015294075,0.0,0.0,0.0,0.0
14.735798120498657,-0.3091560900211334,-1.9806233644485474,0.0,0.0,-0.0010268366895616055,-0.2051323801279068,0.0,0.0,-0.30055963247511064,-0.28107801093023305,-0.02878669463098049,0.144988015294075,0.0,0.0,0.0,0.0
14.737444877624512,-0.3091560900211334,-1.9806233644485474,0.0,0.0,-0.0010268366895616055,-0.2051323801279068,0.0,0.0,-0.2986805200539643,-0.28040209596423304,-0.01940253935754299,0.14241299033164978,0.0,0.0,0.0,0.0
14.739549398422241,-0.39496469497680664,-2.0736660957336426,0.0,0.0,-0.0012488191714510322,-0.20500145852565765,0.0,0.0,-0.29704586709553576,-0.2795200616925367,-0.0073575209826231,0.1354607194662094,0.0,0.0,0.0,0.0
14.74191427230835,-0.39496469497680664,-2.0736660957336426,0.0,0.0,-0.0012488191714510322,-0.20500145852565765,0.0,0.0,-0.2951859247529002,-0.2788825102902474,-0.007986861281096935,0.14352867007255554,0.0,0.0,0.0,0.0
14.743993043899536,-0.39496469497680664,-2.0736660957336426,0.0,0.0,-0.0012488191714510322,-0.20500145852565765,0.0,0.0,-0.2951859247529002,-0.2788825102902474,-0.007986861281096935,0.14352867007255554,0.0,0.0,0.0,0.0
14.74562954902649,-0.39496469497680664,-2.0736660957336426,0.0,0.0,-0.0012488191714510322,-0.20500145852565765,0.0,0.0,-0.2937717862140681,-0.2782689039310796,-0.0002334896707907319,0.14038148522377014,0.0,0.0,0.0,0.0
14.747110366821289,-0.39496469497680664,-2.0736660957336426,0.0,0.0,-0.0012488191714510322,-0.20500145852565765,0.0,0.0,-0.2937717862140681,-0.2782689039310796,-0.0002334896707907319,0.14038148522377014,0.0,0.0,0.0,0.0
14.748745203018188,-0.4586640000343323,-1.9312400817871094,0.0,0.0,-0.0014763621147722006,-0.20473231375217438,0.0,0.0,-0.2924582964390896,-0.2779237722978189,0.004229762125760317,0.14121127128601074,0.0,0.0,0.0,0.0
14.750240325927734,-0.4586640000343323,-1.9312400817871094,0.0,0.0,-0.0014763621147722006,-0.20473231375217438,0.0,0.0,-0.29146601666093963,-0.27771762958543317,0.009036337025463581,0.14026713371276855,0.0,0.0,0.0,0.0
14.751772165298462,-0.4586640000343323,-1.9312400817871094,0.0,0.0,-0.0014763621147722006,-0.20473231375217438,0.0,0.0,-0.29146601666093963,-0.27771762958543317,0.009036337025463581,0.14026713371276855,0.0,0.0,0.0,0.0
14.75470781326294,-0.4586640000343323,-1.9312400817871094,0.0,0.0,-0.0014763621147722006,-0.20473231375217438,0.0,0.0,-0.2905360454896218,-0.2773581028382725,-0.0021276886109262705,0.15014415979385376,0.0,0.0,0.0,0.0
14.757030487060547,-0.4586640000343323,-1.9312400817871094,0.0,0.0,-0.0014763621147722006,-0.20473231375217438,0.0,0.0,-0.29057918401794325,-0.2774204348517939,-0.004874270875006914,0.15217554569244385,0.0,0.0,0.0,0.0
14.760215520858765,-0.583149790763855,-1.5540144443511963,0.0,0.0,-0.0018603362841531634,-0.20422250032424927,0.0,0.0,-0.2905360454896218,-0.2774204348517939,-0.0054465606808662415,0.15217554569244385,0.0,0.0,0.0,0.0
14.762563943862915,-0.583149790763855,-1.5540144443511963,0.0,0.0,-0.0018603362841531634,-0.20422250032424927,0.0,0.0,-0.2905360454896218,-0.2774204348517939,-0.016209762543439865,0.16293874382972717,0.0,0.0,0.0,0.0
14.764580488204956,-0.583149790763855,-1.5540144443511963,0.0,0.0,-0.0018603362841531634,-0.20422250032424927,0.0,0.0,-0.2905360454896218,-0.2774204348517939,-0.016209762543439865,0.16293874382972717,0.0,0.0,0.0,0.0
14.766480684280396,-0.583149790763855,-1.5540144443511963,0.0,0.0,-0.0018603362841531634,-0.20422250032424927,0.0,0.0,-0.2908716037869718,-0.2774204348517939,-0.016209762543439865,0.16293874382972717,0.0,0.0,0.0,0.0
14.7685227394104,-0.7019951939582825,-1.2549848556518555,0.0,0.0,-0.002260672627016902,-0.20368388295173645,0.0,0.0,-0.29128864076966465,-0.2774204348517939,-0.024020357057452202,0.16293874382972717,0.0,0.0,0.0,0.0
14.770813465118408,-0.7019951939582825,-1.2549848556518555,0.0,0.0,-0.002260672627016902,-0.20368388295173645,0.0,0.0,-0.29172487123755747,-0.2774204348517939,-0.02650936134159565,0.16293874382972717,0.0,0.0,0.0,0.0
14.773307800292969,-0.7019951939582825,-1.2549848556518555,0.0,0.0,-0.002260672627016902,-0.20368388295173645,0.0,0.0,-0.29202686434249675,-0.2773053675673511,-0.03915276378393173,0.17214885354042053,0.0,0.0,0.0,0.0
14.775623083114624,-0.7019951939582825,-1.2549848556518555,0.0,0.0,-0.002260672627016902,-0.20368388295173645,0.0,0.0,-0.2923001140330146,-0.276567143994519,-0.039925213903188705,0.16273602843284607,0.0,0.0,0.0,0.0
14.778206825256348,-0.75798100233078,-1.3545420169830322,0.0,0.0,-0.0024784107226878405,-0.20348091423511505,0.0,0.0,-0.29234325256133603,-0.27546939367452616,-0.03849467262625694,0.15526869893074036,0.0,0.0,0.0,0.0
14.779848337173462,-0.75798100233078,-1.3545420169830322,0.0,0.0,-0.0024784107226878405,-0.20348091423511505,0.0,0.0,-0.29234325256133603,-0.27546939367452616,-0.03849467262625694,0.15526869893074036,0.0,0.0,0.0,0.0
14.781346797943115,-0.75798100233078,-1.3545420169830322,0.0,0.0,-0.0024784107226878405,-0.20348091423511505,0.0,0.0,-0.29230491240431455,-0.2741271604851262,-0.03746473416686058,0.1431380808353424,0.0,0.0,0.0,0.0
14.783175468444824,-0.75798100233078,-1.3545420169830322,0.0,0.0,-0.0024784107226878405,-0.20348091423511505,0.0,0.0,-0.29230491240431455,-0.27272261868889414,-0.04822514206171036,0.1464032381772995,0.0,0.0,0.0,0.0
14.784716844558716,-0.75798100233078,-1.3545420169830322,0.0,0.0,-0.0024784107226878405,-0.20348091423511505,0.0,0.0,-0.29230491240431455,-0.27272261868889414,-0.04822514206171036,0.1464032381772995,0.0,0.0,0.0,0.0
14.786132574081421,-0.75798100233078,-1.3545420169830322,0.0,0.0,-0.0024784107226878405,-0.20348091423511505,0.0,0.0,-0.29230491240431455,-0.27053189301351926,-0.04822514206171036,0.13118262588977814,0.0,0.0,0.0,0.0
14.787666082382202,-0.75798100233078,-1.3545420169830322,0.0,0.0,-0.0024784107226878405,-0.20348091423511505,0.0,0.0,-0.29230491240431455,-0.27053189301351926,-0.04822514206171036,0.13118262588977814,0.0,0.0,0.0,0.0
14.789721488952637,-0.7408630847930908,-1.600284218788147,0.0,0.0,-0.0025010262615978718,-0.20345370471477509,0.0,0.0,-0.29175363805866816,-0.26873425927771577,-0.04290363937616348,0.11547553539276123,0.0,0.0,0.0,0.0
14.791258573532104,-0.7408630847930908,-1.600284218788147,0.0,0.0,-0.0025010262615978718,-0.20345370471477509,0.0,0.0,-0.2912790674337539,-0.26669214267250513,-0.037811048328876495,0.10428903996944427,0.0,0.0,0.0,0.0
14.792727947235107,-0.7408630847930908,-1.600284218788147,0.0,0.0,-0.0025010262615978718,-0.20345370471477509,0.0,0.0,-0.2912790674337539,-0.26669214267250513,-0.037811048328876495,0.10428903996944427,0.0,0.0,0.0,0.0
14.794179677963257,-0.7408630847930908,-1.600284218788147,0.0,0.0,-0.0025010262615978718,-0.20345370471477509,0.0,0.0,-0.2908907738654825,-0.26508625653518736,-0.04594749957323074,0.10347137600183487,0.0,0.0,0.0,0.0
14.795632123947144,-0.7408630847930908,-1.600284218788147,0.0,0.0,-0.0025010262615978718,-0.20345370471477509,0.0,0.0,-0.29090034720139324,-0.26342763512694817,-0.048493895679712296,0.09806405007839203,0.0,0.0,0.0,0.0
14.797169923782349,-0.7408630847930908,-1.600284218788147,0.0,0.0,-0.0025010262615978718,-0.20345370471477509,0.0,0.0,-0.29090034720139324,-0.26342763512694817,-0.048493895679712296,0.09806405007839203,0.0,0.0,0.0,0.0
14.799201488494873,-0.6751585006713867,-1.8902467489242554,0.0,0.0,-0.002338533056899905,-0.20353218913078308,0.0,0.0,-0.2906366942534754,-0.2619320179027732,-0.047406621277332306,0.08888008445501328,0.0,0.0,0.0,0.0
14.800675630569458,-0.6751585006713867,-1.8902467489242554,0.0,0.0,-0.002338533056899905,-0.20353218913078308,0.0,0.0,-0.2906366942534754,-0.2619320179027732,-0.047406621277332306,0.08888008445501328,0.0,0.0,0.0,0.0
14.802107810974121,-0.6751585006713867,-1.8902467489242554,0.0,0.0,-0.002338533056899905,-0.20353218913078308,0.0,0.0,-0.29056001393943254,-0.26087260773980187,-0.047749944031238556,0.08682014793157578,0.0,0.0,0.0,0.0
14.804125308990479,-0.6751585006713867,-1.8902467489242554,0.0,0.0,-0.002338533056899905,-0.20353218913078308,0.0,0.0,-0.29150915518926107,-0.26043157890060903,-0.06794901937246323,0.09957902878522873,0.0,0.0,0.0,0.0
14.805646419525146,-0.6751585006713867,-1.8902467489242554,0.0,0.0,-0.002338533056899905,-0.20353218913078308,0.0,0.0,-0.29150915518926107,-0.26043157890060903,-0.06794901937246323,0.09957902878522873,0.0,0.0,0.0,0.0
14.808742761611938,-0.498729944229126,-1.7443102598190308,0.0,0.0,-0.0018417324172332883,-0.2032977193593979,0.0,0.0,-0.29315338148360026,-0.2599186681186733,-0.08125275373458862,0.10066615045070648,0.0,0.0,0.0,0.0
14.810381650924683,-0.498729944229126,-1.7443102598190308,0.0,0.0,-0.0018417324172332883,-0.2032977193593979,0.0,0.0,-0.29315338148360026,-0.2599186681186733,-0.08125275373458862,0.10066615045070648,0.0,0.0,0.0,0.0
14.811890125274658,-0.498729944229126,-1.7443102598190308,0.0,0.0,-0.0018417324172332883,-0.2032977193593979,0.0,0.0,-0.29412171621862876,-0.25993303982588406,-0.09987708181142807,0.10158167779445648,0.0,0.0,0.0,0.0
14.813589334487915,-0.498729944229126,-1.7443102598190308,0.0,0.0,-0.0018417324172332883,-0.2032977193593979,0.0,0.0,-0.29412171621862876,-0.25993303982588406,-0.09987708181142807,0.10158167779445648,0.0,0.0,0.0,0.0
14.815787553787231,-0.498729944229126,-1.7443102598190308,0.0,0.0,-0.0018417324172332883,-0.2032977193593979,0.0,0.0,-0.29483117297035016,-0.25993303982588406,-0.10222316533327103,0.11253710836172104,0.0,0.0,0.0,0.0
14.817388772964478,-0.498729944229126,-1.7443102598190308,0.0,0.0,-0.0018417324172332883,-0.2032977193593979,0.0,0.0,-0.2952338616525216,-0.25993303982588406,-0.09996296465396881,0.11253710836172104,0.0,0.0,0.0,0.0
14.818928718566895,-0.29163089394569397,-1.3418893814086914,0.0,0.0,-0.0012061973102390766,-0.2027990221977234,0.0,0.0,-0.2952338616525216,-0.25993303982588406,-0.09996296465396881,0.11253710836172104,0.0,0.0,0.0,0.0
14.820514678955078,-0.29163089394569397,-1.3418893814086914,0.0,0.0,-0.0012061973102390766,-0.2027990221977234,0.0,0.0,-0.2954208108797073,-0.25993303982588406,-0.10099288076162338,0.11253710836172104,0.0,0.0,0.0,0.0
14.822585344314575,-0.29163089394569397,-1.3418893814086914,0.0,0.0,-0.0012061973102390766,-0.2027990221977234,0.0,0.0,-0.2953728739800859,-0.25993303982588406,-0.11102412641048431,0.12320071458816528,0.0,0.0,0.0,0.0
14.82412600517273,-0.29163089394569397,-1.3418893814086914,0.0,0.0,-0.0012061973102390766,-0.2027990221977234,0.0,0.0,-0.2953728739800859,-0.25993303982588406,-0.11102412641048431,0.12320071458816528,0.0,0.0,0.0,0.0
14.825608730316162,-0.29163089394569397,-1.3418893814086914,0.0,0.0,-0.0012061973102390766,-0.2027990221977234,0.0,0.0,-0.2953728739800859,-0.25993303982588406,-0.10970808565616608,0.12320071458816528,0.0,0.0,0.0,0.0
14.827205896377563,-0.29163089394569397,-1.3418893814086914,0.0,0.0,-0.0012061973102390766,-0.2027990221977234,0.0,0.0,-0.29449083970838946,-0.25993303982588406,-0.09975168853998184,0.12320071458816528,0.0,0.0,0.0,0.0
14.828700542449951,-0.1611260324716568,-1.506459355354309,0.0,0.0,-0.0006707364809699357,-0.20257709920406342,0.0,0.0,-0.29449083970838946,-0.25993303982588406,-0.09975168853998184,0.12320071458816528,0.0,0.0,0.0,0.0
14.830144166946411,-0.1611260324716568,-1.506459355354309,0.0,0.0,-0.0006707364809699357,-0.20257709920406342,0.0,0.0,-0.2934793664450395,-0.25993303982588406,-0.09145475924015045,0.12320071458816528,0.0,0.0,0.0,0.0
14.83168911933899,-0.1611260324716568,-1.506459355354309,0.0,0.0,-0.0006707364809699357,-0.20257709920406342,0.0,0.0,-0.2934793664450395,-0.25993303982588406,-0.09145475924015045,0.12320071458816528,0.0,0.0,0.0,0.0
14.833328485488892,-0.1611260324716568,-1.506459355354309,0.0,0.0,-0.0006707364809699357,-0.20257709920406342,0.0,0.0,-0.29220424023377173,-0.25937696710893765,-0.09301697462797165,0.12742234766483307,0.0,0.0,0.0,0.0
14.834894180297852,-0.1611260324716568,-1.506459355354309,0.0,0.0,-0.0006707364809699357,-0.20257709920406342,0.0,0.0,-0.29220424023377173,-0.25937696710893765,-0.09301697462797165,0.12742234766483307,0.0,0.0,0.0,0.0
14.836554765701294,-0.1611260324716568,-1.506459355354309,0.0,0.0,-0.0006707364809699357,-0.20257709920406342,0.0,0.0,-0.2910777230926682,-0.2591229109036198,-0.08431954681873322,0.12662126123905182,0.0,0.0,0.0,0.0
14.838042974472046,-0.05357984080910683,-1.9312963485717773,0.0,0.0,-0.0002840389497578144,-0.20273496210575104,0.0,0.0,-0.29000394122248613,-0.2589551317549448,-0.08094348013401031,0.12639237940311432,0.0,0.0,0.0,0.0
14.839567422866821,-0.05357984080910683,-1.9312963485717773,0.0,0.0,-0.0002840389497578144,-0.20273496210575104,0.0,0.0,-0.29000394122248613,-0.2589551317549448,-0.08094348013401031,0.12639237940311432,0.0,0.0,0.0,0.0
14.841999530792236,-0.05357984080910683,-1.9312963485717773,0.0,0.0,-0.0002840389497578144,-0.20273496210575104,0.0,0.0,-0.2890068396663469,-0.2590126653971662,-0.07333318889141083,0.12710770964622498,0.0,0.0,0.0,0.0
14.844099044799805,-0.05357984080910683,-1.9312963485717773,0.0,0.0,-0.0002840389497578144,-0.20273496210575104,0.0,0.0,-0.2879666229885755,-0.2590126653971662,-0.07815138250589371,0.1391921192407608,0.0,0.0,0.0,0.0
14.845797538757324,-0.05357984080910683,-1.9312963485717773,0.0,0.0,-0.0002840389497578144,-0.20273496210575104,0.0,0.0,-0.2870653952316791,-0.2590126653971662,-0.07414598762989044,0.1391921192407608,0.0,0.0,0.0,0.0
14.847515344619751,-0.05357984080910683,-1.9312963485717773,0.0,0.0,-0.0002840389497578144,-0.20273496210575104,0.0,0.0,-0.2870653952316791,-0.2590126653971662,-0.07414598762989044,0.1391921192407608,0.0,0.0,0.0,0.0
14.849177837371826,-0.062433093786239624,-2.10624623298645,0.0,0.0,-0.00022916353191249073,-0.20276513695716858,0.0,0.0,-0.2859724432829863,-0.25927151997378406,-0.06596340239048004,0.14056530594825745,0.0,0.0,0.0,0.0
14.850740909576416,-0.062433093786239624,-2.10624623298645,0.0,0.0,-0.00022916353191249073,-0.20276513695716858,0.0,0.0,-0.28493220319852564,-0.2594824376507805,-0.05975506454706192,0.1449427753686905,0.0,0.0,0.0,0.0
14.852238178253174,-0.062433093786239624,-2.10624623298645,0.0,0.0,-0.00022916353191249073,-0.20276513695716858,0.0,0.0,-0.28493220319852564,-0.2594824376507805,-0.05975506454706192,0.1449427753686905,0.0,0.0,0.0,0.0
14.854774951934814,-0.062433093786239624,-2.10624623298645,0.0,0.0,-0.00022916353191249073,-0.20276513695716858,0.0,0.0,-0.28369544055096857,-0.2595399712930019,-0.06267886608839035,0.15396267175674438,0.0,0.0,0.0,0.0
14.856917381286621,-0.062433093786239624,-2.10624623298645,0.0,0.0,-0.00022916353191249073,-0.20276513695716858,0.0,0.0,-0.2824778479819222,-0.2594776392794805,-0.054238904267549515,0.1527610421180725,0.0,0.0,0.0,0.0
14.858460903167725,-0.2143670916557312,-1.8971917629241943,0.0,0.0,-0.0005816383636556566,-0.20248067378997803,0.0,0.0,-0.28078566138127226,-0.2594776392794805,-0.039390161633491516,0.1527610421180725,0.0,0.0,0.0,0.0
14.859997510910034,-0.2143670916557312,-1.8971917629241943,0.0,0.0,-0.0005816383636556566,-0.20248067378997803,0.0,0.0,-0.28078566138127226,-0.2594776392794805,-0.039390161633491516,0.1527610421180725,0.0,0.0,0.0,0.0
14.861469268798828,-0.2143670916557312,-1.8971917629241943,0.0,0.0,-0.0005816383636556566,-0.20248067378997803,0.0,0.0,-0.2788298452393938,-0.2594776392794805,-0.030091840773820877,0.1527610421180725,0.0,0.0,0.0,0.0
14.862930297851562,-0.2143670916557312,-1.8971917629241943,0.0,0.0,-0.0005816383636556566,-0.20248067378997803,0.0,0.0,-0.2788298452393938,-0.2594776392794805,-0.030091840773820877,0.1527610421180725,0.0,0.0,0.0,0.0
14.864966630935669,-0.2143670916557312,-1.8971917629241943,0.0,0.0,-0.0005816383636556566,-0.20248067378997803,0.0,0.0,-0.2768740290975153,-0.25910374082510906,-0.027914419770240784,0.15876556932926178,0.0,0.0,0.0,0.0
14.86686086654663,-0.2143670916557312,-1.8971917629241943,0.0,0.0,-0.0005816383636556566,-0.20248067378997803,0.0,0.0,-0.2747504104002726,-0.25863394516480553,-0.013122845441102982,0.15533225238323212,0.0,0.0,0.0,0.0
14.868854999542236,-0.3102809488773346,-1.954641580581665,0.0,0.0,-0.0008846985292620957,-0.202300563454628,0.0,0.0,-0.2726795503806405,-0.25867230872851626,-0.0031664841808378696,0.15793578326702118,0.0,0.0,0.0,0.0
14.870748281478882,-0.3102809488773346,-1.954641580581665,0.0,0.0,-0.0008846985292620957,-0.202300563454628,0.0,0.0,-0.2726795503806405,-0.25867230872851626,-0.0031664841808378696,0.15793578326702118,0.0,0.0,0.0,0.0
14.872557640075684,-0.3102809488773346,-1.954641580581665,0.0,0.0,-0.0008846985292620957,-0.202300563454628,0.0,0.0,-0.27114077122145486,-0.25870585051423767,-0.004905758425593376,0.16980157792568207,0.0,0.0,0.0,0.0
14.874381303787231,-0.3102809488773346,-1.954641580581665,0.0,0.0,-0.0008846985292620957,-0.202300563454628,0.0,0.0,-0.2698560482675871,-0.2585620398153734,0.001989391166716814,0.16811366379261017,0.0,0.0,0.0,0.0
14.876751899719238,-0.3102809488773346,-1.954641580581665,0.0,0.0,-0.0008846985292620957,-0.202300563454628,0.0,0.0,-0.26847547492116575,-0.2584565926802198,0.009799984283745289,0.16748417913913727,0.0,0.0,0.0,0.0
14.878700256347656,-0.4648866653442383,-1.9472362995147705,0.0,0.0,-0.0013686477905139327,-0.20208987593650818,0.0,0.0,-0.26847547492116575,-0.2584565926802198,0.009799984283745289,0.16748417913913727,0.0,0.0,0.0,0.0
14.880517721176147,-0.4648866653442383,-1.9472362995147705,0.0,0.0,-0.0013686477905139327,-0.20208987593650818,0.0,0.0,-0.2672387122736086,-0.25835112213837697,0.01423459779471159,0.16691197454929352,0.0,0.0,0.0,0.0
14.882882833480835,-0.4648866653442383,-1.9472362995147705,0.0,0.0,-0.0013686477905139327,-0.20208987593650818,0.0,0.0,-0.26667304281406223,-0.2583990590379984,0.005393533036112785,0.17867256700992584,0.0,0.0,0.0,0.0
14.884854078292847,-0.4648866653442383,-1.9472362995147705,0.0,0.0,-0.0013686477905139327,-0.20208987593650818,0.0,0.0,-0.2660498631189837,-0.25905100555418764,0.006938569247722626,0.1865690052509308,0.0,0.0,0.0,0.0
14.886908292770386,-0.4648866653442383,-1.9472362995147705,0.0,0.0,-0.0013686477905139327,-0.20208987593650818,0.0,0.0,-0.2658964790842087,-0.2594776392794805,0.003991715610027313,0.1888863891363144,0.0,0.0,0.0,0.0
14.888439893722534,-0.6654943823814392,-1.675217866897583,0.0,0.0,-0.0020097815431654453,-0.20168158411979675,0.0,0.0,-0.2658964790842087,-0.2594776392794805,0.003991715610027313,0.1888863891363144,0.0,0.0,0.0,0.0
14.88985800743103,-0.6654943823814392,-1.675217866897583,0.0,0.0,-0.0020097815431654453,-0.20168158411979675,0.0,0.0,-0.2657095064503337,-0.25992824145458404,0.004363648593425751,0.18977339565753937,0.0,0.0,0.0,0.0
14.891233444213867,-0.6654943823814392,-1.675217866897583,0.0,0.0,-0.0020097815431654453,-0.20168158411979675,0.0,0.0,-0.2657095064503337,-0.25992824145458404,0.004363648593425751,0.18977339565753937,0.0,0.0,0.0,0.0
14.892596006393433,-0.6654943823814392,-1.675217866897583,0.0,0.0,-0.0020097815431654453,-0.20168158411979675,0.0,0.0,-0.265685538000523,-0.26009602060325904,-0.007182926870882511,0.20263442397117615,0.0,0.0,0.0,0.0
14.893995523452759,-0.6654943823814392,-1.675217866897583,0.0,0.0,-0.0020097815431654453,-0.20168158411979675,0.0,0.0,-0.265685538000523,-0.26009602060325904,-0.007182926870882511,0.20263442397117615,0.0,0.0,0.0,0.0
14.895782232284546,-0.6654943823814392,-1.675217866897583,0.0,0.0,-0.0020097815431654453,-0.20168158411979675,0.0,0.0,-0.265685538000523,-0.26016315098808046,-0.008041178807616234,0.2009178102016449,0.0,0.0,0.0,0.0
14.897415161132812,-0.6654943823814392,-1.675217866897583,0.0,0.0,-0.0020097815431654453,-0.20168158411979675,0.0,0.0,-0.265685538000523,-0.2600912456386483,-0.008041178807616234,0.19965903460979462,0.0,0.0,0.0,0.0
14.89881443977356,-0.8648391962051392,-1.4864013195037842,0.0,0.0,-0.0026573180221021175,-0.20125463604927063,0.0,0.0,-0.265685538000523,-0.2600912456386483,-0.008041178807616234,0.19965903460979462,0.0,0.0,0.0,0.0
14.90022325515747,-0.8648391962051392,-1.4864013195037842,0.0,0.0,-0.0026573180221021175,-0.20125463604927063,0.0,0.0,-0.265685538000523,-0.2600912456386483,-0.008041178807616234,0.19965903460979462,0.0,0.0,0.0,0.0
14.90157437324524,-0.8648391962051392,-1.4864013195037842,0.0,0.0,-0.0026573180221021175,-0.20125463604927063,0.0,0.0,-0.265685538000523,-0.2600912456386483,-0.008041178807616234,0.19965903460979462,0.0,0.0,0.0,0.0
14.90294861793518,-0.8648391962051392,-1.4864013195037842,0.0,0.0,-0.0026573180221021175,-0.20125463604927063,0.0,0.0,-0.265685538000523,-0.25978922912701974,-0.018841400742530823,0.20625506341457367,0.0,0.0,0.0,0.0
14.904914855957031,-0.8648391962051392,-1.4864013195037842,0.0,0.0,-0.0026573180221021175,-0.20125463604927063,0.0,0.0,-0.26635187963061224,-0.2588400878771912,-0.024706611409783363,0.1971856653690338,0.0,0.0,0.0,0.0
14.906386613845825,-0.8648391962051392,-1.4864013195037842,0.0,0.0,-0.0026573180221021175,-0.20125463604927063,0.0,0.0,-0.26635187963061224,-0.2588400878771912,-0.024706611409783363,0.1971856653690338,0.0,0.0,0.0,0.0
14.908307790756226,-0.9870551824569702,-1.6050289869308472,0.0,0.0,-0.003086669137701392,-0.20106451213359833,0.0,0.0,-0.2665484021937087,-0.2583750905881877,-0.026966791599988937,0.19652754068374634,0.0,0.0,0.0,0.0
14.909940719604492,-0.9870551824569702,-1.6050289869308472,0.0,0.0,-0.003086669137701392,-0.20106451213359833,0.0,0.0,-0.2667305764562837,-0.2574930563164913,-0.026680605486035347,0.18831640481948853,0.0,0.0,0.0,0.0
14.911491394042969,-0.9870551824569702,-1.6050289869308472,0.0,0.0,-0.003086669137701392,-0.20106451213359833,0.0,0.0,-0.2667305764562837,-0.2574930563164913,-0.026680605486035347,0.18831640481948853,0.0,0.0,0.0,0.0
14.912982702255249,-0.9870551824569702,-1.6050289869308472,0.0,0.0,-0.003086669137701392,-0.20106451213359833,0.0,0.0,-0.2670373679325229,-0.2565918519662842,-0.04011869430541992,0.19291308522224426,0.0,0.0,0.0,0.0
14.914532661437988,-0.9870551824569702,-1.6050289869308472,0.0,0.0,-0.003086669137701392,-0.20106451213359833,0.0,0.0,-0.2670373679325229,-0.2565918519662842,-0.04011869430541992,0.19291308522224426,0.0,0.0,0.0,0.0
14.916538000106812,-0.9870551824569702,-1.6050289869308472,0.0,0.0,-0.003086669137701392,-0.20106451213359833,0.0,0.0,-0.2674879701076265,-0.25541259955425927,-0.0437236949801445,0.18530279397964478,0.0,0.0,0.0,0.0
14.918760776519775,-1.0020380020141602,-1.8762562274932861,0.0,0.0,-0.003228978253901005,-0.20110006630420685,0.0,0.0,-0.2675886422781693,-0.25397449256561644,-0.04260789602994919,0.1752605438232422,0.0,0.0,0.0,0.0
14.920439958572388,-1.0020380020141602,-1.8762562274932861,0.0,0.0,-0.003228978253901005,-0.20110006630420685,0.0,0.0,-0.267789986619255,-0.2524405117777308,-0.04386672005057335,0.1644459068775177,0.0,0.0,0.0,0.0
14.921945810317993,-1.0020380020141602,-1.8762562274932861,0.0,0.0,-0.003228978253901005,-0.20110006630420685,0.0,0.0,-0.267789986619255,-0.2524405117777308,-0.04386672005057335,0.1644459068775177,0.0,0.0,0.0,0.0
14.923395872116089,-1.0020380020141602,-1.8762562274932861,0.0,0.0,-0.003228978253901005,-0.20110006630420685,0.0,0.0,-0.2677564214268443,-0.2509496695181666,-0.054185740649700165,0.16481007635593414,0.0,0.0,0.0,0.0
14.924988269805908,-1.0020380020141602,-1.8762562274932861,0.0,0.0,-0.003228978253901005,-0.20110006630420685,0.0,0.0,-0.2677564214268443,-0.2509496695181666,-0.054185740649700165,0.16481007635593414,0.0,0.0,0.0,0.0
14.926801204681396,-1.0020380020141602,-1.8762562274932861,0.0,0.0,-0.003228978253901005,-0.20110006630420685,0.0,0.0,-0.2677612197981443,-0.24891235128425598,-0.05292696878314018,0.1475008875131607,0.0,0.0,0.0,0.0
14.929710626602173,-0.8878129124641418,-1.987936019897461,0.0,0.0,-0.0030352124013006687,-0.2010703682899475,0.0,0.0,-0.2677612197981443,-0.24690859824275607,-0.05292696878314018,0.13654321432113647,0.0,0.0,0.0,0.0
14.932254314422607,-0.8878129124641418,-1.987936019897461,0.0,0.0,-0.0030352124013006687,-0.2010703682899475,0.0,0.0,-0.26741606475819435,-0.24439668597724193,-0.048377860337495804,0.11989197880029678,0.0,0.0,0.0,0.0
14.934030294418335,-0.8878129124641418,-1.987936019897461,0.0,0.0,-0.0030352124013006687,-0.2010703682899475,0.0,0.0,-0.26685521707663723,-0.24172181634104206,-0.0550721250474453,0.11030581593513489,0.0,0.0,0.0,0.0
14.936203002929688,-0.8878129124641418,-1.987936019897461,0.0,0.0,-0.0030352124013006687,-0.2010703682899475,0.0,0.0,-0.26667304281406223,-0.2394112484166136,-0.05452850088477135,0.09906195104122162,0.0,0.0,0.0,0.0
14.937988996505737,-0.8878129124641418,-1.987936019897461,0.0,0.0,-0.0030352124013006687,-0.2010703682899475,0.0,0.0,-0.26667304281406223,-0.2394112484166136,-0.05452850088477135,0.09906195104122162,0.0,0.0,0.0,0.0
14.940637588500977,-0.78871750831604,-2.0913474559783936,0.0,0.0,-0.0027390604373067617,-0.20098794996738434,0.0,0.0,-0.2664860935868765,-0.23720615103402798,-0.05452858656644821,0.0895347148180008,0.0,0.0,0.0,0.0
14.94216513633728,-0.78871750831604,-2.0913474559783936,0.0,0.0,-0.0027390604373067617,-0.20098794996738434,0.0,0.0,-0.26635665459522295,-0.2354516792332352,-0.05458580702543259,0.08155246078968048,0.0,0.0,0.0,0.0
14.943660259246826,-0.78871750831604,-2.0913474559783936,0.0,0.0,-0.0027390604373067617,-0.20098794996738434,0.0,0.0,-0.26635665459522295,-0.2354516792332352,-0.05458580702543259,0.08155246078968048,0.0,0.0,0.0,0.0
14.945128679275513,-0.78871750831604,-2.0913474559783936,0.0,0.0,-0.0027390604373067617,-0.20098794996738434,0.0,0.0,-0.26645732676576583,-0.2342005214717781,-0.06592660397291183,0.08908932656049728,0.0,0.0,0.0,0.0
14.947001934051514,-0.78871750831604,-2.0913474559783936,0.0,0.0,-0.0027390604373067617,-0.20098794996738434,0.0,0.0,-0.26709490157474436,-0.23318904820842817,-0.07482441514730453,0.08288092911243439,0.0,0.0,0.0,0.0
14.94855809211731,-0.5717144012451172,-1.97042715549469,0.0,0.0,-0.002096907002851367,-0.2007228583097458,0.0,0.0,-0.26709490157474436,-0.23318904820842817,-0.07482441514730453,0.08288092911243439,0.0,0.0,0.0,0.0
14.950061559677124,-0.5717144012451172,-1.97042715549469,0.0,0.0,-0.002096907002851367,-0.2007228583097458,0.0,0.0,-0.2680104776321622,-0.23270967921221392,-0.0827779695391655,0.08565612137317657,0.0,0.0,0.0,0.0
14.951871633529663,-0.5717144012451172,-1.97042715549469,0.0,0.0,-0.002096907002851367,-0.2007228583097458,0.0,0.0,-0.26837000437932285,-0.2322974171941318,-0.09294092655181885,0.09401673823595047,0.0,0.0,0.0,0.0
14.953375101089478,-0.5717144012451172,-1.97042715549469,0.0,0.0,-0.002096907002851367,-0.2007228583097458,0.0,0.0,-0.26837000437932285,-0.2322974171941318,-0.09294092655181885,0.09401673823595047,0.0,0.0,0.0,0.0
14.954854249954224,-0.5717144012451172,-1.97042715549469,0.0,0.0,-0.002096907002851367,-0.2007228583097458,0.0,0.0,-0.2690890578736443,-0.23198102897529252,-0.09937825053930283,0.09418831020593643,0.0,0.0,0.0,0.0
14.956335306167603,-0.5717144012451172,-1.97042715549469,0.0,0.0,-0.002096907002851367,-0.2007228583097458,0.0,0.0,-0.2690890578736443,-0.23198102897529252,-0.09937825053930283,0.09418831020593643,0.0,0.0,0.0,0.0
14.958535432815552,-0.2853115200996399,-1.4922494888305664,0.0,0.0,-0.0012577044544741511,-0.2001689374446869,0.0,0.0,-0.26943421291359426,-0.23186118672623895,-0.09720393270254135,0.09438858181238174,0.0,0.0,0.0,0.0
14.960273027420044,-0.2853115200996399,-1.4922494888305664,0.0,0.0,-0.0012577044544741511,-0.2001689374446869,0.0,0.0,-0.2696403322192907,-0.23165026904924255,-0.09811943024396896,0.09318704158067703,0.0,0.0,0.0,0.0
14.961822509765625,-0.2853115200996399,-1.4922494888305664,0.0,0.0,-0.0012577044544741511,-0.2001689374446869,0.0,0.0,-0.2696403322192907,-0.23165026904924255,-0.09811943024396896,0.09318704158067703,0.0,0.0,0.0,0.0
14.963976621627808,-0.2853115200996399,-1.4922494888305664,0.0,0.0,-0.0012577044544741511,-0.2001689374446869,0.0,0.0,-0.26960199206226926,-0.23170780269146396,-0.10841875523328781,0.10465943068265915,0.0,0.0,0.0,0.0
14.966622591018677,-0.2853115200996399,-1.4922494888305664,0.0,0.0,-0.0012577044544741511,-0.2001689374446869,0.0,0.0,-0.26960199206226926,-0.2316119288922211,-0.10713134706020355,0.10457352548837662,0.0,0.0,0.0,0.0
14.969610214233398,-0.11978162825107574,-1.401284098625183,0.0,0.0,-0.0005436045466922224,-0.19973401725292206,0.0,0.0,-0.2688829385679478,-0.23120926361673896,-0.09803325682878494,0.09979559481143951,0.0,0.0,0.0,0.0
14.971872568130493,-0.11978162825107574,-1.401284098625183,0.0,0.0,-0.0005436045466922224,-0.19973401725292206,0.0,0.0,-0.2680728096456836,-0.2310558561752747,-0.09288348257541656,0.10042509436607361,0.0,0.0,0.0,0.0
14.973806381225586,-0.11978162825107574,-1.401284098625183,0.0,0.0,-0.0005436045466922224,-0.19973401725292206,0.0,0.0,-0.26731061762304076,-0.23109419633229614,-0.09756426513195038,0.11179857701063156,0.0,0.0,0.0,0.0
14.975205421447754,-0.11978162825107574,-1.401284098625183,0.0,0.0,-0.0005436045466922224,-0.19973401725292206,0.0,0.0,-0.2663470812593122,-0.23109419633229614,-0.09124143421649933,0.11305735260248184,0.0,0.0,0.0,0.0
14.976601839065552,-0.11978162825107574,-1.401284098625183,0.0,0.0,-0.0005436045466922224,-0.19973401725292206,0.0,0.0,-0.2663470812593122,-0.23109419633229614,-0.09124143421649933,0.11305735260248184,0.0,0.0,0.0,0.0
14.978123664855957,0.025463230907917023,-1.7500959634780884,0.0,0.0,-5.912121923756786e-05,-0.19975753128528595,0.0,0.0,-0.2654890154374266,-0.23093601392622112,-0.08586262911558151,0.11128351092338562,0.0,0.0,0.0,0.0
14.979799509048462,0.025463230907917023,-1.7500959634780884,0.0,0.0,-5.912121923756786e-05,-0.19975753128528595,0.0,0.0,-0.26468845985107303,-0.23084493849827828,-0.08128499239683151,0.11073994636535645,0.0,0.0,0.0,0.0
14.981303453445435,0.025463230907917023,-1.7500959634780884,0.0,0.0,-5.912121923756786e-05,-0.19975753128528595,0.0,0.0,-0.26468845985107303,-0.23084493849827828,-0.08128499239683151,0.11073994636535645,0.0,0.0,0.0,0.0
14.982641220092773,0.025463230907917023,-1.7500959634780884,0.0,0.0,-5.912121923756786e-05,-0.19975753128528595,0.0,0.0,-0.26374409356585526,-0.23115172997451755,-0.08571641892194748,0.12584368884563446,0.0,0.0,0.0,0.0
14.984006881713867,0.025463230907917023,-1.7500959634780884,0.0,0.0,-5.912121923756786e-05,-0.19975753128528595,0.0,0.0,-0.26374409356585526,-0.23115172997451755,-0.08571641892194748,0.12584368884563446,0.0,0.0,0.0,0.0
14.985818147659302,0.025463230907917023,-1.7500959634780884,0.0,0.0,-5.912121923756786e-05,-0.19975753128528595,0.0,0.0,-0.26296273146470167,-0.2314441497435461,-0.08079539984464645,0.1284758299589157,0.0,0.0,0.0,0.0
14.987216234207153,0.025463230907917023,-1.7500959634780884,0.0,0.0,-5.912121923756786e-05,-0.19975753128528595,0.0,0.0,-0.26214300579983746,-0.23189475191864967,-0.07787712663412094,0.13345400989055634,0.0,0.0,0.0,0.0
14.988553047180176,0.0130818672478199,-1.9140496253967285,0.0,0.0,2.898787170124706e-05,-0.19976551830768585,0.0,0.0,-0.26214300579983746,-0.23189475191864967,-0.07787712663412094,0.13345400989055634,0.0,0.0,0.0,0.0
14.989917039871216,0.0130818672478199,-1.9140496253967285,0.0,0.0,2.898787170124706e-05,-0.19976551830768585,0.0,0.0,-0.26120343788591965,-0.2323405557224532,-0.07029539346694946,0.13311061263084412,0.0,0.0,0.0,0.0
14.991294860839844,0.0130818672478199,-1.9140496253967285,0.0,0.0,2.898787170124706e-05,-0.19976551830768585,0.0,0.0,-0.26120343788591965,-0.2323405557224532,-0.07029539346694946,0.13311061263084412,0.0,0.0,0.0,0.0
14.992663860321045,0.0130818672478199,-1.9140496253967285,0.0,0.0,2.898787170124706e-05,-0.19976551830768585,0.0,0.0,-0.26010568756592684,-0.23258503859186033,-0.07405444979667664,0.14490902423858643,0.0,0.0,0.0,0.0
14.994044542312622,0.0130818672478199,-1.9140496253967285,0.0,0.0,2.898787170124706e-05,-0.19976551830768585,0.0,0.0,-0.26010568756592684,-0.23258503859186033,-0.07405444979667664,0.14490902423858643,0.0,0.0,0.0,0.0
14.99545168876648,0.0130818672478199,-1.9140496253967285,0.0,0.0,2.898787170124706e-05,-0.19976551830768585,0.0,0.0,-0.2587874228263376,-0.23299730060994248,-0.06424103677272797,0.14942942559719086,0.0,0.0,0.0,0.0
14.99687910079956,0.0130818672478199,-1.9140496253967285,0.0,0.0,2.898787170124706e-05,-0.19976551830768585,0.0,0.0,-0.2587874228263376,-0.23299730060994248,-0.06424103677272797,0.14942942559719086,0.0,0.0,0.0,0.0
14.998743534088135,-0.11158239096403122,-1.8477262258529663,0.0,0.0,-0.00024414050858467817,-0.19955678284168243,0.0,0.0,-0.2573445174663948,-0.23316028138731745,-0.055658016353845596,0.14868563413619995,0.0,0.0,0.0,0.0
15.000235557556152,-0.11158239096403122,-1.8477262258529663,0.0,0.0,-0.00024414050858467817,-0.19955678284168243,0.0,0.0,-0.2554270414815378,-0.2330931744091853,-0.04183921590447426,0.14668288826942444,0.0,0.0,0.0,0.0
15.001678466796875,-0.11158239096403122,-1.8477262258529663,0.0,0.0,-0.00024414050858467817,-0.19955678284168243,0.0,0.0,-0.2554270414815378,-0.2330931744091853,-0.04183921590447426,0.14668288826942444,0.0,0.0,0.0,0.0
15.003721714019775,-0.11158239096403122,-1.8477262258529663,0.0,0.0,-0.00024414050858467817,-0.19955678284168243,0.0,0.0,-0.2529774846362343,-0.2330931744091853,-0.03471739590167999,0.15761415660381317,0.0,0.0,0.0,0.0
15.005664348602295,-0.11158239096403122,-1.8477262258529663,0.0,0.0,-0.00024414050858467817,-0.19955678284168243,0.0,0.0,-0.250906601209913,-0.23277678619034606,-0.021156033501029015,0.1532367318868637,0.0,0.0,0.0,0.0
15.00707745552063,-0.11158239096403122,-1.8477262258529663,0.0,0.0,-0.00024414050858467817,-0.19955678284168243,0.0,0.0,-0.250906601209913,-0.23277678619034606,-0.021156033501029015,0.1532367318868637,0.0,0.0,0.0,0.0
15.008562564849854,-0.2449834942817688,-1.8927295207977295,0.0,0.0,-0.0006162527133710682,-0.19938825070858002,0.0,0.0,-0.24844744762200952,-0.23195228556087108,-0.00770922563970089,0.14582674205303192,0.0,0.0,0.0,0.0
15.010486125946045,-0.2449834942817688,-1.8927295207977295,0.0,0.0,-0.0006162527133710682,-0.19938825070858002,0.0,0.0,-0.24666898396471676,-0.23155439524999968,0.00439290190115571,0.14559780061244965,0.0,0.0,0.0,0.0
15.011922121047974,-0.2449834942817688,-1.8927295207977295,0.0,0.0,-0.0006162527133710682,-0.19938825070858002,0.0,0.0,-0.24666898396471676,-0.23155439524999968,0.00439290190115571,0.14559780061244965,0.0,0.0,0.0,0.0
15.013366222381592,-0.2449834942817688,-1.8927295207977295,0.0,0.0,-0.0006162527133710682,-0.19938825070858002,0.0,0.0,-0.244732337901349,-0.23117090005302826,0.0030976743437349796,0.15376022458076477,0.0,0.0,0.0,0.0
15.01480484008789,-0.2449834942817688,-1.8927295207977295,0.0,0.0,-0.0006162527133710682,-0.19938825070858002,0.0,0.0,-0.244732337901349,-0.23117090005302826,0.0030976743437349796,0.15376022458076477,0.0,0.0,0.0,0.0
15.016241312026978,-0.2449834942817688,-1.8927295207977295,0.0,0.0,-0.0006162527133710682,-0.19938825070858002,0.0,0.0,-0.2431168550214312,-0.23109419633229614,0.012081230990588665,0.15456129610538483,0.0,0.0,0.0,0.0
15.01765513420105,-0.2449834942817688,-1.8927295207977295,0.0,0.0,-0.0006162527133710682,-0.19938825070858002,0.0,0.0,-0.2431168550214312,-0.23109419633229614,0.012081230990588665,0.15456129610538483,0.0,0.0,0.0,0.0
15.019094705581665,-0.3656079173088074,-1.9797204732894897,0.0,0.0,-0.001014326117001474,-0.19929179549217224,0.0,0.0,-0.2418177603603527,-0.23109419633229614,0.013912313617765903,0.15662118792533875,0.0,0.0,0.0,0.0
15.020803451538086,-0.3656079173088074,-1.9797204732894897,0.0,0.0,-0.001014326117001474,-0.19929179549217224,0.0,0.0,-0.24093092771735633,-0.23109419633229614,0.017145324498414993,0.15662118792533875,0.0,0.0,0.0,0.0
15.022399663925171,-0.3656079173088074,-1.9797204732894897,0.0,0.0,-0.001014326117001474,-0.19929179549217224,0.0,0.0,-0.24093092771735633,-0.23109419633229614,0.017145324498414993,0.15662118792533875,0.0,0.0,0.0,0.0
15.024453163146973,-0.3656079173088074,-1.9797204732894897,0.0,0.0,-0.001014326117001474,-0.19929179549217224,0.0,0.0,-0.24046595383504205,-0.23133867920170326,0.006450798362493515,0.16742852330207825,0.0,0.0,0.0,0.0
15.025918245315552,-0.3656079173088074,-1.9797204732894897,0.0,0.0,-0.001014326117001474,-0.19929179549217224,0.0,0.0,-0.24028377957246708,-0.23202896587491395,0.0055352430790662766,0.17798574268817902,0.0,0.0,0.0,0.0
15.027379512786865,-0.3656079173088074,-1.9797204732894897,0.0,0.0,-0.001014326117001474,-0.19929179549217224,0.0,0.0,-0.24028377957246708,-0.23202896587491395,0.0055352430790662766,0.17798574268817902,0.0,0.0,0.0,0.0
15.029161930084229,-0.633284330368042,-1.7362878322601318,0.0,0.0,-0.001772010582499206,-0.19892087578773499,0.0,0.0,-0.24023104430154565,-0.2327384460333246,0.00387587770819664,0.1820484697818756,0.0,0.0,0.0,0.0
15.031291484832764,-0.633284330368042,-1.7362878322601318,0.0,0.0,-0.001772010582499206,-0.19892087578773499,0.0,0.0,-0.24057140097019564,-0.2336396503835317,0.0017300808103755116,0.1888003945350647,0.0,0.0,0.0,0.0
15.03275728225708,-0.633284330368042,-1.7362878322601318,0.0,0.0,-0.001772010582499206,-0.19892087578773499,0.0,0.0,-0.24057140097019564,-0.2336396503835317,0.0017300808103755116,0.1888003945350647,0.0,0.0,0.0,0.0
15.034197330474854,-0.633284330368042,-1.7362878322601318,0.0,0.0,-0.001772010582499206,-0.19892087578773499,0.0,0.0,-0.24120897577917416,-0.23425325674269953,-0.017423182725906372,0.2032916396856308,0.0,0.0,0.0,0.0
15.035998344421387,-0.633284330368042,-1.7362878322601318,0.0,0.0,-0.001772010582499206,-0.19892087578773499,0.0,0.0,-0.241971167801817,-0.23464632527558169,-0.024976368993520737,0.20423583686351776,0.0,0.0,0.0,0.0
15.03743314743042,-0.633284330368042,-1.7362878322601318,0.0,0.0,-0.001772010582499206,-0.19892087578773499,0.0,0.0,-0.241971167801817,-0.23464632527558169,-0.024976368993520737,0.20423583686351776,0.0,0.0,0.0,0.0
15.03896164894104,-0.8071730136871338,-1.356468677520752,0.0,0.0,-0.0023941039107739925,-0.19835327565670013,0.0,0.0,-0.2423402678848884,-0.23464632527558169,-0.026006337255239487,0.20048794150352478,0.0,0.0,0.0,0.0
15.040339708328247,-0.8071730136871338,-1.356468677520752,0.0,0.0,-0.0023941039107739925,-0.19835327565670013,0.0,0.0,-0.2423402678848884,-0.23464632527558169,-0.026006337255239487,0.20048794150352478,0.0,0.0,0.0,0.0
15.041666507720947,-0.8071730136871338,-1.356468677520752,0.0,0.0,-0.0023941039107739925,-0.19835327565670013,0.0,0.0,-0.2425991458681955,-0.23462715519707095,-0.025634290650486946,0.19951514899730682,0.0,0.0,0.0,0.0
15.043045997619629,-0.8071730136871338,-1.356468677520752,0.0,0.0,-0.0023941039107739925,-0.19835327565670013,0.0,0.0,-0.2425991458681955,-0.23462715519707095,-0.025634290650486946,0.19951514899730682,0.0,0.0,0.0,0.0
15.04489278793335,-0.8071730136871338,-1.356468677520752,0.0,0.0,-0.0023941039107739925,-0.19835327565670013,0.0,0.0,-0.24294427750145622,-0.23462715519707095,-0.03756431117653847,0.21035809814929962,0.0,0.0,0.0,0.0
15.04619812965393,-0.8071730136871338,-1.356468677520752,0.0,0.0,-0.0023941039107739925,-0.19835327565670013,0.0,0.0,-0.24294907587275621,-0.23393686852386028,-0.035819169133901596,0.201260045170784,0.0,0.0,0.0,0.0
15.047527551651001,-0.8071730136871338,-1.356468677520752,0.0,0.0,-0.0023941039107739925,-0.19835327565670013,0.0,0.0,-0.24294907587275621,-0.23393686852386028,-0.035819169133901596,0.201260045170784,0.0,0.0,0.0,0.0
15.048843622207642,-0.8983229398727417,-1.4476757049560547,0.0,0.0,-0.002830629935488105,-0.1981215626001358,0.0,0.0,-0.2429107357157348,-0.23275281774053533,-0.034789230674505234,0.1913609653711319,0.0,0.0,0.0,0.0
15.050108432769775,-0.8983229398727417,-1.4476757049560547,0.0,0.0,-0.002830629935488105,-0.1981215626001358,0.0,0.0,-0.2429107357157348,-0.23275281774053533,-0.034789230674505234,0.1913609653711319,0.0,0.0,0.0,0.0
15.051416397094727,-0.8983229398727417,-1.4476757049560547,0.0,0.0,-0.002830629935488105,-0.1981215626001358,0.0,0.0,-0.2430785148644098,-0.2317749096695961,-0.03659156337380409,0.18503805994987488,0.0,0.0,0.0,0.0
15.052728414535522,-0.8983229398727417,-1.4476757049560547,0.0,0.0,-0.002830629935488105,-0.1981215626001358,0.0,0.0,-0.2430785148644098,-0.2317749096695961,-0.03659156337380409,0.18503805994987488,0.0,0.0,0.0,0.0
15.05462646484375,-0.8983229398727417,-1.4476757049560547,0.0,0.0,-0.002830629935488105,-0.1981215626001358,0.0,0.0,-0.24316959029235263,-0.23039911128778545,-0.048003945499658585,0.18480521440505981,0.0,0.0,0.0,0.0
15.055985927581787,-0.8983229398727417,-1.4476757049560547,0.0,0.0,-0.002830629935488105,-0.1981215626001358,0.0,0.0,-0.2432702624628955,-0.22880762026436766,-0.048576150089502335,0.17450550198554993,0.0,0.0,0.0,0.0
15.057329177856445,-0.8983229398727417,-1.4476757049560547,0.0,0.0,-0.002830629935488105,-0.1981215626001358,0.0,0.0,-0.2432702624628955,-0.22880762026436766,-0.048576150089502335,0.17450550198554993,0.0,0.0,0.0,0.0
15.058979272842407,-0.9677579998970032,-1.986764907836914,0.0,0.0,-0.0030488402117043734,-0.19832001626491547,0.0,0.0,-0.2429155106803455,-0.22709146521390705,-0.04316892474889755,0.16211730241775513,0.0,0.0,0.0,0.0
15.060327053070068,-0.9677579998970032,-1.986764907836914,0.0,0.0,-0.0030488402117043734,-0.19832001626491547,0.0,0.0,-0.2429155106803455,-0.22709146521390705,-0.04316892474889755,0.16211730241775513,0.0,0.0,0.0,0.0
15.061692953109741,-0.9677579998970032,-1.986764907836914,0.0,0.0,-0.0030488402117043734,-0.19832001626491547,0.0,0.0,-0.24261351757540625,-0.22491993302373214,-0.041366398334503174,0.14764052629470825,0.0,0.0,0.0,0.0
15.063031435012817,-0.9677579998970032,-1.986764907836914,0.0,0.0,-0.0030488402117043734,-0.19832001626491547,0.0,0.0,-0.24261351757540625,-0.22491993302373214,-0.041366398334503174,0.14764052629470825,0.0,0.0,0.0,0.0
15.06438660621643,-0.9677579998970032,-1.986764907836914,0.0,0.0,-0.0030488402117043734,-0.19832001626491547,0.0,0.0,-0.24221085229992412,-0.22273400571965724,-0.04902178794145584,0.14413797855377197,0.0,0.0,0.0,0.0
15.065721988677979,-0.9677579998970032,-1.986764907836914,0.0,0.0,-0.0030488402117043734,-0.19832001626491547,0.0,0.0,-0.24221085229992412,-0.22273400571965724,-0.04902178794145584,0.14413797855377197,0.0,0.0,0.0,0.0
15.067631483078003,-0.9677579998970032,-1.986764907836914,0.0,0.0,-0.0030488402117043734,-0.19832001626491547,0.0,0.0,-0.24166437632557772,-0.22016938158991095,-0.044787582010030746,0.12697188556194305,0.0,0.0,0.0,0.0
15.069507598876953,-0.9035987854003906,-2.2345218658447266,0.0,0.0,-0.0029155549127608538,-0.1984383463859558,0.0,0.0,-0.24128565609321703,-0.21748011683981108,-0.04361448064446449,0.10946241766214371,0.0,0.0,0.0,0.0
15.07082486152649,-0.9035987854003906,-2.2345218658447266,0.0,0.0,-0.0029155549127608538,-0.1984383463859558,0.0,0.0,-0.24128565609321703,-0.21748011683981108,-0.04361448064446449,0.10946241766214371,0.0,0.0,0.0,0.0
15.072134494781494,-0.9035987854003906,-2.2345218658447266,0.0,0.0,-0.0029155549127608538,-0.1984383463859558,0.0,0.0,-0.2410699400449206,-0.21527024449261473,-0.05521296709775925,0.10910173505544662,0.0,0.0,0.0,0.0
15.07344937324524,-0.9035987854003906,-2.2345218658447266,0.0,0.0,-0.0029155549127608538,-0.1984383463859558,0.0,0.0,-0.2410699400449206,-0.21527024449261473,-0.05521296709775925,0.10910173505544662,0.0,0.0,0.0,0.0
15.074755430221558,-0.9035987854003906,-2.2345218658447266,0.0,0.0,-0.0029155549127608538,-0.1984383463859558,0.0,0.0,-0.2408638207392242,-0.2129980167252077,-0.05352485179901123,0.0945390984416008,0.0,0.0,0.0,0.0
15.076040983200073,-0.9035987854003906,-2.2345218658447266,0.0,0.0,-0.0029155549127608538,-0.1984383463859558,0.0,0.0,-0.2408638207392242,-0.2129980167252077,-0.05352485179901123,0.0945390984416008,0.0,0.0,0.0,0.0
15.077594518661499,-0.9035987854003906,-2.2345218658447266,0.0,0.0,-0.0029155549127608538,-0.1984383463859558,0.0,0.0,-0.24083505391811347,-0.21102303050481852,-0.05409713834524155,0.08360996842384338,0.0,0.0,0.0,0.0
15.079121589660645,-0.7163482904434204,-2.1027886867523193,0.0,0.0,-0.002470955718308687,-0.19822365045547485,0.0,0.0,-0.24083505391811347,-0.20903364917052933,-0.054955389350652695,0.07539879530668259,0.0,0.0,0.0,0.0
15.080435514450073,-0.7163482904434204,-2.1027886867523193,0.0,0.0,-0.002470955718308687,-0.19822365045547485,0.0,0.0,-0.24083505391811347,-0.20903364917052933,-0.054955389350652695,0.07539879530668259,0.0,0.0,0.0,0.0
15.08175253868103,-0.7163482904434204,-2.1027886867523193,0.0,0.0,-0.002470955718308687,-0.19822365045547485,0.0,0.0,-0.2410795367875206,-0.20785919512980439,-0.06580115854740143,0.08238077908754349,0.0,0.0,0.0,0.0
15.083112478256226,-0.7163482904434204,-2.1027886867523193,0.0,0.0,-0.002470955718308687,-0.19822365045547485,0.0,0.0,-0.2410795367875206,-0.20785919512980439,-0.06580115854740143,0.08238077908754349,0.0,0.0,0.0,0.0
15.084466695785522,-0.7163482904434204,-2.1027886867523193,0.0,0.0,-0.002470955718308687,-0.19822365045547485,0.0,0.0,-0.24166915129018843,-0.2065840689185366,-0.07492779195308685,0.07728824764490128,0.0,0.0,0.0,0.0
15.085846185684204,-0.7163482904434204,-2.1027886867523193,0.0,0.0,-0.002470955718308687,-0.19822365045547485,0.0,0.0,-0.24166915129018843,-0.2065840689185366,-0.07492779195308685,0.07728824764490128,0.0,0.0,0.0,0.0
15.087194442749023,-0.7163482904434204,-2.1027886867523193,0.0,0.0,-0.002470955718308687,-0.19822365045547485,0.0,0.0,-0.24200470958753842,-0.2056924379042402,-0.07647277414798737,0.07328284531831741,0.0,0.0,0.0,0.0
15.0885648727417,-0.4969176948070526,-1.7493244409561157,0.0,0.0,-0.001801899285055697,-0.19775567948818207,0.0,0.0,-0.24200470958753842,-0.2056924379042402,-0.07647277414798737,0.07328284531831741,0.0,0.0,0.0,0.0
15.090263366699219,-0.4969176948070526,-1.7493244409561157,0.0,0.0,-0.001801899285055697,-0.19775567948818207,0.0,0.0,-0.2423450662561884,-0.20511239673748308,-0.07730250060558319,0.07159484177827835,0.0,0.0,0.0,0.0
15.091633558273315,-0.4969176948070526,-1.7493244409561157,0.0,0.0,-0.001801899285055697,-0.19775567948818207,0.0,0.0,-0.2423450662561884,-0.20511239673748308,-0.07730250060558319,0.07159484177827835,0.0,0.0,0.0,0.0
15.09334397315979,-0.4969176948070526,-1.7493244409561157,0.0,0.0,-0.001801899285055697,-0.19775567948818207,0.0,0.0,-0.2427045930033491,-0.2044077383570617,-0.08975884318351746,0.0784749835729599,0.0,0.0,0.0,0.0
15.094664335250854,-0.4969176948070526,-1.7493244409561157,0.0,0.0,-0.001801899285055697,-0.19775567948818207,0.0,0.0,-0.24295867261535622,-0.2040577849458117,-0.0919332429766655,0.07770247757434845,0.0,0.0,0.0,0.0
15.096002578735352,-0.4969176948070526,-1.7493244409561157,0.0,0.0,-0.001801899285055697,-0.19775567948818207,0.0,0.0,-0.24295867261535622,-0.2040577849458117,-0.0919332429766655,0.07770247757434845,0.0,0.0,0.0,0.0
15.097595691680908,-0.4969176948070526,-1.7493244409561157,0.0,0.0,-0.001801899285055697,-0.19775567948818207,0.0,0.0,-0.2429538742440562,-0.20360238439940817,-0.0901593267917633,0.07532775402069092,0.0,0.0,0.0,0.0
15.09913444519043,-0.2146483063697815,-1.3451671600341797,0.0,0.0,-0.0009694009204395115,-0.19715158641338348,0.0,0.0,-0.2429538742440562,-0.20360238439940817,-0.0901593267917633,0.07532775402069092,0.0,0.0,0.0,0.0
15.1006920337677,-0.2146483063697815,-1.3451671600341797,0.0,0.0,-0.0009694009204395115,-0.19715158641338348,0.0,0.0,-0.2429107357157348,-0.20314220888839388,-0.08907224982976913,0.07386868447065353,0.0,0.0,0.0,0.0
15.102091312408447,-0.2146483063697815,-1.3451671600341797,0.0,0.0,-0.0009694009204395115,-0.19715158641338348,0.0,0.0,-0.2429107357157348,-0.20252860252922605,-0.09996635466814041,0.07898077368736267,0.0,0.0,0.0,0.0
15.103561878204346,-0.2146483063697815,-1.3451671600341797,0.0,0.0,-0.0009694009204395115,-0.19715158641338348,0.0,0.0,-0.2429107357157348,-0.20252860252922605,-0.09996635466814041,0.07898077368736267,0.0,0.0,0.0,0.0
15.10587763786316,-0.2146483063697815,-1.3451671600341797,0.0,0.0,-0.0009694009204395115,-0.19715158641338348,0.0,0.0,-0.2423402678848884,-0.20213553399634393,-0.09515978395938873,0.07949568331241608,0.0,0.0,0.0,0.0
15.107312440872192,-0.2146483063697815,-1.3451671600341797,0.0,0.0,-0.0009694009204395115,-0.19715158641338348,0.0,0.0,-0.24162601276186702,-0.20165616500012967,-0.08669120818376541,0.07460340857505798,0.0,0.0,0.0,0.0
15.109120845794678,-0.0138019984588027,-1.384939432144165,0.0,0.0,-0.00025734343216754496,-0.19684548676013947,0.0,0.0,-0.2408829908177349,-0.20127266980315825,-0.08122653514146805,0.0737164169549942,0.0,0.0,0.0,0.0
15.110673189163208,-0.0138019984588027,-1.384939432144165,0.0,0.0,-0.00025734343216754496,-0.19684548676013947,0.0,0.0,-0.2408829908177349,-0.20127266980315825,-0.08122653514146805,0.0737164169549942,0.0,0.0,0.0,0.0
15.112116575241089,-0.0138019984588027,-1.384939432144165,0.0,0.0,-0.00025734343216754496,-0.19684548676013947,0.0,0.0,-0.2401927041445242,-0.20073576716472258,-0.08905351161956787,0.08019937574863434,0.0,0.0,0.0,0.0
15.113546371459961,-0.0138019984588027,-1.384939432144165,0.0,0.0,-0.00025734343216754496,-0.19684548676013947,0.0,0.0,-0.2401927041445242,-0.20073576716472258,-0.08905351161956787,0.08019937574863434,0.0,0.0,0.0,0.0
15.114959955215454,-0.0138019984588027,-1.384939432144165,0.0,0.0,-0.00025734343216754496,-0.19684548676013947,0.0,0.0,-0.23921959444488497,-0.20013655591945476,-0.08250170201063156,0.07582198083400726,0.0,0.0,0.0,0.0
15.116432428359985,-0.0138019984588027,-1.384939432144165,0.0,0.0,-0.00025734343216754496,-0.19684548676013947,0.0,0.0,-0.23921959444488497,-0.20013655591945476,-0.08250170201063156,0.07582198083400726,0.0,0.0,0.0,0.0
15.118048906326294,0.07324595749378204,-1.5436558723449707,0.0,0.0,0.0001181628176709637,-0.19677765667438507,0.0,0.0,-0.23826085645245643,-0.19975306072248333,-0.07646497339010239,0.07367630302906036,0.0,0.0,0.0,0.0
15.1198890209198,0.07324595749378204,-1.5436558723449707,0.0,0.0,0.0001181628176709637,-0.19677765667438507,0.0,0.0,-0.23733566024574934,-0.19955171638139763,-0.07151540368795395,0.07473482191562653,0.0,0.0,0.0,0.0
15.121372699737549,0.07324595749378204,-1.5436558723449707,0.0,0.0,0.0001181628176709637,-0.19677765667438507,0.0,0.0,-0.23733566024574934,-0.19955171638139763,-0.07151540368795395,0.07473482191562653,0.0,0.0,0.0,0.0
15.122849941253662,0.07324595749378204,-1.5436558723449707,0.0,0.0,0.0001181628176709637,-0.19677765667438507,0.0,0.0,-0.23660223504421724,-0.19917301955572622,-0.07596652954816818,0.08210557699203491,0.0,0.0,0.0,0.0
15.124593734741211,0.07324595749378204,-1.5436558723449707,0.0,0.0,0.0001181628176709637,-0.19677765667438507,0.0,0.0,-0.23660223504421724,-0.19917301955572622,-0.07596652954816818,0.08210557699203491,0.0,0.0,0.0,0.0
15.126135349273682,0.07324595749378204,-1.5436558723449707,0.0,0.0,0.0001181628176709637,-0.19677765667438507,0.0,0.0,-0.23554282488124587,-0.1991394777700048,-0.07164644449949265,0.08473774790763855,0.0,0.0,0.0,0.0
15.128502130508423,0.08165054023265839,-1.5898061990737915,0.0,0.0,0.00024625484365969896,-0.19663797318935394,0.0,0.0,-0.23436357246922093,-0.19906757242057266,-0.06180458143353462,0.08433722704648972,0.0,0.0,0.0,0.0
15.130213022232056,0.08165054023265839,-1.5898061990737915,0.0,0.0,0.00024625484365969896,-0.19663797318935394,0.0,0.0,-0.23436357246922093,-0.19906757242057266,-0.06180458143353462,0.08433722704648972,0.0,0.0,0.0,0.0
15.131925821304321,0.08165054023265839,-1.5898061990737915,0.0,0.0,0.00024625484365969896,-0.19663797318935394,0.0,0.0,-0.2330501061009317,-0.19862174521007983,-0.05462338775396347,0.07927319407463074,0.0,0.0,0.0,0.0
15.134027481079102,0.08165054023265839,-1.5898061990737915,0.0,0.0,0.00024625484365969896,-0.19663797318935394,0.0,0.0,-0.23152572205564603,-0.19837726234067268,-0.05375225469470024,0.08956087380647659,0.0,0.0,0.0,0.0
15.135613918304443,0.08165054023265839,-1.5898061990737915,0.0,0.0,0.00024625484365969896,-0.19663797318935394,0.0,0.0,-0.23152572205564603,-0.19837726234067268,-0.05375225469470024,0.08956087380647659,0.0,0.0,0.0,0.0
15.137758731842041,0.08165054023265839,-1.5898061990737915,0.0,0.0,0.00024625484365969896,-0.19663797318935394,0.0,0.0,-0.22969452312743185,-0.19773491256708345,-0.03984767571091652,0.08475425094366074,0.0,0.0,0.0,0.0
15.140856742858887,0.04642634466290474,-1.5414071083068848,0.0,0.0,0.00017257248691748828,-0.19644322991371155,0.0,0.0,-0.22762363970111052,-0.1971309029505156,-0.026286428794264793,0.08114946633577347,0.0,0.0,0.0,0.0
15.143166780471802,0.04642634466290474,-1.5414071083068848,0.0,0.0,0.00017257248691748828,-0.19644322991371155,0.0,0.0,-0.22547127758944635,-0.19643581790600492,-0.011924008838832378,0.07594240456819534,0.0,0.0,0.0,0.0
15.145387649536133,0.04642634466290474,-1.5414071083068848,0.0,0.0,0.00017257248691748828,-0.19644322991371155,0.0,0.0,-0.22336685237740359,-0.19577429805390495,-0.009497085586190224,0.08115217089653015,0.0,0.0,0.0,0.0
15.146910667419434,0.04642634466290474,-1.5414071083068848,0.0,0.0,0.00017257248691748828,-0.19644322991371155,0.0,0.0,-0.2210467111170644,-0.19506004293088355,0.004464650992304087,0.07849141955375671,0.0,0.0,0.0,0.0
15.148509502410889,-0.03149126097559929,-1.4406057596206665,0.0,0.0,-2.658154880919028e-05,-0.19616049528121948,0.0,0.0,-0.2210467111170644,-0.19506004293088355,0.004464650992304087,0.07849141955375671,0.0,0.0,0.0,0.0
15.151523113250732,-0.03149126097559929,-1.4406057596206665,0.0,0.0,-2.658154880919028e-05,-0.19616049528121948,0.0,0.0,-0.21810339016164668,-0.1948491135505425,0.0071576726622879505,0.09202197194099426,0.0,0.0,0.0,0.0
15.153023719787598,-0.03149126097559929,-1.4406057596206665,0.0,0.0,-2.658154880919028e-05,-0.19616049528121948,0.0,0.0,-0.21810339016164668,-0.1948491135505425,0.0071576726622879505,0.09202197194099426,0.0,0.0,0.0,0.0
15.155497074127197,-0.03149126097559929,-1.4406057596206665,0.0,0.0,-2.658154880919028e-05,-0.19616049528121948,0.0,0.0,-0.21700084147035387,-0.19489226378220856,0.009589486755430698,0.0930805504322052,0.0,0.0,0.0,0.0
15.156960487365723,-0.03149126097559929,-1.4406057596206665,0.0,0.0,-2.658154880919028e-05,-0.19616049528121948,0.0,0.0,-0.21602290999272536,-0.19489226378220856,0.015254312194883823,0.0930805504322052,0.0,0.0,0.0,0.0
15.158440589904785,-0.18582205474376678,-1.3067221641540527,0.0,0.0,-0.00044568729936145246,-0.19583792984485626,0.0,0.0,-0.21602290999272536,-0.19489226378220856,0.015254312194883823,0.0930805504322052,0.0,0.0,0.0,0.0
15.16149115562439,-0.18582205474376678,-1.3067221641540527,0.0,0.0,-0.00044568729936145246,-0.19583792984485626,0.0,0.0,-0.21511690727121827,-0.1960954729406996,0.015998121351003647,0.10538290441036224,0.0,0.0,0.0,0.0
15.162975549697876,-0.18582205474376678,-1.3067221641540527,0.0,0.0,-0.00044568729936145246,-0.19583792984485626,0.0,0.0,-0.21511690727121827,-0.1960954729406996,0.015998121351003647,0.10538290441036224,0.0,0.0,0.0,0.0
15.165607690811157,-0.18582205474376678,-1.3067221641540527,0.0,0.0,-0.00044568729936145246,-0.19583792984485626,0.0,0.0,-0.21511210889991828,-0.19684328155278705,0.001121584209613502,0.12228935956954956,0.0,0.0,0.0,0.0
15.167187929153442,-0.18582205474376678,-1.3067221641540527,0.0,0.0,-0.00044568729936145246,-0.19583792984485626,0.0,0.0,-0.21506417200029684,-0.19745208954065488,0.0006067100912332535,0.12489297240972519,0.0,0.0,0.0,0.0
15.168708086013794,-0.37117335200309753,-0.8261697888374329,0.0,0.0,-0.0009867072803899646,-0.19524644315242767,0.0,0.0,-0.21506417200029684,-0.19745208954065488,0.0006067100912332535,0.12489297240972519,0.0,0.0,0.0,0.0
15.17092227935791,-0.37117335200309753,-0.8261697888374329,0.0,0.0,-0.0009867072803899646,-0.19524644315242767,0.0,0.0,-0.21506417200029684,-0.19813280287795484,0.0006067100912332535,0.1299569010734558,0.0,0.0,0.0,0.0
15.172879457473755,-0.37117335200309753,-0.8261697888374329,0.0,0.0,-0.0009867072803899646,-0.19524644315242767,0.0,0.0,-0.21542849711875753,-0.19850190296102627,-0.014649723656475544,0.1399226039648056,0.0,0.0,0.0,0.0
15.174352884292603,-0.37117335200309753,-0.8261697888374329,0.0,0.0,-0.0009867072803899646,-0.19524644315242767,0.0,0.0,-0.21597977146440395,-0.1987415874591334,-0.020057056099176407,0.14098113775253296,0.0,0.0,0.0,0.0
15.175763607025146,-0.37117335200309753,-0.8261697888374329,0.0,0.0,-0.0009867072803899646,-0.19524644315242767,0.0,0.0,-0.21597977146440395,-0.1987415874591334,-0.020057056099176407,0.14098113775253296,0.0,0.0,0.0,0.0
15.177265405654907,-0.37117335200309753,-0.8261697888374329,0.0,0.0,-0.0009867072803899646,-0.19524644315242767,0.0,0.0,-0.21621465759121108,-0.1987991211013548,-0.020257357507944107,0.13920722901821136,0.0,0.0,0.0,0.0
15.17869758605957,-0.5328472256660461,-0.7593027353286743,0.0,0.0,-0.0015189875848591328,-0.1948464810848236,0.0,0.0,-0.21621465759121108,-0.1987991211013548,-0.020257357507944107,0.13920722901821136,0.0,0.0,0.0,0.0
15.180084705352783,-0.5328472256660461,-0.7593027353286743,0.0,0.0,-0.0015189875848591328,-0.1948464810848236,0.0,0.0,-0.21657418433837178,-0.19873201412322267,-0.021859556436538696,0.13797710835933685,0.0,0.0,0.0,0.0
15.181499719619751,-0.5328472256660461,-0.7593027353286743,0.0,0.0,-0.0015189875848591328,-0.1948464810848236,0.0,0.0,-0.21657418433837178,-0.19873201412322267,-0.021859556436538696,0.13797710835933685,0.0,0.0,0.0,0.0
15.182907104492188,-0.5328472256660461,-0.7593027353286743,0.0,0.0,-0.0015189875848591328,-0.1948464810848236,0.0,0.0,-0.21657418433837178,-0.1980848659783334,-0.031183000653982162,0.1428651660680771,0.0,0.0,0.0,0.0
15.184717655181885,-0.5328472256660461,-0.7593027353286743,0.0,0.0,-0.0015189875848591328,-0.1948464810848236,0.0,0.0,-0.21652624743875035,-0.19679534465316562,-0.030067145824432373,0.1295328140258789,0.0,0.0,0.0,0.0
15.186299085617065,-0.5328472256660461,-0.7593027353286743,0.0,0.0,-0.0015189875848591328,-0.1948464810848236,0.0,0.0,-0.21652624743875035,-0.19679534465316562,-0.030067145824432373,0.1295328140258789,0.0,0.0,0.0,0.0
15.18789529800415,-0.6440791487693787,-1.1017299890518188,0.0,0.0,-0.0018931198865175247,-0.19484660029411316,0.0,0.0,-0.21652624743875035,-0.19550106006673176,-0.030067145824432373,0.11871810257434845,0.0,0.0,0.0,0.0
15.18928861618042,-0.6440791487693787,-1.1017299890518188,0.0,0.0,-0.0018931198865175247,-0.19484660029411316,0.0,0.0,-0.21652624743875035,-0.19550106006673176,-0.030067145824432373,0.11871810257434845,0.0,0.0,0.0,0.0
15.190645456314087,-0.6440791487693787,-1.1017299890518188,0.0,0.0,-0.0018931198865175247,-0.19484660029411316,0.0,0.0,-0.21652624743875035,-0.19426428571583002,-0.030067145824432373,0.11293885856866837,0.0,0.0,0.0,0.0
15.192049741744995,-0.6440791487693787,-1.1017299890518188,0.0,0.0,-0.0018931198865175247,-0.19484660029411316,0.0,0.0,-0.21652624743875035,-0.19426428571583002,-0.030067145824432373,0.11293885856866837,0.0,0.0,0.0,0.0
15.193424940109253,-0.6440791487693787,-1.1017299890518188,0.0,0.0,-0.0018931198865175247,-0.19484660029411316,0.0,0.0,-0.21652624743875035,-0.19302272469697293,-0.040918637067079544,0.11486248672008514,0.0,0.0,0.0,0.0
15.19483494758606,-0.6440791487693787,-1.1017299890518188,0.0,0.0,-0.0018931198865175247,-0.19484660029411316,0.0,0.0,-0.21652624743875035,-0.19302272469697293,-0.040918637067079544,0.11486248672008514,0.0,0.0,0.0,0.0
15.196293354034424,-0.6440791487693787,-1.1017299890518188,0.0,0.0,-0.0018931198865175247,-0.19484660029411316,0.0,0.0,-0.21664131472319317,-0.19197289957325692,-0.04243500530719757,0.10976987332105637,0.0,0.0,0.0,0.0
15.198505163192749,-0.6351273655891418,-1.4655007123947144,0.0,0.0,-0.0019950566347688437,-0.19499686360359192,0.0,0.0,-0.21702958488477533,-0.1911867391008034,-0.04724157974123955,0.1065082922577858,0.0,0.0,0.0,0.0
15.199968099594116,-0.6351273655891418,-1.4655007123947144,0.0,0.0,-0.0019950566347688437,-0.19499686360359192,0.0,0.0,-0.21702958488477533,-0.1911867391008034,-0.04724157974123955,0.1065082922577858,0.0,0.0,0.0,0.0
15.201393842697144,-0.6351273655891418,-1.4655007123947144,0.0,0.0,-0.0019950566347688437,-0.19499686360359192,0.0,0.0,-0.21744664527415744,-0.1903238749076177,-0.04961617663502693,0.10313230007886887,0.0,0.0,0.0,0.0
15.202919006347656,-0.6351273655891418,-1.4655007123947144,0.0,0.0,-0.0019950566347688437,-0.19499686360359192,0.0,0.0,-0.21779657527871815,-0.18978218560122667,-0.06299564987421036,0.11256497353315353,0.0,0.0,0.0,0.0
15.204495668411255,-0.6351273655891418,-1.4655007123947144,0.0,0.0,-0.0019950566347688437,-0.19499686360359192,0.0,0.0,-0.21779657527871815,-0.18978218560122667,-0.06299564987421036,0.11256497353315353,0.0,0.0,0.0,0.0
15.205886840820312,-0.6351273655891418,-1.4655007123947144,0.0,0.0,-0.0019950566347688437,-0.19499686360359192,0.0,0.0,-0.21818007047568955,-0.18924529466613563,-0.065170057117939,0.10918901115655899,0.0,0.0,0.0,0.0
15.207273960113525,-0.6351273655891418,-1.4655007123947144,0.0,0.0,-0.0019950566347688437,-0.19499686360359192,0.0,0.0,-0.21818007047568955,-0.18924529466613563,-0.065170057117939,0.10918901115655899,0.0,0.0,0.0,0.0
15.208654165267944,-0.5879720449447632,-1.5852752923965454,0.0,0.0,-0.0018730316078290343,-0.19499468803405762,0.0,0.0,-0.2186978030356145,-0.18871798877029994,-0.06908965855836868,0.10638521611690521,0.0,0.0,0.0,0.0
15.210019826889038,-0.5879720449447632,-1.5852752923965454,0.0,0.0,-0.0018730316078290343,-0.19499468803405762,0.0,0.0,-0.2186978030356145,-0.18871798877029994,-0.06908965855836868,0.10638521611690521,0.0,0.0,0.0,0.0
15.211405277252197,-0.5879720449447632,-1.5852752923965454,0.0,0.0,-0.0018730316078290343,-0.19499468803405762,0.0,0.0,-0.2190189662190645,-0.18851665613255886,-0.07017684727907181,0.10741516947746277,0.0,0.0,0.0,0.0
15.212789058685303,-0.5879720449447632,-1.5852752923965454,0.0,0.0,-0.0018730316078290343,-0.19499468803405762,0.0,0.0,-0.2190189662190645,-0.18851665613255886,-0.07017684727907181,0.10741516947746277,0.0,0.0,0.0,0.0
15.214539766311646,-0.5879720449447632,-1.5852752923965454,0.0,0.0,-0.0018730316078290343,-0.19499468803405762,0.0,0.0,-0.2191963421103395,-0.1880948090752214,-0.08133111894130707,0.11490815132856369,0.0,0.0,0.0,0.0
15.215929985046387,-0.5879720449447632,-1.5852752923965454,0.0,0.0,-0.0018730316078290343,-0.19499468803405762,0.0,0.0,-0.21929701428088236,-0.1880085203152339,-0.08153136074542999,0.11610980331897736,0.0,0.0,0.0,0.0
15.217325448989868,-0.5879720449447632,-1.5852752923965454,0.0,0.0,-0.0018730316078290343,-0.19499468803405762,0.0,0.0,-0.21929701428088236,-0.1880085203152339,-0.08153136074542999,0.11610980331897736,0.0,0.0,0.0,0.0
15.218729496002197,-0.38984113931655884,-1.4221951961517334,0.0,0.0,-0.0013821966713294387,-0.1947193443775177,0.0,0.0,-0.21928741753828235,-0.18781677271674818,-0.07938556373119354,0.11490817368030548,0.0,0.0,0.0,0.0
15.220197916030884,-0.38984113931655884,-1.4221951961517334,0.0,0.0,-0.0013821966713294387,-0.1947193443775177,0.0,0.0,-0.21928741753828235,-0.18781677271674818,-0.07938556373119354,0.11490817368030548,0.0,0.0,0.0,0.0
15.22177505493164,-0.38984113931655884,-1.4221951961517334,0.0,0.0,-0.0013821966713294387,-0.1947193443775177,0.0,0.0,-0.21928741753828235,-0.18761544007900713,-0.07938556373119354,0.11370650678873062,0.0,0.0,0.0,0.0
15.223209857940674,-0.38984113931655884,-1.4221951961517334,0.0,0.0,-0.0013821966713294387,-0.1947193443775177,0.0,0.0,-0.21928741753828235,-0.18761544007900713,-0.07938556373119354,0.11370650678873062,0.0,0.0,0.0,0.0
15.224878311157227,-0.38984113931655884,-1.4221951961517334,0.0,0.0,-0.0013821966713294387,-0.1947193443775177,0.0,0.0,-0.21928741753828235,-0.1875099812405089,-0.09052734822034836,0.12504708766937256,0.0,0.0,0.0,0.0
15.226966142654419,-0.38984113931655884,-1.4221951961517334,0.0,0.0,-0.0013821966713294387,-0.1947193443775177,0.0,0.0,-0.21857796078656094,-0.18752915131901962,-0.08228766173124313,0.12599125504493713,0.0,0.0,0.0,0.0
15.228646278381348,-0.2624785900115967,-1.6050540208816528,0.0,0.0,-0.0009424942545592785,-0.19461427628993988,0.0,0.0,-0.21857796078656094,-0.18752915131901962,-0.08228766173124313,0.12599125504493713,0.0,0.0,0.0,0.0
15.23095178604126,-0.2624785900115967,-1.6050540208816528,0.0,0.0,-0.0009424942545592785,-0.19461427628993988,0.0,0.0,-0.21791641752777172,-0.18752915131901962,-0.0775383934378624,0.12599125504493713,0.0,0.0,0.0,0.0
15.232558965682983,-0.2624785900115967,-1.6050540208816528,0.0,0.0,-0.0009424942545592785,-0.19461427628993988,0.0,0.0,-0.2173795382960253,-0.18752915131901962,-0.08499954640865326,0.1368291974067688,0.0,0.0,0.0,0.0
15.23460841178894,-0.2624785900115967,-1.6050540208816528,0.0,0.0,-0.0009424942545592785,-0.19461427628993988,0.0,0.0,-0.21667965488021462,-0.18752915131901962,-0.07999280840158463,0.1368291974067688,0.0,0.0,0.0,0.0
15.236061811447144,-0.2624785900115967,-1.6050540208816528,0.0,0.0,-0.0009424942545592785,-0.19461427628993988,0.0,0.0,-0.21667965488021462,-0.18752915131901962,-0.07999280840158463,0.1368291974067688,0.0,0.0,0.0,0.0
15.237476825714111,-0.2624785900115967,-1.6050540208816528,0.0,0.0,-0.0009424942545592785,-0.19461427628993988,0.0,0.0,-0.21605647518513607,-0.18752915131901962,-0.07601601630449295,0.1368291974067688,0.0,0.0,0.0,0.0
15.23952317237854,-0.17846591770648956,-1.7950032949447632,0.0,0.0,-0.0006420036661438644,-0.19459979236125946,0.0,0.0,-0.21525591959878254,-0.18752915131901962,-0.07166720926761627,0.1368291974067688,0.0,0.0,0.0,0.0
15.240978240966797,-0.17846591770648956,-1.7950032949447632,0.0,0.0,-0.0006420036661438644,-0.19459979236125946,0.0,0.0,-0.21525591959878254,-0.18752915131901962,-0.07166720926761627,0.1368291974067688,0.0,0.0,0.0,0.0
15.242393493652344,-0.17846591770648956,-1.7950032949447632,0.0,0.0,-0.0006420036661438644,-0.19459979236125946,0.0,0.0,-0.21455605958966115,-0.18752915131901962,-0.07832355797290802,0.14783428609371185,0.0,0.0,0.0,0.0
15.243863105773926,-0.17846591770648956,-1.7950032949447632,0.0,0.0,-0.0006420036661438644,-0.19459979236125946,0.0,0.0,-0.21455605958966115,-0.18752915131901962,-0.07832355797290802,0.14783428609371185,0.0,0.0,0.0,0.0
15.245288372039795,-0.17846591770648956,-1.7950032949447632,0.0,0.0,-0.0006420036661438644,-0.19459979236125946,0.0,0.0,-0.2138945163308719,-0.1880324887650446,-0.07520514726638794,0.15324163436889648,0.0,0.0,0.0,0.0
15.246788501739502,-0.17846591770648956,-1.7950032949447632,0.0,0.0,-0.0006420036661438644,-0.19459979236125946,0.0,0.0,-0.2138945163308719,-0.1880324887650446,-0.07520514726638794,0.15324163436889648,0.0,0.0,0.0,0.0
15.248595476150513,-0.18325267732143402,-1.9721053838729858,0.0,0.0,-0.0005761802894994617,-0.19457301497459412,0.0,0.0,-0.21328573174969334,-0.18804207380429996,-0.07074184715747833,0.15172526240348816,0.0,0.0,0.0,0.0
15.250246524810791,-0.18325267732143402,-1.9721053838729858,0.0,0.0,-0.0005761802894994617,-0.19457301497459412,0.0,0.0,-0.21255708151277194,-0.18799413690467853,-0.06636453419923782,0.15060946345329285,0.0,0.0,0.0,0.0
15.251762866973877,-0.18325267732143402,-1.9721053838729858,0.0,0.0,-0.0005761802894994617,-0.19457301497459412,0.0,0.0,-0.21255708151277194,-0.18799413690467853,-0.06636453419923782,0.15060946345329285,0.0,0.0,0.0,0.0
15.254013061523438,-0.18325267732143402,-1.9721053838729858,0.0,0.0,-0.0005761802894994617,-0.19457301497459412,0.0,0.0,-0.2120681157739577,-0.18799413690467853,-0.07492686808109283,0.1615164875984192,0.0,0.0,0.0,0.0
15.255829572677612,-0.18325267732143402,-1.9721053838729858,0.0,0.0,-0.0005761802894994617,-0.19457301497459412,0.0,0.0,-0.2115168414283113,-0.18799413690467853,-0.07275240868330002,0.1615164875984192,0.0,0.0,0.0,0.0
15.257624387741089,-0.18325267732143402,-1.9721053838729858,0.0,0.0,-0.0005761802894994617,-0.19457301497459412,0.0,0.0,-0.2115168414283113,-0.18799413690467853,-0.07275240868330002,0.1615164875984192,0.0,0.0,0.0,0.0
15.260234355926514,-0.27448326349258423,-2.029366970062256,0.0,0.0,-0.0007632363121956587,-0.19446919858455658,0.0,0.0,-0.21086011994751133,-0.18799413690467853,-0.06783144921064377,0.1615164875984192,0.0,0.0,0.0,0.0
15.261746644973755,-0.27448326349258423,-2.029366970062256,0.0,0.0,-0.0007632363121956587,-0.19446919858455658,0.0,0.0,-0.21035198413018635,-0.18799413690467853,-0.06728790700435638,0.1615164875984192,0.0,0.0,0.0,0.0
15.263234853744507,-0.27448326349258423,-2.029366970062256,0.0,0.0,-0.0007632363121956587,-0.19446919858455658,0.0,0.0,-0.21035198413018635,-0.18799413690467853,-0.06728790700435638,0.1615164875984192,0.0,0.0,0.0,0.0
15.265317916870117,-0.27448326349258423,-2.029366970062256,0.0,0.0,-0.0007632363121956587,-0.19446919858455658,0.0,0.0,-0.2095658236577328,-0.18799413690467853,-0.07049094140529633,0.17255860567092896,0.0,0.0,0.0,0.0
15.266990423202515,-0.27448326349258423,-2.029366970062256,0.0,0.0,-0.0007632363121956587,-0.19446919858455658,0.0,0.0,-0.2089761857483757,-0.1874188941092214,-0.06780155003070831,0.16723710298538208,0.0,0.0,0.0,0.0
15.268521547317505,-0.3687656819820404,-2.0689709186553955,0.0,0.0,-0.0010369863593950868,-0.19431369006633759,0.0,0.0,-0.2089761857483757,-0.1874188941092214,-0.06780155003070831,0.16723710298538208,0.0,0.0,0.0,0.0
15.270061731338501,-0.3687656819820404,-2.0689709186553955,0.0,0.0,-0.0010369863593950868,-0.19431369006633759,0.0,0.0,-0.20817085519741146,-0.18688200317413037,-0.062165338546037674,0.1619156152009964,0.0,0.0,0.0,0.0
15.271591186523438,-0.3687656819820404,-2.0689709186553955,0.0,0.0,-0.0010369863593950868,-0.19431369006633759,0.0,0.0,-0.20817085519741146,-0.18688200317413037,-0.062165338546037674,0.1619156152009964,0.0,0.0,0.0,0.0
15.273110628128052,-0.3687656819820404,-2.0689709186553955,0.0,0.0,-0.0010369863593950868,-0.19431369006633759,0.0,0.0,-0.20731758774682577,-0.18666148875453398,-0.06831241399049759,0.17330050468444824,0.0,0.0,0.0,0.0
15.27491283416748,-0.3687656819820404,-2.0689709186553955,0.0,0.0,-0.0010369863593950868,-0.19431369006633759,0.0,0.0,-0.20628694440496512,-0.18596161704206793,-0.05944327265024185,0.166462704539299,0.0,0.0,0.0,0.0
15.277388334274292,-0.3687656819820404,-2.0689709186553955,0.0,0.0,-0.0010369863593950868,-0.19431369006633759,0.0,0.0,-0.20513645881405088,-0.18548224804585367,-0.05171843245625496,0.16457441449165344,0.0,0.0,0.0,0.0
15.278854370117188,-0.46060919761657715,-2.1626503467559814,0.0,0.0,-0.001323095872066915,-0.1942015439271927,0.0,0.0,-0.20513645881405088,-0.18548224804585367,-0.05171843245625496,0.16457441449165344,0.0,0.0,0.0,0.0
15.280945777893066,-0.46060919761657715,-2.1626503467559814,0.0,0.0,-0.001323095872066915,-0.1942015439271927,0.0,0.0,-0.20414415562921165,-0.18479674804059834,-0.04582468792796135,0.15848040580749512,0.0,0.0,0.0,0.0
15.282542705535889,-0.46060919761657715,-2.1626503467559814,0.0,0.0,-0.001323095872066915,-0.1942015439271927,0.0,0.0,-0.20284026259683313,-0.18401537423610015,-0.04700518399477005,0.1670115739107132,0.0,0.0,0.0,0.0
15.284276723861694,-0.46060919761657715,-2.1626503467559814,0.0,0.0,-0.001323095872066915,-0.1942015439271927,0.0,0.0,-0.20284026259683313,-0.18401537423610015,-0.04700518399477005,0.1670115739107132,0.0,0.0,0.0,0.0
15.28591012954712,-0.46060919761657715,-2.1626503467559814,0.0,0.0,-0.001323095872066915,-0.1942015439271927,0.0,0.0,-0.20116247111008323,-0.18322441539234663,-0.03782133013010025,0.1576559990644455,0.0,0.0,0.0,0.0
15.287569999694824,-0.46060919761657715,-2.1626503467559814,0.0,0.0,-0.001323095872066915,-0.1942015439271927,0.0,0.0,-0.19978189776366184,-0.18225129398936274,-0.027464425191283226,0.1532786339521408,0.0,0.0,0.0,0.0
15.289204835891724,-0.5438757538795471,-2.2227606773376465,0.0,0.0,-0.0015649822307750583,-0.19406314194202423,0.0,0.0,-0.19978189776366184,-0.18225129398936274,-0.027464425191283226,0.1532786339521408,0.0,0.0,0.0,0.0
15.290749311447144,-0.5438757538795471,-2.2227606773376465,0.0,0.0,-0.0015649822307750583,-0.19406314194202423,0.0,0.0,-0.1980465726346905,-0.18128776932897886,-0.01725057139992714,0.1466982662677765,0.0,0.0,0.0,0.0
15.293238878250122,-0.5438757538795471,-2.2227606773376465,0.0,0.0,-0.0015649822307750583,-0.19406314194202423,0.0,0.0,-0.19660846564604773,-0.18023315753730748,-0.01959213800728321,0.1512708067893982,0.0,0.0,0.0,0.0
15.295537948608398,-0.5438757538795471,-2.2227606773376465,0.0,0.0,-0.0015649822307750583,-0.19406314194202423,0.0,0.0,-0.19506969819020673,-0.1792552377630236,-0.011695770546793938,0.14626403152942657,0.0,0.0,0.0,0.0
15.298265933990479,-0.5702494382858276,-2.0667567253112793,0.0,0.0,-0.0016834104899317026,-0.19377243518829346,0.0,0.0,-0.19382813717134964,-0.1783540334128165,-0.004571795463562012,0.14062781631946564,0.0,0.0,0.0,0.0
15.299917459487915,-0.5702494382858276,-2.0667567253112793,0.0,0.0,-0.0016834104899317026,-0.19377243518829346,0.0,0.0,-0.19382813717134964,-0.1783540334128165,-0.004571795463562012,0.14062781631946564,0.0,0.0,0.0,0.0
15.301398277282715,-0.5702494382858276,-2.0667567253112793,0.0,0.0,-0.0016834104899317026,-0.19377243518829346,0.0,0.0,-0.19243796708232827,-0.1771364291404255,0.001808286178857088,0.13253110647201538,0.0,0.0,0.0,0.0
15.302834749221802,-0.5702494382858276,-2.0667567253112793,0.0,0.0,-0.0016834104899317026,-0.19377243518829346,0.0,0.0,-0.19243796708232827,-0.1771364291404255,0.001808286178857088,0.13253110647201538,0.0,0.0,0.0,0.0
15.304505586624146,-0.5702494382858276,-2.0667567253112793,0.0,0.0,-0.0016834104899317026,-0.19377243518829346,0.0,0.0,-0.19164700823857472,-0.17630233176835053,-0.006988158915191889,0.1409284621477127,0.0,0.0,0.0,0.0
15.306654691696167,-0.5702494382858276,-2.0667567253112793,0.0,0.0,-0.0016834104899317026,-0.19377243518829346,0.0,0.0,-0.1908512510235212,-0.17549698951404163,-0.0022674708161503077,0.1351778507232666,0.0,0.0,0.0,0.0
15.308302164077759,-0.6387431621551514,-1.9582691192626953,0.0,0.0,-0.0018260239157825708,-0.19347719848155975,0.0,0.0,-0.1908512510235212,-0.17549698951404163,-0.0022674708161503077,0.1351778507232666,0.0,0.0,0.0,0.0
15.30988335609436,-0.6387431621551514,-1.9582691192626953,0.0,0.0,-0.0018260239157825708,-0.19347719848155975,0.0,0.0,-0.19037668039860695,-0.17494571516839524,-0.0010372449178248644,0.1324884593486786,0.0,0.0,0.0,0.0
15.311536073684692,-0.6387431621551514,-1.9582691192626953,0.0,0.0,-0.0018260239157825708,-0.19347719848155975,0.0,0.0,-0.18998360016238017,-0.1741547563246417,-0.010422755964100361,0.14001283049583435,0.0,0.0,0.0,0.0
15.31368899345398,-0.6387431621551514,-1.9582691192626953,0.0,0.0,-0.0018260239157825708,-0.19347719848155975,0.0,0.0,-0.18990689644164804,-0.1733542124416328,-0.012511287815868855,0.1323738843202591,0.0,0.0,0.0,0.0
15.31519103050232,-0.6387431621551514,-1.9582691192626953,0.0,0.0,-0.0018260239157825708,-0.19347719848155975,0.0,0.0,-0.18990689644164804,-0.1733542124416328,-0.012511287815868855,0.1323738843202591,0.0,0.0,0.0,0.0
15.316699028015137,-0.6387431621551514,-1.9582691192626953,0.0,0.0,-0.0018260239157825708,-0.19347719848155975,0.0,0.0,-0.18990689644164804,-0.17263994561526677,-0.01411344949156046,0.1309719681739807,0.0,0.0,0.0,0.0
15.31835389137268,-0.6991897225379944,-1.5632127523422241,0.0,0.0,-0.002057172590866685,-0.1929297149181366,0.0,0.0,-0.18990689644164804,-0.17263994561526677,-0.01411344949156046,0.1309719681739807,0.0,0.0,0.0,0.0
15.320467472076416,-0.6991897225379944,-1.5632127523422241,0.0,0.0,-0.002057172590866685,-0.1929297149181366,0.0,0.0,-0.18990689644164804,-0.17184898677151325,-0.01411344949156046,0.12447745352983475,0.0,0.0,0.0,0.0
15.322848796844482,-0.6991897225379944,-1.5632127523422241,0.0,0.0,-0.002057172590866685,-0.1929297149181366,0.0,0.0,-0.18990689644164804,-0.17099571932092755,-0.025183988735079765,0.12985463440418243,0.0,0.0,0.0,0.0
15.325242280960083,-0.6991897225379944,-1.5632127523422241,0.0,0.0,-0.002057172590866685,-0.1929297149181366,0.0,0.0,-0.18990689644164804,-0.16995069256851153,-0.025183988735079765,0.12324562668800354,0.0,0.0,0.0,0.0
15.327616691589355,-0.6991897225379944,-1.5632127523422241,0.0,0.0,-0.002057172590866685,-0.1929297149181366,0.0,0.0,-0.19027122156010873,-0.16898236953682766,-0.029389718547463417,0.11700864881277084,0.0,0.0,0.0,0.0
15.329519748687744,-0.7111237645149231,-1.3537020683288574,0.0,0.0,-0.0021512173116207123,-0.1924452930688858,0.0,0.0,-0.19060198148615873,-0.16811950534364198,-0.03190736472606659,0.11397597193717957,0.0,0.0,0.0,0.0
15.33095932006836,-0.7111237645149231,-1.3537020683288574,0.0,0.0,-0.0021512173116207123,-0.1924452930688858,0.0,0.0,-0.19060198148615873,-0.16811950534364198,-0.03190736472606659,0.11397597193717957,0.0,0.0,0.0,0.0
15.332385778427124,-0.7111237645149231,-1.3537020683288574,0.0,0.0,-0.0021512173116207123,-0.1924452930688858,0.0,0.0,-0.1910477969933069,-0.1672326727006456,-0.046231213957071304,0.11768738925457001,0.0,0.0,0.0,0.0
15.333770990371704,-0.7111237645149231,-1.3537020683288574,0.0,0.0,-0.0021512173116207123,-0.1924452930688858,0.0,0.0,-0.1910477969933069,-0.1672326727006456,-0.046231213957071304,0.11768738925457001,0.0,0.0,0.0,0.0
15.335472106933594,-0.7111237645149231,-1.3537020683288574,0.0,0.0,-0.0021512173116207123,-0.1924452930688858,0.0,0.0,-0.19158468792839795,-0.16620681602674028,-0.05023666098713875,0.11279508471488953,0.0,0.0,0.0,0.0
15.336841106414795,-0.7111237645149231,-1.3537020683288574,0.0,0.0,-0.0021512173116207123,-0.1924452930688858,0.0,0.0,-0.19190107614723723,-0.16552611439278497,-0.05132384970784187,0.10798854380846024,0.0,0.0,0.0,0.0
15.338205814361572,-0.637703001499176,-1.327996850013733,0.0,0.0,-0.00203225901350379,-0.19219201803207397,0.0,0.0,-0.19190107614723723,-0.16552611439278497,-0.05132384970784187,0.10798854380846024,0.0,0.0,0.0,0.0
15.339600563049316,-0.637703001499176,-1.327996850013733,0.0,0.0,-0.00203225901350379,-0.19219201803207397,0.0,0.0,-0.19225100615179794,-0.1648262309769743,-0.053526826202869415,0.10512754321098328,0.0,0.0,0.0,0.0
15.341536045074463,-0.637703001499176,-1.327996850013733,0.0,0.0,-0.00203225901350379,-0.19219201803207397,0.0,0.0,-0.19225100615179794,-0.1648262309769743,-0.053526826202869415,0.10512754321098328,0.0,0.0,0.0,0.0
15.343585968017578,-0.637703001499176,-1.327996850013733,0.0,0.0,-0.00203225901350379,-0.19219201803207397,0.0,0.0,-0.19260574623100327,-0.1641694977928297,-0.06688079982995987,0.11252995580434799,0.0,0.0,0.0,0.0
15.345336198806763,-0.637703001499176,-1.327996850013733,0.0,0.0,-0.00203225901350379,-0.19219201803207397,0.0,0.0,-0.1929221227464979,-0.16359905336867256,-0.06811103969812393,0.10995505005121231,0.0,0.0,0.0,0.0
15.347025632858276,-0.637703001499176,-1.327996850013733,0.0,0.0,-0.00203225901350379,-0.19219201803207397,0.0,0.0,-0.1929221227464979,-0.16359905336867256,-0.06811103969812393,0.10995505005121231,0.0,0.0,0.0,0.0
15.349141597747803,-0.522806704044342,-1.3634856939315796,0.0,0.0,-0.0017035390483215451,-0.19201050698757172,0.0,0.0,-0.19326247941514788,-0.16313406778301365,-0.0697418823838234,0.10964033752679825,0.0,0.0,0.0,0.0
15.351085424423218,-0.522806704044342,-1.3634856939315796,0.0,0.0,-0.0017035390483215451,-0.19201050698757172,0.0,0.0,-0.19326247941514788,-0.16282726460342975,-0.06805387884378433,0.10717984288930893,0.0,0.0,0.0,0.0
15.35280990600586,-0.522806704044342,-1.3634856939315796,0.0,0.0,-0.0017035390483215451,-0.19201050698757172,0.0,0.0,-0.19320974414422645,-0.1624629511883137,-0.07800862938165665,0.11619051545858383,0.0,0.0,0.0,0.0
15.35444450378418,-0.522806704044342,-1.3634856939315796,0.0,0.0,-0.0017035390483215451,-0.19201050698757172,0.0,0.0,-0.19320974414422645,-0.16223285172946192,-0.07800862938165665,0.11564689874649048,0.0,0.0,0.0,0.0
15.355860710144043,-0.522806704044342,-1.3634856939315796,0.0,0.0,-0.0017035390483215451,-0.19201050698757172,0.0,0.0,-0.19320974414422645,-0.16223285172946192,-0.07800862938165665,0.11564689874649048,0.0,0.0,0.0,0.0
15.357247829437256,-0.522806704044342,-1.3634856939315796,0.0,0.0,-0.0017035390483215451,-0.19201050698757172,0.0,0.0,-0.19320974414422645,-0.1620363057596762,-0.07800862938165665,0.11401613801717758,0.0,0.0,0.0,0.0
15.358666896820068,-0.3352394700050354,-1.5011262893676758,0.0,0.0,-0.0011823374079540372,-0.19190238416194916,0.0,0.0,-0.19320974414422645,-0.1620363057596762,-0.07800862938165665,0.11401613801717758,0.0,0.0,0.0,0.0
15.360146284103394,-0.3352394700050354,-1.5011262893676758,0.0,0.0,-0.0011823374079540372,-0.19190238416194916,0.0,0.0,-0.19265846979858006,-0.1618445581611905,-0.07268712669610977,0.11415918916463852,0.0,0.0,0.0,0.0
15.361663103103638,-0.3352394700050354,-1.5011262893676758,0.0,0.0,-0.0011823374079540372,-0.19190238416194916,0.0,0.0,-0.19265846979858006,-0.1618445581611905,-0.07268712669610977,0.11415918916463852,0.0,0.0,0.0,0.0
15.363667488098145,-0.3352394700050354,-1.5011262893676758,0.0,0.0,-0.0011823374079540372,-0.19190238416194916,0.0,0.0,-0.192121578863489,-0.1617390993226923,-0.07851874083280563,0.1255418360233307,0.0,0.0,0.0,0.0
15.365260124206543,-0.3352394700050354,-1.5011262893676758,0.0,0.0,-0.0011823374079540372,-0.19190238416194916,0.0,0.0,-0.19163742319931937,-0.161758269401203,-0.07711688429117203,0.1264573633670807,0.0,0.0,0.0,0.0
15.366773843765259,-0.3352394700050354,-1.5011262893676758,0.0,0.0,-0.0011823374079540372,-0.19190238416194916,0.0,0.0,-0.19163742319931937,-0.161758269401203,-0.07711688429117203,0.1264573633670807,0.0,0.0,0.0,0.0
15.368639707565308,-0.22499847412109375,-1.6411941051483154,0.0,0.0,-0.000803485803771764,-0.19183547794818878,0.0,0.0,-0.1910190301721962,-0.161758269401203,-0.07110869884490967,0.1264573633670807,0.0,0.0,0.0,0.0
15.370174169540405,-0.22499847412109375,-1.6411941051483154,0.0,0.0,-0.000803485803771764,-0.19183547794818878,0.0,0.0,-0.1910190301721962,-0.161758269401203,-0.07110869884490967,0.1264573633670807,0.0,0.0,0.0,0.0
15.372073650360107,-0.22499847412109375,-1.6411941051483154,0.0,0.0,-0.000803485803771764,-0.19183547794818878,0.0,0.0,-0.19028080659936408,-0.161758269401203,-0.06561554223299026,0.1264573633670807,0.0,0.0,0.0,0.0
15.373986005783081,-0.22499847412109375,-1.6411941051483154,0.0,0.0,-0.000803485803771764,-0.19183547794818878,0.0,0.0,-0.18942272907413377,-0.161758269401203,-0.07258906960487366,0.1375507414340973,0.0,0.0,0.0,0.0
15.3755943775177,-0.22499847412109375,-1.6411941051483154,0.0,0.0,-0.000803485803771764,-0.19183547794818878,0.0,0.0,-0.1887324424009231,-0.16224723514001727,-0.0679255947470665,0.14295808970928192,0.0,0.0,0.0,0.0
15.377071142196655,-0.22499847412109375,-1.6411941051483154,0.0,0.0,-0.000803485803771764,-0.19183547794818878,0.0,0.0,-0.1887324424009231,-0.16224723514001727,-0.0679255947470665,0.14295808970928192,0.0,0.0,0.0,0.0
15.378446102142334,-0.20530620217323303,-1.7904472351074219,0.0,0.0,-0.0006667545530945063,-0.19178999960422516,0.0,0.0,-0.18789354665754812,-0.16253485653774583,-0.061888791620731354,0.14521832764148712,0.0,0.0,0.0,0.0
15.379844188690186,-0.20530620217323303,-1.7904472351074219,0.0,0.0,-0.0006667545530945063,-0.19178999960422516,0.0,0.0,-0.18789354665754812,-0.16253485653774583,-0.061888791620731354,0.14521832764148712,0.0,0.0,0.0,0.0
15.381205081939697,-0.20530620217323303,-1.7904472351074219,0.0,0.0,-0.0006667545530945063,-0.19178999960422516,0.0,0.0,-0.18708820440323926,-0.16259716514457798,-0.05779758468270302,0.14335864782333374,0.0,0.0,0.0,0.0
15.382594108581543,-0.20530620217323303,-1.7904472351074219,0.0,0.0,-0.0006667545530945063,-0.19178999960422516,0.0,0.0,-0.18708820440323926,-0.16259716514457798,-0.05779758468270302,0.14335864782333374,0.0,0.0,0.0,0.0
15.383970022201538,-0.20530620217323303,-1.7904472351074219,0.0,0.0,-0.0006667545530945063,-0.19178999960422516,0.0,0.0,-0.1860863278824893,-0.16253005816644583,-0.06157270818948746,0.15319843590259552,0.0,0.0,0.0,0.0
15.385360717773438,-0.20530620217323303,-1.7904472351074219,0.0,0.0,-0.0006667545530945063,-0.19178999960422516,0.0,0.0,-0.1860863278824893,-0.16253005816644583,-0.06157270818948746,0.15319843590259552,0.0,0.0,0.0,0.0
15.386733055114746,-0.20530620217323303,-1.7904472351074219,0.0,0.0,-0.0006667545530945063,-0.19178999960422516,0.0,0.0,-0.18501733268026255,-0.16253005816644583,-0.052961040288209915,0.15319843590259552,0.0,0.0,0.0,0.0
15.388561248779297,-0.25219061970710754,-1.8817555904388428,0.0,0.0,-0.0007013300783000886,-0.19169163703918457,0.0,0.0,-0.1838141118184269,-0.16253005816644583,-0.04515049234032631,0.15319843590259552,0.0,0.0,0.0,0.0
15.389967441558838,-0.25219061970710754,-1.8817555904388428,0.0,0.0,-0.0007013300783000886,-0.19169163703918457,0.0,0.0,-0.1838141118184269,-0.16253005816644583,-0.04515049234032631,0.15319843590259552,0.0,0.0,0.0,0.0
15.39151406288147,-0.25219061970710754,-1.8817555904388428,0.0,0.0,-0.0007013300783000886,-0.19169163703918457,0.0,0.0,-0.18264445614900196,-0.16253005816644583,-0.049394454807043076,0.15319843590259552,0.0,0.0,0.0,0.0
15.392942428588867,-0.25219061970710754,-1.8817555904388428,0.0,0.0,-0.0007013300783000886,-0.19169163703918457,0.0,0.0,-0.18264445614900196,-0.16253005816644583,-0.049394454807043076,0.15319843590259552,0.0,0.0,0.0,0.0
15.39434027671814,-0.25219061970710754,-1.8817555904388428,0.0,0.0,-0.0007013300783000886,-0.19169163703918457,0.0,0.0,-0.18130222295960202,-0.16227120358982797,-0.04138357937335968,0.16293559968471527,0.0,0.0,0.0,0.0
15.395753622055054,-0.25219061970710754,-1.8817555904388428,0.0,0.0,-0.0007013300783000886,-0.19169163703918457,0.0,0.0,-0.18130222295960202,-0.16227120358982797,-0.04138357937335968,0.16293559968471527,0.0,0.0,0.0,0.0
15.397663831710815,-0.25219061970710754,-1.8817555904388428,0.0,0.0,-0.0007013300783000886,-0.19169163703918457,0.0,0.0,-0.17982576411059317,-0.1617343009513923,-0.03008251264691353,0.15541110932826996,0.0,0.0,0.0,0.0
15.399545431137085,-0.34886881709098816,-1.937885046005249,0.0,0.0,-0.0009611070854589343,-0.191545307636261,0.0,0.0,-0.17823905975513074,-0.16126452869777802,-0.019325092434883118,0.15260736644268036,0.0,0.0,0.0,0.0
15.400975227355957,-0.34886881709098816,-1.937885046005249,0.0,0.0,-0.0009611070854589343,-0.191545307636261,0.0,0.0,-0.17823905975513074,-0.16126452869777802,-0.019325092434883118,0.15260736644268036,0.0,0.0,0.0,0.0
15.402863025665283,-0.34886881709098816,-1.937885046005249,0.0,0.0,-0.0009611070854589343,-0.191545307636261,0.0,0.0,-0.17668589718538974,-0.16067010412046556,-0.021617889404296875,0.1593361347913742,0.0,0.0,0.0,0.0
15.404643297195435,-0.34886881709098816,-1.937885046005249,0.0,0.0,-0.0009611070854589343,-0.191545307636261,0.0,0.0,-0.17497935058087374,-0.160214703574062,-0.0118904123082757,0.15759089589118958,0.0,0.0,0.0,0.0
15.406603813171387,-0.34886881709098816,-1.937885046005249,0.0,0.0,-0.0009611070854589343,-0.191545307636261,0.0,0.0,-0.17497935058087374,-0.160214703574062,-0.0118904123082757,0.15759089589118958,0.0,0.0,0.0,0.0
15.409728288650513,-0.49270397424697876,-1.9797694683074951,0.0,0.0,-0.0013535977341234684,-0.1914040446281433,0.0,0.0,-0.1718970055945471,-0.15961549232879418,0.004789337981492281,0.15553098917007446,0.0,0.0,0.0,0.0
15.411893606185913,-0.49270397424697876,-1.9797694683074951,0.0,0.0,-0.0013535977341234684,-0.1914040446281433,0.0,0.0,-0.17088553233119716,-0.1592559655816335,-0.0017919504316523671,0.1632552444934845,0.0,0.0,0.0,0.0
15.413716793060303,-0.49270397424697876,-1.9797694683074951,0.0,0.0,-0.0013535977341234684,-0.1914040446281433,0.0,0.0,-0.17088553233119716,-0.1592559655816335,-0.0017919504316523671,0.1632552444934845,0.0,0.0,0.0,0.0
15.416056632995605,-0.49270397424697876,-1.9797694683074951,0.0,0.0,-0.0013535977341234684,-0.1914040446281433,0.0,0.0,-0.16989803922100255,-0.1592559655816335,0.003643978852778673,0.16614487767219543,0.0,0.0,0.0,0.0
15.418216705322266,-0.6535436511039734,-1.8822675943374634,0.0,0.0,-0.001784115331247449,-0.19112755358219147,0.0,0.0,-0.16935634991461151,-0.15930390248125492,0.004874260164797306,0.16728931665420532,0.0,0.0,0.0,0.0
15.41981291770935,-0.6535436511039734,-1.8822675943374634,0.0,0.0,-0.001784115331247449,-0.19112755358219147,0.0,0.0,-0.16910708037724903,-0.15930390248125492,0.0030145393684506416,0.16728931665420532,0.0,0.0,0.0,0.0
15.421489000320435,-0.6535436511039734,-1.8822675943374634,0.0,0.0,-0.001784115331247449,-0.19112755358219147,0.0,0.0,-0.16874755363008834,-0.15930390248125492,-0.007357731461524963,0.17840468883514404,0.0,0.0,0.0,0.0
15.422940015792847,-0.6535436511039734,-1.8822675943374634,0.0,0.0,-0.001784115331247449,-0.19112755358219147,0.0,0.0,-0.16874755363008834,-0.15930390248125492,-0.007357731461524963,0.17840468883514404,0.0,0.0,0.0,0.0
15.424598217010498,-0.6535436511039734,-1.8822675943374634,0.0,0.0,-0.001784115331247449,-0.19112755358219147,0.0,0.0,-0.16876672370859905,-0.16009965969630843,-0.009017095901072025,0.18844693899154663,0.0,0.0,0.0,0.0
15.426727294921875,-0.6535436511039734,-1.8822675943374634,0.0,0.0,-0.001784115331247449,-0.19112755358219147,0.0,0.0,-0.16873795688748833,-0.16014279822462987,-0.009703729301691055,0.1851281225681305,0.0,0.0,0.0,0.0
15.429622411727905,-0.7820356488227844,-1.5596879720687866,0.0,0.0,-0.002186661586165428,-0.19067032635211945,0.0,0.0,-0.16907351518483832,-0.16034892923367092,-0.011077048256993294,0.18624389171600342,0.0,0.0,0.0,0.0
15.431889533996582,-0.7820356488227844,-1.5596879720687866,0.0,0.0,-0.002186661586165428,-0.19067032635211945,0.0,0.0,-0.16956726759160792,-0.16041603621180306,-0.03010367602109909,0.19705870747566223,0.0,0.0,0.0,0.0
15.43368911743164,-0.7820356488227844,-1.5596879720687866,0.0,0.0,-0.002186661586165428,-0.19067032635211945,0.0,0.0,-0.16956726759160792,-0.16041603621180306,-0.03010367602109909,0.19705870747566223,0.0,0.0,0.0,0.0
15.435231447219849,-0.7820356488227844,-1.5596879720687866,0.0,0.0,-0.002186661586165428,-0.19067032635211945,0.0,0.0,-0.16988844247840257,-0.1606844875310209,-0.03162001818418503,0.1994047462940216,0.0,0.0,0.0,0.0
15.436754941940308,-0.7820356488227844,-1.5596879720687866,0.0,0.0,-0.002186661586165428,-0.19067032635211945,0.0,0.0,-0.1702431825576079,-0.1607420094698977,-0.03359416499733925,0.1989755928516388,0.0,0.0,0.0,0.0
15.438175916671753,-0.9122365713119507,-1.4933147430419922,0.0,0.0,-0.0025752410292625427,-0.1903393268585205,0.0,0.0,-0.1702431825576079,-0.1607420094698977,-0.03359416499733925,0.1989755928516388,0.0,0.0,0.0,0.0
15.439678192138672,-0.9122365713119507,-1.4933147430419922,0.0,0.0,-0.0025752410292625427,-0.1903393268585205,0.0,0.0,-0.1705212189160811,-0.16020991690610664,-0.03408051282167435,0.1930246502161026,0.0,0.0,0.0,0.0
15.441304922103882,-0.9122365713119507,-1.4933147430419922,0.0,0.0,-0.0025752410292625427,-0.1903393268585205,0.0,0.0,-0.17080884031380966,-0.15924158217107812,-0.04662444815039635,0.19409732520580292,0.0,0.0,0.0,0.0
15.442686319351196,-0.9122365713119507,-1.4933147430419922,0.0,0.0,-0.0025752410292625427,-0.1903393268585205,0.0,0.0,-0.17080884031380966,-0.15924158217107812,-0.04662444815039635,0.19409732520580292,0.0,0.0,0.0,0.0
15.444072246551514,-0.9122365713119507,-1.4933147430419922,0.0,0.0,-0.0025752410292625427,-0.1903393268585205,0.0,0.0,-0.17084718047083108,-0.15830202596050497,-0.0453655980527401,0.18745975196361542,0.0,0.0,0.0,0.0
15.445438861846924,-0.9122365713119507,-1.4933147430419922,0.0,0.0,-0.0025752410292625427,-0.1903393268585205,0.0,0.0,-0.17084718047083108,-0.15830202596050497,-0.0453655980527401,0.18745975196361542,0.0,0.0,0.0,0.0
15.446767568588257,-0.9122365713119507,-1.4933147430419922,0.0,0.0,-0.0025752410292625427,-0.1903393268585205,0.0,0.0,-0.17081362698176503,-0.15721864734772287,-0.044335588812828064,0.17907696962356567,0.0,0.0,0.0,0.0
15.448129177093506,-0.9691327810287476,-1.8156565427780151,0.0,0.0,-0.0027629798278212547,-0.190321147441864,0.0,0.0,-0.17081362698176503,-0.15721864734772287,-0.044335588812828064,0.17907696962356567,0.0,0.0,0.0,0.0
15.449631690979004,-0.9691327810287476,-1.8156565427780151,0.0,0.0,-0.0027629798278212547,-0.190321147441864,0.0,0.0,-0.17081362698176503,-0.15595790454701042,-0.044335588812828064,0.16952115297317505,0.0,0.0,0.0,0.0
15.450992822647095,-0.9691327810287476,-1.8156565427780151,0.0,0.0,-0.0027629798278212547,-0.190321147441864,0.0,0.0,-0.17081362698176503,-0.15595790454701042,-0.044335588812828064,0.16952115297317505,0.0,0.0,0.0,0.0
15.452226161956787,-0.9691327810287476,-1.8156565427780151,0.0,0.0,-0.0027629798278212547,-0.190321147441864,0.0,0.0,-0.17081362698176503,-0.15425614461044979,-0.05544322356581688,0.16835568845272064,0.0,0.0,0.0,0.0
15.453755140304565,-0.9691327810287476,-1.8156565427780151,0.0,0.0,-0.0027629798278212547,-0.190321147441864,0.0,0.0,-0.1704109617062829,-0.15255438467388915,-0.050636716187000275,0.1578843742609024,0.0,0.0,0.0,0.0
15.455069780349731,-0.9691327810287476,-1.8156565427780151,0.0,0.0,-0.0027629798278212547,-0.190321147441864,0.0,0.0,-0.1704109617062829,-0.15255438467388915,-0.050636716187000275,0.1578843742609024,0.0,0.0,0.0,0.0
15.456304550170898,-0.9691327810287476,-1.8156565427780151,0.0,0.0,-0.0027629798278212547,-0.190321147441864,0.0,0.0,-0.16989803922100255,-0.1506704738814428,-0.045687172561883926,0.14363647997379303,0.0,0.0,0.0,0.0
15.457579851150513,-0.9691327810287476,-1.8156565427780151,0.0,0.0,-0.0027629798278212547,-0.190321147441864,0.0,0.0,-0.16989803922100255,-0.1506704738814428,-0.045687172561883926,0.14363647997379303,0.0,0.0,0.0,0.0
15.458856344223022,-0.9114667177200317,-2.1270737648010254,0.0,0.0,-0.0027132437098771334,-0.1904139667749405,0.0,0.0,-0.16939948844293296,-0.1487386144860304,-0.041853342205286026,0.13287900388240814,0.0,0.0,0.0,0.0
15.460087776184082,-0.9114667177200317,-2.1270737648010254,0.0,0.0,-0.0027132437098771334,-0.1904139667749405,0.0,0.0,-0.16939948844293296,-0.1487386144860304,-0.041853342205286026,0.13287900388240814,0.0,0.0,0.0,0.0
15.461316347122192,-0.9114667177200317,-2.1270737648010254,0.0,0.0,-0.0027132437098771334,-0.1904139667749405,0.0,0.0,-0.1689153327787633,-0.14635615291551446,-0.040108177810907364,0.11373879760503769,0.0,0.0,0.0,0.0
15.462685108184814,-0.9114667177200317,-2.1270737648010254,0.0,0.0,-0.0027132437098771334,-0.1904139667749405,0.0,0.0,-0.1684743039395705,-0.14421816251106098,-0.048548683524131775,0.11316562443971634,0.0,0.0,0.0,0.0
15.463966608047485,-0.9114667177200317,-2.1270737648010254,0.0,0.0,-0.0027132437098771334,-0.1904139667749405,0.0,0.0,-0.1684743039395705,-0.14421816251106098,-0.048548683524131775,0.11316562443971634,0.0,0.0,0.0,0.0
15.465189933776855,-0.9114667177200317,-2.1270737648010254,0.0,0.0,-0.0027132437098771334,-0.1904139667749405,0.0,0.0,-0.1684743039395705,-0.14421816251106098,-0.048548683524131775,0.11316562443971634,0.0,0.0,0.0,0.0
15.466438055038452,-0.9114667177200317,-2.1270737648010254,0.0,0.0,-0.0027132437098771334,-0.1904139667749405,0.0,0.0,-0.1683113231621955,-0.14233903838657,-0.04932117089629173,0.10169290751218796,0.0,0.0,0.0,0.0
15.467941999435425,-0.7735338807106018,-2.147495985031128,0.0,0.0,-0.002394123002886772,-0.19034141302108765,0.0,0.0,-0.16813395897426514,-0.14020104798211652,-0.04900645092129707,0.09339598566293716,0.0,0.0,0.0,0.0
15.469194650650024,-0.7735338807106018,-2.147495985031128,0.0,0.0,-0.002394123002886772,-0.19034141302108765,0.0,0.0,-0.16813395897426514,-0.14020104798211652,-0.04900645092129707,0.09339598566293716,0.0,0.0,0.0,0.0
15.470421552658081,-0.7735338807106018,-2.147495985031128,0.0,0.0,-0.002394123002886772,-0.19034141302108765,0.0,0.0,-0.16812437393500979,-0.1387533559542184,-0.04972171410918236,0.0867297574877739,0.0,0.0,0.0,0.0
15.471689701080322,-0.7735338807106018,-2.147495985031128,0.0,0.0,-0.002394123002886772,-0.19034141302108765,0.0,0.0,-0.16812437393500979,-0.1387533559542184,-0.04972171410918236,0.0867297574877739,0.0,0.0,0.0,0.0
15.473109722137451,-0.7735338807106018,-2.147495985031128,0.0,0.0,-0.002394123002886772,-0.19034141302108765,0.0,0.0,-0.16828255634108477,-0.1377610644727238,-0.061667900532484055,0.09455607086420059,0.0,0.0,0.0,0.0
15.474381685256958,-0.7735338807106018,-2.147495985031128,0.0,0.0,-0.002394123002886772,-0.19034141302108765,0.0,0.0,-0.16828255634108477,-0.1377610644727238,-0.061667900532484055,0.09455607086420059,0.0,0.0,0.0,0.0
15.475665807723999,-0.7735338807106018,-2.147495985031128,0.0,0.0,-0.002394123002886772,-0.19034141302108765,0.0,0.0,-0.16897764138559546,-0.1367879430697399,-0.0707658976316452,0.08997838944196701,0.0,0.0,0.0,0.0
15.476893663406372,-0.7735338807106018,-2.147495985031128,0.0,0.0,-0.002394123002886772,-0.19034141302108765,0.0,0.0,-0.16897764138559546,-0.1367879430697399,-0.0707658976316452,0.08997838944196701,0.0,0.0,0.0,0.0
15.478118181228638,-0.5835538506507874,-1.9282793998718262,0.0,0.0,-0.0018853530054911971,-0.1900135576725006,0.0,0.0,-0.1697398451115829,-0.13612162484633994,-0.07528634369373322,0.09118007868528366,0.0,0.0,0.0,0.0
15.479368686676025,-0.5835538506507874,-1.9282793998718262,0.0,0.0,-0.0018853530054911971,-0.1900135576725006,0.0,0.0,-0.1697398451115829,-0.13612162484633994,-0.07528634369373322,0.09118007868528366,0.0,0.0,0.0,0.0
15.480649948120117,-0.5835538506507874,-1.9282793998718262,0.0,0.0,-0.0018853530054911971,-0.1900135576725006,0.0,0.0,-0.17022879914705255,-0.1356805960071471,-0.07903431355953217,0.08743211627006531,0.0,0.0,0.0,0.0
15.481924772262573,-0.5835538506507874,-1.9282793998718262,0.0,0.0,-0.0018853530054911971,-0.1900135576725006,0.0,0.0,-0.17022879914705255,-0.1356805960071471,-0.07903431355953217,0.08743211627006531,0.0,0.0,0.0,0.0
15.483235836029053,-0.5835538506507874,-1.9282793998718262,0.0,0.0,-0.0018853530054911971,-0.1900135576725006,0.0,0.0,-0.17074172163233287,-0.13561348902901496,-0.09344873577356339,0.10216140002012253,0.0,0.0,0.0,0.0
15.484489440917969,-0.5835538506507874,-1.9282793998718262,0.0,0.0,-0.0018853530054911971,-0.1900135576725006,0.0,0.0,-0.17074172163233287,-0.13561348902901496,-0.09344873577356339,0.10216140002012253,0.0,0.0,0.0,0.0
15.485739946365356,-0.5835538506507874,-1.9282793998718262,0.0,0.0,-0.0018853530054911971,-0.1900135576725006,0.0,0.0,-0.17111563179004893,-0.13542653980182925,-0.09619534760713577,0.10098835825920105,0.0,0.0,0.0,0.0
15.48698616027832,-0.5835538506507874,-1.9282793998718262,0.0,0.0,-0.0018853530054911971,-0.1900135576725006,0.0,0.0,-0.17111563179004893,-0.13542653980182925,-0.09619534760713577,0.10098835825920105,0.0,0.0,0.0,0.0
15.488213062286377,-0.3511336147785187,-1.500272274017334,0.0,0.0,-0.001273571397177875,-0.18946532905101776,0.0,0.0,-0.17113960023985963,-0.1353306660025864,-0.09296239167451859,0.10136031359434128,0.0,0.0,0.0,0.0
15.489466667175293,-0.3511336147785187,-1.500272274017334,0.0,0.0,-0.001273571397177875,-0.18946532905101776,0.0,0.0,-0.17113960023985963,-0.1353306660025864,-0.09296239167451859,0.10136031359434128,0.0,0.0,0.0,0.0
15.490741491317749,-0.3511336147785187,-1.500272274017334,0.0,0.0,-0.001273571397177875,-0.18946532905101776,0.0,0.0,-0.17112043016134892,-0.13537380453090783,-0.09073081612586975,0.10239025950431824,0.0,0.0,0.0,0.0
15.49203109741211,-0.3511336147785187,-1.500272274017334,0.0,0.0,-0.001273571397177875,-0.18946532905101776,0.0,0.0,-0.17112043016134892,-0.13537380453090783,-0.09073081612586975,0.10239025950431824,0.0,0.0,0.0,0.0
15.493321418762207,-0.3511336147785187,-1.500272274017334,0.0,0.0,-0.001273571397177875,-0.18946532905101776,0.0,0.0,-0.17112043016134892,-0.13537380453090783,-0.10188965499401093,0.11355048418045044,0.0,0.0,0.0,0.0
15.49459719657898,-0.3511336147785187,-1.500272274017334,0.0,0.0,-0.001273571397177875,-0.18946532905101776,0.0,0.0,-0.17112043016134892,-0.13537380453090783,-0.10188965499401093,0.11355048418045044,0.0,0.0,0.0,0.0
15.495891571044922,-0.3511336147785187,-1.500272274017334,0.0,0.0,-0.001273571397177875,-0.18946532905101776,0.0,0.0,-0.17112043016134892,-0.13537380453090783,-0.10188965499401093,0.11355048418045044,0.0,0.0,0.0,0.0
15.497205972671509,-0.3511336147785187,-1.500272274017334,0.0,0.0,-0.001273571397177875,-0.18946532905101776,0.0,0.0,-0.17112043016134892,-0.13537380453090783,-0.10188965499401093,0.11355048418045044,0.0,0.0,0.0,0.0
15.498499870300293,-0.17912358045578003,-1.4526984691619873,0.0,0.0,-0.0006787672755308449,-0.18911084532737732,0.0,0.0,-0.1705164205447811,-0.13537380453090783,-0.09413625299930573,0.11355048418045044,0.0,0.0,0.0,0.0
15.499845504760742,-0.17912358045578003,-1.4526984691619873,0.0,0.0,-0.0006787672755308449,-0.18911084532737732,0.0,0.0,-0.1705164205447811,-0.13537380453090783,-0.09413625299930573,0.11355048418045044,0.0,0.0,0.0,0.0
15.501274585723877,-0.17912358045578003,-1.4526984691619873,0.0,0.0,-0.0006787672755308449,-0.18911084532737732,0.0,0.0,-0.1696247895304847,-0.13537380453090783,-0.08655456453561783,0.11355048418045044,0.0,0.0,0.0,0.0
15.502606391906738,-0.17912358045578003,-1.4526984691619873,0.0,0.0,-0.0006787672755308449,-0.18911084532737732,0.0,0.0,-0.1696247895304847,-0.13537380453090783,-0.08655456453561783,0.11355048418045044,0.0,0.0,0.0,0.0
15.503968715667725,-0.17912358045578003,-1.4526984691619873,0.0,0.0,-0.0006787672755308449,-0.18911084532737732,0.0,0.0,-0.1688002771976651,-0.13537380453090783,-0.09110676497220993,0.1247975304722786,0.0,0.0,0.0,0.0
15.505340814590454,-0.17912358045578003,-1.4526984691619873,0.0,0.0,-0.0006787672755308449,-0.18911084532737732,0.0,0.0,-0.1688002771976651,-0.13537380453090783,-0.09110676497220993,0.1247975304722786,0.0,0.0,0.0,0.0
15.506718873977661,-0.17912358045578003,-1.4526984691619873,0.0,0.0,-0.0006787672755308449,-0.18911084532737732,0.0,0.0,-0.16768814346711694,-0.13545050825163996,-0.08595692366361618,0.1247975304722786,0.0,0.0,0.0,0.0
15.508146524429321,-0.04840715229511261,-1.8195725679397583,0.0,0.0,-0.00024319664225913584,-0.18912862241268158,0.0,0.0,-0.16768814346711694,-0.13545050825163996,-0.08595692366361618,0.1247975304722786,0.0,0.0,0.0,0.0
15.509889841079712,-0.04840715229511261,-1.8195725679397583,0.0,0.0,-0.00024319664225913584,-0.18912862241268158,0.0,0.0,-0.1668108958633759,-0.1358483751558221,-0.08069267123937607,0.13011904060840607,0.0,0.0,0.0,0.0
15.511279821395874,-0.04840715229511261,-1.8195725679397583,0.0,0.0,-0.00024319664225913584,-0.18912862241268158,0.0,0.0,-0.16602473539092238,-0.13628940399501493,-0.0735115259885788,0.133466437458992,0.0,0.0,0.0,0.0
15.51265549659729,-0.04840715229511261,-1.8195725679397583,0.0,0.0,-0.00024319664225913584,-0.18912862241268158,0.0,0.0,-0.16602473539092238,-0.13628940399501493,-0.0735115259885788,0.133466437458992,0.0,0.0,0.0,0.0
15.514015197753906,-0.04840715229511261,-1.8195725679397583,0.0,0.0,-0.00024319664225913584,-0.18912862241268158,0.0,0.0,-0.16515228615848135,-0.136653717410131,-0.08158554881811142,0.14703428745269775,0.0,0.0,0.0,0.0
15.515377759933472,-0.04840715229511261,-1.8195725679397583,0.0,0.0,-0.00024319664225913584,-0.18912862241268158,0.0,0.0,-0.16515228615848135,-0.136653717410131,-0.08158554881811142,0.14703428745269775,0.0,0.0,0.0,0.0
15.516738891601562,-0.04840715229511261,-1.8195725679397583,0.0,0.0,-0.00024319664225913584,-0.18912862241268158,0.0,0.0,-0.16421271824456354,-0.13727689710520952,-0.07655014097690582,0.15158331394195557,0.0,0.0,0.0,0.0
15.51815414428711,-0.06361029297113419,-2.0039868354797363,0.0,0.0,-0.00018471987277735025,-0.18913614749908447,0.0,0.0,-0.16421271824456354,-0.13727689710520952,-0.07655014097690582,0.15158331394195557,0.0,0.0,0.0,0.0
15.519625425338745,-0.06361029297113419,-2.0039868354797363,0.0,0.0,-0.00018471987277735025,-0.18913614749908447,0.0,0.0,-0.16323959684157965,-0.13774668106216845,-0.06908287853002548,0.154244065284729,0.0,0.0,0.0,0.0
15.52097773551941,-0.06361029297113419,-2.0039868354797363,0.0,0.0,-0.00018471987277735025,-0.18913614749908447,0.0,0.0,-0.16323959684157965,-0.13774668106216845,-0.06908287853002548,0.154244065284729,0.0,0.0,0.0,0.0
15.522751331329346,-0.06361029297113419,-2.0039868354797363,0.0,0.0,-0.00018471987277735025,-0.18913614749908447,0.0,0.0,-0.1624007010982047,-0.13769394579124702,-0.07491179555654526,0.16187551617622375,0.0,0.0,0.0,0.0
15.52457070350647,-0.06361029297113419,-2.0039868354797363,0.0,0.0,-0.00018471987277735025,-0.18913614749908447,0.0,0.0,-0.1614946983766976,-0.13794322703195414,-0.07062027603387833,0.16413570940494537,0.0,0.0,0.0,0.0
15.526000022888184,-0.06361029297113419,-2.0039868354797363,0.0,0.0,-0.00018471987277735025,-0.18913614749908447,0.0,0.0,-0.1614946983766976,-0.13794322703195414,-0.07062027603387833,0.16413570940494537,0.0,0.0,0.0,0.0
15.527456045150757,-0.06361029297113419,-2.0039868354797363,0.0,0.0,-0.00018471987277735025,-0.18913614749908447,0.0,0.0,-0.160334627746528,-0.13802471742064162,-0.06366796046495438,0.1638496071100235,0.0,0.0,0.0,0.0
15.528936624526978,-0.18254001438617706,-2.008831024169922,0.0,0.0,-0.00040387854096479714,-0.1890111118555069,0.0,0.0,-0.160334627746528,-0.13802471742064162,-0.06366796046495438,0.1638496071100235,0.0,0.0,0.0,0.0
15.531003475189209,-0.18254001438617706,-2.008831024169922,0.0,0.0,-0.00040387854096479714,-0.1890111118555069,0.0,0.0,-0.15917934378431378,-0.13798636556027558,-0.0555998757481575,0.16279102861881256,0.0,0.0,0.0,0.0
15.532593488693237,-0.18254001438617706,-2.008831024169922,0.0,0.0,-0.00040387854096479714,-0.1890111118555069,0.0,0.0,-0.15783231222361385,-0.13798636556027558,-0.05802076682448387,0.1740231215953827,0.0,0.0,0.0,0.0
15.534059047698975,-0.18254001438617706,-2.008831024169922,0.0,0.0,-0.00040387854096479714,-0.1890111118555069,0.0,0.0,-0.15783231222361385,-0.13798636556027558,-0.05802076682448387,0.1740231215953827,0.0,0.0,0.0,0.0
15.535626649856567,-0.18254001438617706,-2.008831024169922,0.0,0.0,-0.00040387854096479714,-0.1890111118555069,0.0,0.0,-0.15656678275494607,-0.13732483400483095,-0.04949488490819931,0.1650967299938202,0.0,0.0,0.0,0.0
15.53724980354309,-0.18254001438617706,-2.008831024169922,0.0,0.0,-0.00040387854096479714,-0.1890111118555069,0.0,0.0,-0.15502321692780505,-0.1367448045414185,-0.03696362301707268,0.16260766983032227,0.0,0.0,0.0,0.0
15.540040016174316,-0.35629066824913025,-2.126854658126831,0.0,0.0,-0.0008690257673151791,-0.18888238072395325,0.0,0.0,-0.15370015381691585,-0.13604492112560782,-0.029038602486252785,0.15662813186645508,0.0,0.0,0.0,0.0
15.542062759399414,-0.35629066824913025,-2.126854658126831,0.0,0.0,-0.0008690257673151791,-0.18888238072395325,0.0,0.0,-0.1519360735701784,-0.13520602538223284,-0.03018084727227688,0.16197527945041656,0.0,0.0,0.0,0.0
15.543606519699097,-0.35629066824913025,-2.126854658126831,0.0,0.0,-0.0008690257673151791,-0.18888238072395325,0.0,0.0,-0.1519360735701784,-0.13520602538223284,-0.03018084727227688,0.16197527945041656,0.0,0.0,0.0,0.0
15.545020818710327,-0.35629066824913025,-2.126854658126831,0.0,0.0,-0.0008690257673151791,-0.18888238072395325,0.0,0.0,-0.15021514355510707,-0.13438151304941323,-0.020882517099380493,0.15548075735569,0.0,0.0,0.0,0.0
15.5464026927948,-0.35629066824913025,-2.126854658126831,0.0,0.0,-0.0008690257673151791,-0.18888238072395325,0.0,0.0,-0.15021514355510707,-0.13438151304941323,-0.020882517099380493,0.15548075735569,0.0,0.0,0.0,0.0
15.547983407974243,-0.5108826160430908,-2.1829936504364014,0.0,0.0,-0.0013352963142096996,-0.18875251710414886,0.0,0.0,-0.1487195146275875,-0.13371518312266864,-0.010153668001294136,0.1540789157152176,0.0,0.0,0.0,0.0
15.549416065216064,-0.5108826160430908,-2.1829936504364014,0.0,0.0,-0.0013352963142096996,-0.18875251710414886,0.0,0.0,-0.14735331298837684,-0.13321184567664365,-0.004059702157974243,0.15010204911231995,0.0,0.0,0.0,0.0
15.550858497619629,-0.5108826160430908,-2.1829936504364014,0.0,0.0,-0.0013352963142096996,-0.18875251710414886,0.0,0.0,-0.14735331298837684,-0.13321184567664365,-0.004059702157974243,0.15010204911231995,0.0,0.0,0.0,0.0
15.55219054222107,-0.5108826160430908,-2.1829936504364014,0.0,0.0,-0.0013352963142096996,-0.18875251710414886,0.0,0.0,-0.14619324235820727,-0.13271810497321868,-0.009647595696151257,0.15986712276935577,0.0,0.0,0.0,0.0
15.553665161132812,-0.5108826160430908,-2.1829936504364014,0.0,0.0,-0.0013352963142096996,-0.18875251710414886,0.0,0.0,-0.14619324235820727,-0.13271810497321868,-0.009647595696151257,0.15986712276935577,0.0,0.0,0.0,0.0
15.555302858352661,-0.5108826160430908,-2.1829936504364014,0.0,0.0,-0.0013352963142096996,-0.18875251710414886,0.0,0.0,-0.14547418886388586,-0.13216683062757226,-0.004898283630609512,0.15671999752521515,0.0,0.0,0.0,0.0
15.55681037902832,-0.5108826160430908,-2.1829936504364014,0.0,0.0,-0.0013352963142096996,-0.18875251710414886,0.0,0.0,-0.14437164017259305,-0.13199425310759727,-0.0015509299701079726,0.1577499657869339,0.0,0.0,0.0,0.0
15.55817461013794,-0.6318427920341492,-1.995051622390747,0.0,0.0,-0.001739275292493403,-0.1884516179561615,0.0,0.0,-0.14437164017259305,-0.13199425310759727,-0.0015509299701079726,0.1577499657869339,0.0,0.0,0.0,0.0
15.559565544128418,-0.6318427920341492,-1.995051622390747,0.0,0.0,-0.001739275292493403,-0.1884516179561615,0.0,0.0,-0.14381556745564666,-0.13164431139969193,-0.0003778545360546559,0.1562049686908722,0.0,0.0,0.0,0.0
15.560927629470825,-0.6318427920341492,-1.995051622390747,0.0,0.0,-0.001739275292493403,-0.1884516179561615,0.0,0.0,-0.14381556745564666,-0.13164431139969193,-0.0003778545360546559,0.1562049686908722,0.0,0.0,0.0,0.0
15.562302112579346,-0.6318427920341492,-1.995051622390747,0.0,0.0,-0.001739275292493403,-0.1884516179561615,0.0,0.0,-0.1436094364466056,-0.13152926752193836,-0.012440642341971397,0.1674380600452423,0.0,0.0,0.0,0.0
15.563713550567627,-0.6318427920341492,-1.995051622390747,0.0,0.0,-0.001739275292493403,-0.1884516179561615,0.0,0.0,-0.1436094364466056,-0.13152926752193836,-0.012440642341971397,0.1674380600452423,0.0,0.0,0.0,0.0
15.5654776096344,-0.6318427920341492,-1.995051622390747,0.0,0.0,-0.001739275292493403,-0.1884516179561615,0.0,0.0,-0.1433314000881324,-0.1313279348841973,-0.012125985696911812,0.1662936508655548,0.0,0.0,0.0,0.0
15.566945314407349,-0.6318427920341492,-1.995051622390747,0.0,0.0,-0.001739275292493403,-0.1884516179561615,0.0,0.0,-0.14331223000962168,-0.1313854568230741,-0.013613661751151085,0.16692307591438293,0.0,0.0,0.0,0.0
15.568459749221802,-0.7340604662895203,-1.6393191814422607,0.0,0.0,-0.002054945332929492,-0.18795038759708405,0.0,0.0,-0.14331223000962168,-0.1313854568230741,-0.013613661751151085,0.16692307591438293,0.0,0.0,0.0,0.0
15.570297479629517,-0.7340604662895203,-1.6393191814422607,0.0,0.0,-0.002054945332929492,-0.18795038759708405,0.0,0.0,-0.14327387814925563,-0.1313854568230741,-0.014185881242156029,0.16823919117450714,0.0,0.0,0.0,0.0
15.572298765182495,-0.7340604662895203,-1.6393191814422607,0.0,0.0,-0.002054945332929492,-0.18795038759708405,0.0,0.0,-0.14365258667827166,-0.1313854568230741,-0.030219249427318573,0.1795232594013214,0.0,0.0,0.0,0.0
15.57392406463623,-0.7340604662895203,-1.6393191814422607,0.0,0.0,-0.002054945332929492,-0.18795038759708405,0.0,0.0,-0.14365258667827166,-0.1313854568230741,-0.030219249427318573,0.1795232594013214,0.0,0.0,0.0,0.0
15.575363159179688,-0.7340604662895203,-1.6393191814422607,0.0,0.0,-0.002054945332929492,-0.18795038759708405,0.0,0.0,-0.1440552519537538,-0.1309156728661152,-0.03333774954080582,0.1752316951751709,0.0,0.0,0.0,0.0
15.576804399490356,-0.7340604662895203,-1.6393191814422607,0.0,0.0,-0.002054945332929492,-0.18795038759708405,0.0,0.0,-0.1440552519537538,-0.1309156728661152,-0.03333774954080582,0.1752316951751709,0.0,0.0,0.0,0.0
15.580164432525635,-0.8277040719985962,-1.5015530586242676,0.0,0.0,-0.0022878581658005714,-0.187575563788414,0.0,0.0,-0.1448030722691859,-0.130306876581592,-0.037800975143909454,0.17028215527534485,0.0,0.0,0.0,0.0
15.581786394119263,-0.8277040719985962,-1.5015530586242676,0.0,0.0,-0.0022878581658005714,-0.187575563788414,0.0,0.0,-0.1448030722691859,-0.130306876581592,-0.037800975143909454,0.17028215527534485,0.0,0.0,0.0,0.0
15.583197355270386,-0.8277040719985962,-1.5015530586242676,0.0,0.0,-0.0022878581658005714,-0.187575563788414,0.0,0.0,-0.14508589529561447,-0.1296165782050367,-0.05091620609164238,0.1744130551815033,0.0,0.0,0.0,0.0
15.584589958190918,-0.8277040719985962,-1.5015530586242676,0.0,0.0,-0.0022878581658005714,-0.187575563788414,0.0,0.0,-0.14508589529561447,-0.1296165782050367,-0.05091620609164238,0.1744130551815033,0.0,0.0,0.0,0.0
15.586075782775879,-0.8277040719985962,-1.5015530586242676,0.0,0.0,-0.0022878581658005714,-0.187575563788414,0.0,0.0,-0.14509548033486983,-0.1287776824616617,-0.04842709004878998,0.16909159719944,0.0,0.0,0.0,0.0
15.588162183761597,-0.8439174294471741,-1.6589261293411255,0.0,0.0,-0.002408078406006098,-0.18741466104984283,0.0,0.0,-0.14504275676729303,-0.12739231074394036,-0.047282736748456955,0.1583341360092163,0.0,0.0,0.0,0.0
15.589707374572754,-0.8439174294471741,-1.6589261293411255,0.0,0.0,-0.002408078406006098,-0.18741466104984283,0.0,0.0,-0.14504275676729303,-0.1258055946851333,-0.047282736748456955,0.1460031270980835,0.0,0.0,0.0,0.0
15.591117143630981,-0.8439174294471741,-1.6589261293411255,0.0,0.0,-0.002408078406006098,-0.18741466104984283,0.0,0.0,-0.14504275676729303,-0.1258055946851333,-0.047282736748456955,0.1460031270980835,0.0,0.0,0.0,0.0
15.592523336410522,-0.8439174294471741,-1.6589261293411255,0.0,0.0,-0.002408078406006098,-0.18741466104984283,0.0,0.0,-0.14504275676729303,-0.12388333203232088,-0.058566804975271225,0.14252565801143646,0.0,0.0,0.0,0.0
15.593900442123413,-0.8439174294471741,-1.6589261293411255,0.0,0.0,-0.002408078406006098,-0.18741466104984283,0.0,0.0,-0.14504275676729303,-0.12388333203232088,-0.058566804975271225,0.14252565801143646,0.0,0.0,0.0,0.0
15.595281839370728,-0.8439174294471741,-1.6589261293411255,0.0,0.0,-0.002408078406006098,-0.18741466104984283,0.0,0.0,-0.14465446319902162,-0.1217213731780567,-0.05376022309064865,0.12796305119991302,0.0,0.0,0.0,0.0
15.596664667129517,-0.8439174294471741,-1.6589261293411255,0.0,0.0,-0.002408078406006098,-0.18741466104984283,0.0,0.0,-0.14465446319902162,-0.1217213731780567,-0.05376022309064865,0.12796305119991302,0.0,0.0,0.0,0.0
15.598064184188843,-0.7808918356895447,-1.9422099590301514,0.0,0.0,-0.002301847329363227,-0.187432661652565,0.0,0.0,-0.14401690009338772,-0.11931494315773003,-0.04829568788409233,0.1138581782579422,0.0,0.0,0.0,0.0
15.599483728408813,-0.7808918356895447,-1.9422099590301514,0.0,0.0,-0.002301847329363227,-0.187432661652565,0.0,0.0,-0.14401690009338772,-0.11931494315773003,-0.04829568788409233,0.1138581782579422,0.0,0.0,0.0,0.0
15.600819110870361,-0.7808918356895447,-1.9422099590301514,0.0,0.0,-0.002301847329363227,-0.187432661652565,0.0,0.0,-0.14364298993567168,-0.116889331355548,-0.04440472647547722,0.10041137039661407,0.0,0.0,0.0,0.0
15.602192878723145,-0.7808918356895447,-1.9422099590301514,0.0,0.0,-0.002301847329363227,-0.187432661652565,0.0,0.0,-0.14364298993567168,-0.116889331355548,-0.04440472647547722,0.10041137039661407,0.0,0.0,0.0,0.0
15.603642702102661,-0.7808918356895447,-1.9422099590301514,0.0,0.0,-0.002301847329363227,-0.187432661652565,0.0,0.0,-0.14329305993111097,-0.11481845963257131,-0.05652995780110359,0.09937525540590286,0.0,0.0,0.0,0.0
15.605059385299683,-0.7808918356895447,-1.9422099590301514,0.0,0.0,-0.002301847329363227,-0.187432661652565,0.0,0.0,-0.14329305993111097,-0.11481845963257131,-0.05652995780110359,0.09937525540590286,0.0,0.0,0.0,0.0
15.606908798217773,-0.7808918356895447,-1.9422099590301514,0.0,0.0,-0.002301847329363227,-0.187432661652565,0.0,0.0,-0.14328826155981098,-0.11294413387938032,-0.05856126919388771,0.08801702409982681,0.0,0.0,0.0,0.0
15.60848093032837,-0.6822837591171265,-2.10113525390625,0.0,0.0,-0.002083343919366598,-0.18742088973522186,0.0,0.0,-0.14327387814925563,-0.11169777448922324,-0.05927654355764389,0.08515600115060806,0.0,0.0,0.0,0.0
15.610012531280518,-0.6822837591171265,-2.10113525390625,0.0,0.0,-0.002083343919366598,-0.18742088973522186,0.0,0.0,-0.14327387814925563,-0.11169777448922324,-0.05927654355764389,0.08515600115060806,0.0,0.0,0.0,0.0
15.611736536026001,-0.6822837591171265,-2.10113525390625,0.0,0.0,-0.002083343919366598,-0.18742088973522186,0.0,0.0,-0.1436094364466056,-0.11107459479414471,-0.06064986065030098,0.08198019862174988,0.0,0.0,0.0,0.0
15.613569498062134,-0.6822837591171265,-2.10113525390625,0.0,0.0,-0.002083343919366598,-0.18742088973522186,0.0,0.0,-0.14445791722923593,-0.11046100013832152,-0.08318909257650375,0.09361971914768219,0.0,0.0,0.0,0.0
15.615050315856934,-0.6822837591171265,-2.10113525390625,0.0,0.0,-0.002083343919366598,-0.18742088973522186,0.0,0.0,-0.14445791722923593,-0.11046100013832152,-0.08318909257650375,0.09361971914768219,0.0,0.0,0.0,0.0
15.616869926452637,-0.6822837591171265,-2.10113525390625,0.0,0.0,-0.002083343919366598,-0.18742088973522186,0.0,0.0,-0.14523450436577873,-0.11045141509906616,-0.08736620843410492,0.09802567213773727,0.0,0.0,0.0,0.0
15.618252515792847,-0.4642453193664551,-1.880126714706421,0.0,0.0,-0.0015475634718313813,-0.1871175765991211,0.0,0.0,-0.14576181026161442,-0.1105233204484983,-0.09039891511201859,0.10011427104473114,0.0,0.0,0.0,0.0
15.619826555252075,-0.4642453193664551,-1.880126714706421,0.0,0.0,-0.0015475634718313813,-0.1871175765991211,0.0,0.0,-0.14576181026161442,-0.1105233204484983,-0.09039891511201859,0.10011427104473114,0.0,0.0,0.0,0.0
15.621257305145264,-0.4642453193664551,-1.880126714706421,0.0,0.0,-0.0015475634718313813,-0.1871175765991211,0.0,0.0,-0.14638498995669297,-0.1105233204484983,-0.0942898616194725,0.10011427104473114,0.0,0.0,0.0,0.0
15.623145818710327,-0.4642453193664551,-1.880126714706421,0.0,0.0,-0.0015475634718313813,-0.1871175765991211,0.0,0.0,-0.14690749748122867,-0.1105233204484983,-0.10898152738809586,0.11137125641107559,0.0,0.0,0.0,0.0
15.624552965164185,-0.4642453193664551,-1.880126714706421,0.0,0.0,-0.0015475634718313813,-0.1871175765991211,0.0,0.0,-0.14690749748122867,-0.1105233204484983,-0.10898152738809586,0.11137125641107559,0.0,0.0,0.0,0.0
15.625981330871582,-0.4642453193664551,-1.880126714706421,0.0,0.0,-0.0015475634718313813,-0.1871175765991211,0.0,0.0,-0.14722388570006792,-0.1105233204484983,-0.10872403532266617,0.11137125641107559,0.0,0.0,0.0,0.0
15.627481937408447,-0.4642453193664551,-1.880126714706421,0.0,0.0,-0.0015475634718313813,-0.1871175765991211,0.0,0.0,-0.14722388570006792,-0.1105233204484983,-0.10872403532266617,0.11137125641107559,0.0,0.0,0.0,0.0
15.630627393722534,-0.23642437160015106,-1.4626213312149048,0.0,0.0,-0.0008604975882917643,-0.18654543161392212,0.0,0.0,-0.1471903205076572,-0.1105233204484983,-0.1052049770951271,0.11137125641107559,0.0,0.0,0.0,0.0
15.632093667984009,-0.23642437160015106,-1.4626213312149048,0.0,0.0,-0.0008604975882917643,-0.18654543161392212,0.0,0.0,-0.1471903205076572,-0.1105233204484983,-0.1052049770951271,0.11137125641107559,0.0,0.0,0.0,0.0
15.633545637130737,-0.23642437160015106,-1.4626213312149048,0.0,0.0,-0.0008604975882917643,-0.18654543161392212,0.0,0.0,-0.1465144172450019,-0.1105233204484983,-0.1084836944937706,0.1226915791630745,0.0,0.0,0.0,0.0
15.635187864303589,-0.23642437160015106,-1.4626213312149048,0.0,0.0,-0.0008604975882917643,-0.18654543161392212,0.0,0.0,-0.1465144172450019,-0.1105233204484983,-0.1084836944937706,0.1226915791630745,0.0,0.0,0.0,0.0
15.636688947677612,-0.23642437160015106,-1.4626213312149048,0.0,0.0,-0.0008604975882917643,-0.18654543161392212,0.0,0.0,-0.14546939049258586,-0.1105233204484983,-0.09858454018831253,0.1226915791630745,0.0,0.0,0.0,0.0
15.638370275497437,-0.05904017761349678,-1.6609008312225342,0.0,0.0,-0.00034506042720749974,-0.18637710809707642,0.0,0.0,-0.14546939049258586,-0.1105233204484983,-0.09858454018831253,0.1226915791630745,0.0,0.0,0.0,0.0
15.640238761901855,-0.05904017761349678,-1.6609008312225342,0.0,0.0,-0.00034506042720749974,-0.18637710809707642,0.0,0.0,-0.1442997348231609,-0.1105233204484983,-0.0913461297750473,0.1226915791630745,0.0,0.0,0.0,0.0
15.642006397247314,-0.05904017761349678,-1.6609008312225342,0.0,0.0,-0.00034506042720749974,-0.18637710809707642,0.0,0.0,-0.1433074316383217,-0.1105233204484983,-0.08505187928676605,0.1226915791630745,0.0,0.0,0.0,0.0
15.643474340438843,-0.05904017761349678,-1.6609008312225342,0.0,0.0,-0.00034506042720749974,-0.18637710809707642,0.0,0.0,-0.1433074316383217,-0.1105233204484983,-0.08505187928676605,0.1226915791630745,0.0,0.0,0.0,0.0
15.645366430282593,-0.05904017761349678,-1.6609008312225342,0.0,0.0,-0.00034506042720749974,-0.18637710809707642,0.0,0.0,-0.14241101395606995,-0.1105233204484983,-0.09189801663160324,0.13405604660511017,0.0,0.0,0.0,0.0
15.646873950958252,-0.05904017761349678,-1.6609008312225342,0.0,0.0,-0.00034506042720749974,-0.18637710809707642,0.0,0.0,-0.1414858294527075,-0.11098350766285721,-0.08689122647047043,0.1392917037010193,0.0,0.0,0.0,0.0
15.648433446884155,-0.014173977077007294,-2.069026231765747,0.0,0.0,-0.00012270275328774005,-0.1865111142396927,0.0,0.0,-0.1414858294527075,-0.11098350766285721,-0.08689122647047043,0.1392917037010193,0.0,0.0,0.0,0.0
15.649941205978394,-0.014173977077007294,-2.069026231765747,0.0,0.0,-0.00012270275328774005,-0.1865111142396927,0.0,0.0,-0.14055105991008968,-0.11129989588169648,-0.08079729974269867,0.14117993414402008,0.0,0.0,0.0,0.0
15.651782274246216,-0.014173977077007294,-2.069026231765747,0.0,0.0,-0.00012270275328774005,-0.1865111142396927,0.0,0.0,-0.14055105991008968,-0.11129989588169648,-0.08079729974269867,0.14117993414402008,0.0,0.0,0.0,0.0
15.65465259552002,-0.014173977077007294,-2.069026231765747,0.0,0.0,-0.00012270275328774005,-0.1865111142396927,0.0,0.0,-0.13907461276442545,-0.11159710231868039,-0.08517742902040482,0.1534571796655655,0.0,0.0,0.0,0.0
15.656525373458862,-0.014173977077007294,-2.069026231765747,0.0,0.0,-0.00012270275328774005,-0.1865111142396927,0.0,0.0,-0.13907461276442545,-0.11159710231868039,-0.08517742902040482,0.1534571796655655,0.0,0.0,0.0,0.0
15.658692121505737,-0.07804027199745178,-2.1707587242126465,0.0,0.0,-0.00015932628593873233,-0.18649019300937653,0.0,0.0,-0.13811107640069692,-0.11197579914435181,-0.07756713032722473,0.15654709935188293,0.0,0.0,0.0,0.0
15.660555839538574,-0.07804027199745178,-2.1707587242126465,0.0,0.0,-0.00015932628593873233,-0.18649019300937653,0.0,0.0,-0.13720507367918983,-0.11221548364245894,-0.07215981930494308,0.15826371312141418,0.0,0.0,0.0,0.0
15.662667036056519,-0.07804027199745178,-2.1707587242126465,0.0,0.0,-0.00015932628593873233,-0.18649019300937653,0.0,0.0,-0.13646683840301307,-0.112258633874125,-0.0802486464381218,0.16778312623500824,0.0,0.0,0.0,0.0
15.664851427078247,-0.07804027199745178,-2.1707587242126465,0.0,0.0,-0.00015932628593873233,-0.18649019300937653,0.0,0.0,-0.1356614961487042,-0.11221548364245894,-0.07412607967853546,0.16666726768016815,0.0,0.0,0.0,0.0
15.666521072387695,-0.07804027199745178,-2.1707587242126465,0.0,0.0,-0.00015932628593873233,-0.18649019300937653,0.0,0.0,-0.1356614961487042,-0.11221548364245894,-0.07412607967853546,0.16666726768016815,0.0,0.0,0.0,0.0
15.668914318084717,-0.2324957251548767,-2.122875928878784,0.0,0.0,-0.0005413371254689991,-0.1862710416316986,0.0,0.0,-0.1345014255185346,-0.11221548364245894,-0.06554298102855682,0.16666726768016815,0.0,0.0,0.0,0.0
15.670985221862793,-0.2324957251548767,-2.122875928878784,0.0,0.0,-0.0005413371254689991,-0.1862710416316986,0.0,0.0,-0.1334324303163079,-0.11221548364245894,-0.05947762355208397,0.16666726768016815,0.0,0.0,0.0,0.0
15.672697067260742,-0.2324957251548767,-2.122875928878784,0.0,0.0,-0.0005413371254689991,-0.1862710416316986,0.0,0.0,-0.13231071154650434,-0.11197101247639644,-0.06268438696861267,0.17805659770965576,0.0,0.0,0.0,0.0
15.674262046813965,-0.2324957251548767,-2.122875928878784,0.0,0.0,-0.0005413371254689991,-0.1862710416316986,0.0,0.0,-0.13231071154650434,-0.11197101247639644,-0.06268438696861267,0.17805659770965576,0.0,0.0,0.0,0.0
15.676267147064209,-0.2324957251548767,-2.122875928878784,0.0,0.0,-0.0005413371254689991,-0.1862710416316986,0.0,0.0,-0.13104518207783655,-0.11132386433150719,-0.05627572163939476,0.16953080892562866,0.0,0.0,0.0,0.0
15.677703142166138,-0.2324957251548767,-2.122875928878784,0.0,0.0,-0.0005413371254689991,-0.1862710416316986,0.0,0.0,-0.12963583020695985,-0.11065274773680722,-0.04454555734992027,0.16312211751937866,0.0,0.0,0.0,0.0
15.679811716079712,-0.3782602846622467,-2.2418360710144043,0.0,0.0,-0.0009514729026705027,-0.18614906072616577,0.0,0.0,-0.12808267934056347,-0.10990972579267512,-0.03447475656867027,0.15697090327739716,0.0,0.0,0.0,0.0
15.681430339813232,-0.3782602846622467,-2.2418360710144043,0.0,0.0,-0.0009514729026705027,-0.18614906072616577,0.0,0.0,-0.12808267934056347,-0.10990972579267512,-0.03447475656867027,0.15697090327739716,0.0,0.0,0.0,0.0
15.683539152145386,-0.3782602846622467,-2.2418360710144043,0.0,0.0,-0.0009514729026705027,-0.18614906072616577,0.0,0.0,-0.12633776917233677,-0.10862981291345196,-0.03580524027347565,0.15913112461566925,0.0,0.0,0.0,0.0
15.685328722000122,-0.3782602846622467,-2.2418360710144043,0.0,0.0,-0.0009514729026705027,-0.18614906072616577,0.0,0.0,-0.12471751132780828,-0.10762792468935738,-0.026134969666600227,0.152836874127388,0.0,0.0,0.0,0.0
15.68686056137085,-0.3782602846622467,-2.2418360710144043,0.0,0.0,-0.0009514729026705027,-0.18614906072616577,0.0,0.0,-0.12471751132780828,-0.10762792468935738,-0.026134969666600227,0.152836874127388,0.0,0.0,0.0,0.0
15.689113140106201,-0.5136579871177673,-2.261716365814209,0.0,0.0,-0.0013256564270704985,-0.18599818646907806,0.0,0.0,-0.1231020284478905,-0.10681779576709312,-0.017008332535624504,0.15017613768577576,0.0,0.0,0.0,0.0
15.690610408782959,-0.5136579871177673,-2.261716365814209,0.0,0.0,-0.0013256564270704985,-0.18599818646907806,0.0,0.0,-0.12171185835886915,-0.10593096312409674,-0.008053330704569817,0.14700040221214294,0.0,0.0,0.0,0.0
15.692179918289185,-0.5136579871177673,-2.261716365814209,0.0,0.0,-0.0013256564270704985,-0.18599818646907806,0.0,0.0,-0.12171185835886915,-0.10593096312409674,-0.008053330704569817,0.14700040221214294,0.0,0.0,0.0,0.0
15.694414377212524,-0.5136579871177673,-2.261716365814209,0.0,0.0,-0.0013256564270704985,-0.18599818646907806,0.0,0.0,-0.12050864920037813,-0.10495304334981286,-0.01685354672372341,0.1485907882452011,0.0,0.0,0.0,0.0
15.696660041809082,-0.5136579871177673,-2.261716365814209,0.0,0.0,-0.0013256564270704985,-0.18599818646907806,0.0,0.0,-0.11970330694606923,-0.10451682458526466,-0.010301761329174042,0.1504504382610321,0.0,0.0,0.0,0.0
15.698371887207031,-0.6405585408210754,-2.261012554168701,0.0,0.0,-0.0016128628049045801,-0.18580488860607147,0.0,0.0,-0.11905136042987999,-0.10371628070225576,-0.009615115821361542,0.1428687572479248,0.0,0.0,0.0,0.0
15.700354099273682,-0.6405585408210754,-2.261012554168701,0.0,0.0,-0.0016128628049045801,-0.18580488860607147,0.0,0.0,-0.11879250585326213,-0.10363957698152364,-0.011160098016262054,0.14844778180122375,0.0,0.0,0.0,0.0
15.70208215713501,-0.6405585408210754,-2.261012554168701,0.0,0.0,-0.0016128628049045801,-0.18580488860607147,0.0,0.0,-0.11879250585326213,-0.10363957698152364,-0.011160098016262054,0.14844778180122375,0.0,0.0,0.0,0.0
15.70371150970459,-0.6405585408210754,-2.261012554168701,0.0,0.0,-0.0016128628049045801,-0.18580488860607147,0.0,0.0,-0.11850488445553359,-0.10315540961400937,-0.022197680547833443,0.15353447198867798,0.0,0.0,0.0,0.0
15.705707788467407,-0.6405585408210754,-2.261012554168701,0.0,0.0,-0.0016128628049045801,-0.18580488860607147,0.0,0.0,-0.11846174592721215,-0.10289655503739152,-0.023513738065958023,0.1539635807275772,0.0,0.0,0.0,0.0
15.707355260848999,-0.6405585408210754,-2.261012554168701,0.0,0.0,-0.0016128628049045801,-0.18580488860607147,0.0,0.0,-0.11846174592721215,-0.10289655503739152,-0.023513738065958023,0.1539635807275772,0.0,0.0,0.0,0.0
15.70966124534607,-0.6838304400444031,-1.8320358991622925,0.0,0.0,-0.0018524095648899674,-0.18530845642089844,0.0,0.0,-0.11842339406684609,-0.10253702829023083,-0.024114597588777542,0.15064482390880585,0.0,0.0,0.0,0.0
15.711707830429077,-0.6838304400444031,-1.8320358991622925,0.0,0.0,-0.0018524095648899674,-0.18530845642089844,0.0,0.0,-0.11878770748196214,-0.10219667162158085,-0.028320258483290672,0.1484418511390686,0.0,0.0,0.0,0.0
15.713413000106812,-0.6838304400444031,-1.8320358991622925,0.0,0.0,-0.0018524095648899674,-0.18530845642089844,0.0,0.0,-0.11941568554834069,-0.10192343363440765,-0.04653054475784302,0.15950024127960205,0.0,0.0,0.0,0.0
15.7150559425354,-0.6838304400444031,-1.8320358991622925,0.0,0.0,-0.0018524095648899674,-0.18530845642089844,0.0,0.0,-0.11988067113399958,-0.10146803308800409,-0.049591824412345886,0.15497979521751404,0.0,0.0,0.0,0.0
15.716719388961792,-0.6838304400444031,-1.8320358991622925,0.0,0.0,-0.0018524095648899674,-0.18530845642089844,0.0,0.0,-0.11988067113399958,-0.10146803308800409,-0.049591824412345886,0.15497979521751404,0.0,0.0,0.0,0.0
15.718353986740112,-0.730077862739563,-1.5557116270065308,0.0,0.0,-0.0020462239626795053,-0.18480300903320312,0.0,0.0,-0.12042236044039063,-0.10072980951517198,-0.0513942688703537,0.14905746281147003,0.0,0.0,0.0,0.0
15.720116138458252,-0.730077862739563,-1.5557116270065308,0.0,0.0,-0.0020462239626795053,-0.18480300903320312,0.0,0.0,-0.1207291519166299,-0.09986214695068632,-0.0525386668741703,0.14221961796283722,0.0,0.0,0.0,0.0
15.721737384796143,-0.730077862739563,-1.5557116270065308,0.0,0.0,-0.0020462239626795053,-0.18480300903320312,0.0,0.0,-0.1207291519166299,-0.09986214695068632,-0.0525386668741703,0.14221961796283722,0.0,0.0,0.0,0.0
15.72335958480835,-0.730077862739563,-1.5557116270065308,0.0,0.0,-0.0020462239626795053,-0.18480300903320312,0.0,0.0,-0.12080585563736204,-0.09861100089257387,-0.06312701106071472,0.1447676718235016,0.0,0.0,0.0,0.0
15.725216627120972,-0.730077862739563,-1.5557116270065308,0.0,0.0,-0.0020462239626795053,-0.18480300903320312,0.0,0.0,-0.12106950858527989,-0.09698593297340073,-0.06429998576641083,0.13063426315784454,0.0,0.0,0.0,0.0
15.726755380630493,-0.730077862739563,-1.5557116270065308,0.0,0.0,-0.0020462239626795053,-0.18480300903320312,0.0,0.0,-0.12106950858527989,-0.09698593297340073,-0.06429998576641083,0.13063426315784454,0.0,0.0,0.0,0.0
15.728434562683105,-0.7299474477767944,-1.6542189121246338,0.0,0.0,-0.0020630997605621815,-0.1846017837524414,0.0,0.0,-0.12116058401322274,-0.09543278210700437,-0.06401393562555313,0.1218222826719284,0.0,0.0,0.0,0.0
15.729972839355469,-0.7299474477767944,-1.6542189121246338,0.0,0.0,-0.0020630997605621815,-0.1846017837524414,0.0,0.0,-0.12116058401322274,-0.09543278210700437,-0.06401393562555313,0.1218222826719284,0.0,0.0,0.0,0.0
15.731379985809326,-0.7299474477767944,-1.6542189121246338,0.0,0.0,-0.0020630997605621815,-0.1846017837524414,0.0,0.0,-0.12111264711360131,-0.09363994089082857,-0.06289808452129364,0.107173852622509,0.0,0.0,0.0,0.0
15.732889890670776,-0.7299474477767944,-1.6542189121246338,0.0,0.0,-0.0020630997605621815,-0.1846017837524414,0.0,0.0,-0.12111264711360131,-0.09363994089082857,-0.06289808452129364,0.107173852622509,0.0,0.0,0.0,0.0
15.734491109848022,-0.7299474477767944,-1.6542189121246338,0.0,0.0,-0.0020630997605621815,-0.1846017837524414,0.0,0.0,-0.12111264711360131,-0.0920580232033215,-0.07427889108657837,0.11180265992879868,0.0,0.0,0.0,0.0
15.736098766326904,-0.7299474477767944,-1.6542189121246338,0.0,0.0,-0.0020630997605621815,-0.1846017837524414,0.0,0.0,-0.12111264711360131,-0.09049048307469748,-0.07427889108657837,0.10324820131063461,0.0,0.0,0.0,0.0
15.73766279220581,-0.7299474477767944,-1.6542189121246338,0.0,0.0,-0.0020630997605621815,-0.1846017837524414,0.0,0.0,-0.12111264711360131,-0.09049048307469748,-0.07427889108657837,0.10324820131063461,0.0,0.0,0.0,0.0
15.74011492729187,-0.6316435933113098,-1.9427218437194824,0.0,0.0,-0.0018651348073035479,-0.18458691239356995,0.0,0.0,-0.12078188718755133,-0.08914345736566986,-0.06981569528579712,0.09775504469871521,0.0,0.0,0.0,0.0
15.741683721542358,-0.6316435933113098,-1.9427218437194824,0.0,0.0,-0.0018651348073035479,-0.18458691239356995,0.0,0.0,-0.12059493796036562,-0.08788751293625742,-0.06952960789203644,0.08937223255634308,0.0,0.0,0.0,0.0
15.74374771118164,-0.6316435933113098,-1.9427218437194824,0.0,0.0,-0.0018651348073035479,-0.18458691239356995,0.0,0.0,-0.1205709695105549,-0.0867082663759048,-0.08158531039953232,0.09624958038330078,0.0,0.0,0.0,0.0
15.745292901992798,-0.6316435933113098,-1.9427218437194824,0.0,0.0,-0.0018651348073035479,-0.18458691239356995,0.0,0.0,-0.1205709695105549,-0.0867082663759048,-0.08158531039953232,0.09624958038330078,0.0,0.0,0.0,0.0
15.746784687042236,-0.6316435933113098,-1.9427218437194824,0.0,0.0,-0.0018651348073035479,-0.18458691239356995,0.0,0.0,-0.1205709695105549,-0.08614260861970303,-0.08247227221727371,0.0953054204583168,0.0,0.0,0.0,0.0
15.748899221420288,-0.45774853229522705,-1.9639520645141602,0.0,0.0,-0.0014302823692560196,-0.18448922038078308,0.0,0.0,-0.1205709695105549,-0.08595086102121734,-0.08247227221727371,0.09702204912900925,0.0,0.0,0.0,0.0
15.750718116760254,-0.45774853229522705,-1.9639520645141602,0.0,0.0,-0.0014302823692560196,-0.18448922038078308,0.0,0.0,-0.1205709695105549,-0.08593647761066198,-0.08247227221727371,0.09996888041496277,0.0,0.0,0.0,0.0
15.752522706985474,-0.45774853229522705,-1.9639520645141602,0.0,0.0,-0.0014302823692560196,-0.18448922038078308,0.0,0.0,-0.1205709695105549,-0.08593647761066198,-0.08247227221727371,0.09996888041496277,0.0,0.0,0.0,0.0
15.75515365600586,-0.45774853229522705,-1.9639520645141602,0.0,0.0,-0.0014302823692560196,-0.18448922038078308,0.0,0.0,-0.1205709695105549,-0.08597962199065573,-0.09387299418449402,0.11242818087339401,0.0,0.0,0.0,0.0
15.756917238235474,-0.45774853229522705,-1.9639520645141602,0.0,0.0,-0.0014302823692560196,-0.18448922038078308,0.0,0.0,-0.1205709695105549,-0.08597962199065573,-0.09387299418449402,0.11242818087339401,0.0,0.0,0.0,0.0
15.758713245391846,-0.21137171983718872,-1.7624722719192505,0.0,0.0,-0.0007961158989928663,-0.18416322767734528,0.0,0.0,-0.12112224385620131,-0.08597962199065573,-0.09965221583843231,0.11242818087339401,0.0,0.0,0.0,0.0
15.760299921035767,-0.21137171983718872,-1.7624722719192505,0.0,0.0,-0.0007961158989928663,-0.18416322767734528,0.0,0.0,-0.12112224385620131,-0.08597962199065573,-0.09965221583843231,0.11242818087339401,0.0,0.0,0.0,0.0
15.761762857437134,-0.21137171983718872,-1.7624722719192505,0.0,0.0,-0.0007961158989928663,-0.18416322767734528,0.0,0.0,-0.12115099897396739,-0.08668909044572176,-0.10961358994245529,0.13225938379764557,0.0,0.0,0.0,0.0
15.763200044631958,-0.21137171983718872,-1.7624722719192505,0.0,0.0,-0.0007961158989928663,-0.18416322767734528,0.0,0.0,-0.12115099897396739,-0.08668909044572176,-0.10961358994245529,0.13225938379764557,0.0,0.0,0.0,0.0
15.76469373703003,-0.21137171983718872,-1.7624722719192505,0.0,0.0,-0.0007961158989928663,-0.18416322767734528,0.0,0.0,-0.12111264711360131,-0.08700547281288872,-0.10855501145124435,0.1333179771900177,0.0,0.0,0.0,0.0
15.766296625137329,-0.21137171983718872,-1.7624722719192505,0.0,0.0,-0.0007961158989928663,-0.18416322767734528,0.0,0.0,-0.12085379253698347,-0.0873937605294878,-0.10718176513910294,0.13600730895996094,0.0,0.0,0.0,0.0
15.768691062927246,-0.08299759775400162,-1.6872162818908691,0.0,0.0,-0.00035275029949843884,-0.18385395407676697,0.0,0.0,-0.12007721710378529,-0.08772931882683778,-0.09656732529401779,0.1368083953857422,0.0,0.0,0.0,0.0
15.770136594772339,-0.08299759775400162,-1.6872162818908691,0.0,0.0,-0.00035275029949843884,-0.18385395407676697,0.0,0.0,-0.12007721710378529,-0.08772931882683778,-0.09656732529401779,0.1368083953857422,0.0,0.0,0.0,0.0
15.771735906600952,-0.08299759775400162,-1.6872162818908691,0.0,0.0,-0.00035275029949843884,-0.18385395407676697,0.0,0.0,-0.11930542833854248,-0.08786833700607438,-0.0926191657781601,0.1367511749267578,0.0,0.0,0.0,0.0
15.77320909500122,-0.08299759775400162,-1.6872162818908691,0.0,0.0,-0.00035275029949843884,-0.18385395407676697,0.0,0.0,-0.11930542833854248,-0.08786833700607438,-0.0926191657781601,0.1367511749267578,0.0,0.0,0.0,0.0
15.77465271949768,-0.08299759775400162,-1.6872162818908691,0.0,0.0,-0.00035275029949843884,-0.18385395407676697,0.0,0.0,-0.11846174592721215,-0.08798338673550027,-0.09773986041545868,0.14936847984790802,0.0,0.0,0.0,0.0
15.776607036590576,-0.08299759775400162,-1.6872162818908691,0.0,0.0,-0.00035275029949843884,-0.18385395407676697,0.0,0.0,-0.11768995716196934,-0.08797859421587259,-0.09207502007484436,0.14722272753715515,0.0,0.0,0.0,0.0
15.778746843338013,-0.10398733615875244,-1.9576237201690674,0.0,0.0,-0.00028571198345161974,-0.18381568789482117,0.0,0.0,-0.11684147637933902,-0.08797859421587259,-0.08723991364240646,0.14722272753715515,0.0,0.0,0.0,0.0
15.780200481414795,-0.10398733615875244,-1.9576237201690674,0.0,0.0,-0.00028571198345161974,-0.18381568789482117,0.0,0.0,-0.11684147637933902,-0.08797859421587259,-0.08723991364240646,0.14722272753715515,0.0,0.0,0.0,0.0
15.78163194656372,-0.10398733615875244,-1.9576237201690674,0.0,0.0,-0.00028571198345161974,-0.18381568789482117,0.0,0.0,-0.11602175071447478,-0.08797859421587259,-0.08317721635103226,0.14722272753715515,0.0,0.0,0.0,0.0
15.783089637756348,-0.10398733615875244,-1.9576237201690674,0.0,0.0,-0.00028571198345161974,-0.18381568789482117,0.0,0.0,-0.11602175071447478,-0.08797859421587259,-0.08317721635103226,0.14722272753715515,0.0,0.0,0.0,0.0
15.78451943397522,-0.10398733615875244,-1.9576237201690674,0.0,0.0,-0.00028571198345161974,-0.18381568789482117,0.0,0.0,-0.11509177954315696,-0.08797859421587259,-0.08816540986299515,0.15881912410259247,0.0,0.0,0.0,0.0
15.78597092628479,-0.10398733615875244,-1.9576237201690674,0.0,0.0,-0.00028571198345161974,-0.18381568789482117,0.0,0.0,-0.11509177954315696,-0.08797859421587259,-0.08816540986299515,0.15881912410259247,0.0,0.0,0.0,0.0
15.787418127059937,-0.10398733615875244,-1.9576237201690674,0.0,0.0,-0.00028571198345161974,-0.18381568789482117,0.0,0.0,-0.11455488860806591,-0.08797859421587259,-0.08662045001983643,0.15881912410259247,0.0,0.0,0.0,0.0
15.789106130599976,-0.13877776265144348,-2.2943289279937744,0.0,0.0,-0.0003303866251371801,-0.1838982105255127,0.0,0.0,-0.11362970410470345,-0.08797859421587259,-0.07943928986787796,0.15881912410259247,0.0,0.0,0.0,0.0
15.790640115737915,-0.13877776265144348,-2.2943289279937744,0.0,0.0,-0.0003303866251371801,-0.1838982105255127,0.0,0.0,-0.11362970410470345,-0.08797859421587259,-0.07943928986787796,0.15881912410259247,0.0,0.0,0.0,0.0
15.792394399642944,-0.13877776265144348,-2.2943289279937744,0.0,0.0,-0.0003303866251371801,-0.1838982105255127,0.0,0.0,-0.11304966293794634,-0.08797859421587259,-0.09052559733390808,0.17016437649726868,0.0,0.0,0.0,0.0
15.794010400772095,-0.13877776265144348,-2.2943289279937744,0.0,0.0,-0.0003303866251371801,-0.1838982105255127,0.0,0.0,-0.11240251479305709,-0.08797859421587259,-0.08491801470518112,0.17016437649726868,0.0,0.0,0.0,0.0
15.795471906661987,-0.13877776265144348,-2.2943289279937744,0.0,0.0,-0.0003303866251371801,-0.1838982105255127,0.0,0.0,-0.11240251479305709,-0.08797859421587259,-0.08491801470518112,0.17016437649726868,0.0,0.0,0.0,0.0
15.797012567520142,-0.13877776265144348,-2.2943289279937744,0.0,0.0,-0.0003303866251371801,-0.1838982105255127,0.0,0.0,-0.11133831796213035,-0.08797859421587259,-0.07736491411924362,0.17016437649726868,0.0,0.0,0.0,0.0
15.798332691192627,-0.2893454134464264,-2.344064474105835,0.0,0.0,-0.0006636822945438325,-0.18380916118621826,0.0,0.0,-0.11133831796213035,-0.08797859421587259,-0.07736491411924362,0.17016437649726868,0.0,0.0,0.0,0.0
15.799692392349243,-0.2893454134464264,-2.344064474105835,0.0,0.0,-0.0006636822945438325,-0.18380916118621826,0.0,0.0,-0.11051859229726611,-0.08797859421587259,-0.07221507281064987,0.17016437649726868,0.0,0.0,0.0,0.0
15.801042556762695,-0.2893454134464264,-2.344064474105835,0.0,0.0,-0.0006636822945438325,-0.18380916118621826,0.0,0.0,-0.11051859229726611,-0.08797859421587259,-0.07221507281064987,0.17016437649726868,0.0,0.0,0.0,0.0
15.802391052246094,-0.2893454134464264,-2.344064474105835,0.0,0.0,-0.0006636822945438325,-0.18380916118621826,0.0,0.0,-0.10976598531387864,-0.08773411134646546,-0.07884606719017029,0.18025721609592438,0.0,0.0,0.0,0.0
15.803773641586304,-0.2893454134464264,-2.344064474105835,0.0,0.0,-0.0006636822945438325,-0.18380916118621826,0.0,0.0,-0.10976598531387864,-0.08773411134646546,-0.07884606719017029,0.18025721609592438,0.0,0.0,0.0,0.0
15.805834770202637,-0.2893454134464264,-2.344064474105835,0.0,0.0,-0.0006636822945438325,-0.18380916118621826,0.0,0.0,-0.10863468150481977,-0.08733623859061102,-0.07077796757221222,0.17459240555763245,0.0,0.0,0.0,0.0
15.80739426612854,-0.2893454134464264,-2.344064474105835,0.0,0.0,-0.0006636822945438325,-0.18380916118621826,0.0,0.0,-0.10761362320221446,-0.08700068029326104,-0.0636826753616333,0.17247523367404938,0.0,0.0,0.0,0.0
15.808988332748413,-0.39716637134552,-2.3435781002044678,0.0,0.0,-0.0009720030939206481,-0.1836300492286682,0.0,0.0,-0.10627139001281452,-0.08644940594761463,-0.05378354713320732,0.16864147782325745,0.0,0.0,0.0,0.0
15.81050968170166,-0.39716637134552,-2.3435781002044678,0.0,0.0,-0.0009720030939206481,-0.1836300492286682,0.0,0.0,-0.10627139001281452,-0.08644940594761463,-0.05378354713320732,0.16864147782325745,0.0,0.0,0.0,0.0
15.811983585357666,-0.39716637134552,-2.3435781002044678,0.0,0.0,-0.0009720030939206481,-0.1836300492286682,0.0,0.0,-0.1050298172906128,-0.08574473001217627,-0.05994509905576706,0.17554694414138794,0.0,0.0,0.0,0.0
15.813382863998413,-0.39716637134552,-2.3435781002044678,0.0,0.0,-0.0009720030939206481,-0.1836300492286682,0.0,0.0,-0.1050298172906128,-0.08574473001217627,-0.05994509905576706,0.17554694414138794,0.0,0.0,0.0,0.0
15.814787864685059,-0.39716637134552,-2.3435781002044678,0.0,0.0,-0.0009720030939206481,-0.1836300492286682,0.0,0.0,-0.10367321239400214,-0.0850496449676656,-0.050589557737112045,0.16985352337360382,0.0,0.0,0.0,0.0
15.816232919692993,-0.39716637134552,-2.3435781002044678,0.0,0.0,-0.0009720030939206481,-0.1836300492286682,0.0,0.0,-0.10367321239400214,-0.0850496449676656,-0.050589557737112045,0.16985352337360382,0.0,0.0,0.0,0.0
15.81838321685791,-0.48066020011901855,-2.4208474159240723,0.0,0.0,-0.0012179863406345248,-0.18348702788352966,0.0,0.0,-0.10219675354499329,-0.08418198825485224,-0.04011823609471321,0.16407425701618195,0.0,0.0,0.0,0.0
15.820298194885254,-0.48066020011901855,-2.4208474159240723,0.0,0.0,-0.0012179863406345248,-0.18348702788352966,0.0,0.0,-0.10064359097525229,-0.08342458875183709,-0.03127763047814369,0.15955382585525513,0.0,0.0,0.0,0.0
15.821693658828735,-0.48066020011901855,-2.4208474159240723,0.0,0.0,-0.0012179863406345248,-0.18348702788352966,0.0,0.0,-0.10064359097525229,-0.08342458875183709,-0.03127763047814369,0.15955382585525513,0.0,0.0,0.0,0.0
15.823716878890991,-0.48066020011901855,-2.4208474159240723,0.0,0.0,-0.0012179863406345248,-0.18348702788352966,0.0,0.0,-0.09938285987788449,-0.08260007056734517,-0.03431519865989685,0.16610902547836304,0.0,0.0,0.0,0.0
15.825168132781982,-0.48066020011901855,-2.4208474159240723,0.0,0.0,-0.0012179863406345248,-0.18348702788352966,0.0,0.0,-0.09820840583715955,-0.08161257160547826,-0.029880641028285027,0.15784066915512085,0.0,0.0,0.0,0.0
15.82711410522461,-0.48066020011901855,-2.4208474159240723,0.0,0.0,-0.0012179863406345248,-0.18348702788352966,0.0,0.0,-0.09700039245569621,-0.08097500849984436,-0.022585030645132065,0.15595239400863647,0.0,0.0,0.0,0.0
15.828536987304688,-0.5856108069419861,-2.3292407989501953,0.0,0.0,-0.0015028424095362425,-0.1832529902458191,0.0,0.0,-0.09700039245569621,-0.08097500849984436,-0.022585030645132065,0.15595239400863647,0.0,0.0,0.0,0.0
15.830459594726562,-0.5856108069419861,-2.3292407989501953,0.0,0.0,-0.0015028424095362425,-0.1832529902458191,0.0,0.0,-0.0961471133017659,-0.08013132023684172,-0.020067322999238968,0.15114586055278778,0.0,0.0,0.0,0.0
15.831878662109375,-0.5856108069419861,-2.3292407989501953,0.0,0.0,-0.0015028424095362425,-0.1832529902458191,0.0,0.0,-0.09535615445801236,-0.07927804693458372,-0.027362104505300522,0.1566954404115677,0.0,0.0,0.0,0.0
15.833263158798218,-0.5856108069419861,-2.3292407989501953,0.0,0.0,-0.0015028424095362425,-0.1832529902458191,0.0,0.0,-0.09535615445801236,-0.07927804693458372,-0.027362104505300522,0.1566954404115677,0.0,0.0,0.0,0.0
15.834640502929688,-0.5856108069419861,-2.3292407989501953,0.0,0.0,-0.0015028424095362425,-0.1832529902458191,0.0,0.0,-0.09492472236141952,-0.07862130789876678,-0.02739071473479271,0.15383443236351013,0.0,0.0,0.0,0.0
15.836379289627075,-0.5856108069419861,-2.3292407989501953,0.0,0.0,-0.0015028424095362425,-0.1832529902458191,0.0,0.0,-0.0945508180553758,-0.07794539878443914,-0.026160476729273796,0.14908510446548462,0.0,0.0,0.0,0.0
15.837764501571655,-0.5856108069419861,-2.3292407989501953,0.0,0.0,-0.0015028424095362425,-0.1832529902458191,0.0,0.0,-0.0945508180553758,-0.07794539878443914,-0.026160476729273796,0.14908510446548462,0.0,0.0,0.0,0.0
15.839892625808716,-0.672151505947113,-2.0939292907714844,0.0,0.0,-0.001744316192343831,-0.18287014961242676,0.0,0.0,-0.09456519561425883,-0.0772407287006731,-0.028249012306332588,0.14668184518814087,0.0,0.0,0.0,0.0
15.841321229934692,-0.672151505947113,-2.0939292907714844,0.0,0.0,-0.001744316192343831,-0.18287014961242676,0.0,0.0,-0.0944932902648267,-0.0765168768350517,-0.04151148349046707,0.15259362757205963,0.0,0.0,0.0,0.0
15.842907905578613,-0.672151505947113,-2.0939292907714844,0.0,0.0,-0.001744316192343831,-0.18287014961242676,0.0,0.0,-0.0944932902648267,-0.0765168768350517,-0.04151148349046707,0.15259362757205963,0.0,0.0,0.0,0.0
15.844336748123169,-0.672151505947113,-2.0939292907714844,0.0,0.0,-0.001744316192343831,-0.18287014961242676,0.0,0.0,-0.0944932902648267,-0.0755869056637339,-0.04151148349046707,0.14621354639530182,0.0,0.0,0.0,0.0
15.846184730529785,-0.672151505947113,-2.0939292907714844,0.0,0.0,-0.001744316192343831,-0.18287014961242676,0.0,0.0,-0.0944932902648267,-0.07480553185923572,-0.04151148349046707,0.14263728260993958,0.0,0.0,0.0,0.0
15.847749710083008,-0.672151505947113,-2.0939292907714844,0.0,0.0,-0.001744316192343831,-0.18287014961242676,0.0,0.0,-0.0944932902648267,-0.07480553185923572,-0.04151148349046707,0.14263728260993958,0.0,0.0,0.0,0.0
15.851564168930054,-0.7203606963157654,-1.784587025642395,0.0,0.0,-0.0019247764721512794,-0.1824016273021698,0.0,0.0,-0.09524590309988648,-0.07240389435853672,-0.049436524510383606,0.1242695078253746,0.0,0.0,0.0,0.0
15.85390591621399,-0.7203606963157654,-1.784587025642395,0.0,0.0,-0.0019247764721512794,-0.1824016273021698,0.0,0.0,-0.09597454163346322,-0.07121026438762874,-0.06789501756429672,0.1295364946126938,0.0,0.0,0.0,0.0
15.856072425842285,-0.7203606963157654,-1.784587025642395,0.0,0.0,-0.0019247764721512794,-0.1824016273021698,0.0,0.0,-0.09597454163346322,-0.07121026438762874,-0.06789501756429672,0.1295364946126938,0.0,0.0,0.0,0.0
15.85820984840393,-0.7129230499267578,-1.7250250577926636,0.0,0.0,-0.0019479645416140556,-0.1820729374885559,0.0,0.0,-0.09642994217986678,-0.06972901301899222,-0.06869608908891678,0.11817825585603714,0.0,0.0,0.0,0.0
15.859896898269653,-0.7129230499267578,-1.7250250577926636,0.0,0.0,-0.0019479645416140556,-0.1820729374885559,0.0,0.0,-0.09678946892702747,-0.06809915843186372,-0.06989772617816925,0.10847936570644379,0.0,0.0,0.0,0.0
15.861661434173584,-0.7129230499267578,-1.7250250577926636,0.0,0.0,-0.0019479645416140556,-0.1820729374885559,0.0,0.0,-0.09714420315456049,-0.06657476853490575,-0.08361537754535675,0.10875099897384644,0.0,0.0,0.0,0.0
15.863969326019287,-0.7129230499267578,-1.7250250577926636,0.0,0.0,-0.0019479645416140556,-0.1820729374885559,0.0,0.0,-0.0974701705609828,-0.06523253534550581,-0.08544643968343735,0.10111206024885178,0.0,0.0,0.0,0.0
15.865982294082642,-0.7129230499267578,-1.7250250577926636,0.0,0.0,-0.0019479645416140556,-0.1820729374885559,0.0,0.0,-0.09768588660927922,-0.06387112622592285,-0.08593282103538513,0.09384506940841675,0.0,0.0,0.0,0.0
15.8678457736969,-0.7129230499267578,-1.7250250577926636,0.0,0.0,-0.0019479645416140556,-0.1820729374885559,0.0,0.0,-0.09768588660927922,-0.06387112622592285,-0.08593282103538513,0.09384506940841675,0.0,0.0,0.0,0.0
15.8712317943573,-0.5924478769302368,-1.7906371355056763,0.0,0.0,-0.00170928705483675,-0.18189409375190735,0.0,0.0,-0.09822277754437027,-0.061306502096176545,-0.08913715183734894,0.08191458880901337,0.0,0.0,0.0,0.0
15.87367844581604,-0.5924478769302368,-1.7906371355056763,0.0,0.0,-0.00170928705483675,-0.18189409375190735,0.0,0.0,-0.0985727192522756,-0.060745636859602464,-0.10385274142026901,0.09273918718099594,0.0,0.0,0.0,0.0
15.875919580459595,-0.5924478769302368,-1.7906371355056763,0.0,0.0,-0.00170928705483675,-0.18189409375190735,0.0,0.0,-0.0987404984009506,-0.060184777474700704,-0.10442500561475754,0.09004983305931091,0.0,0.0,0.0,0.0
15.878670930862427,-0.2821705937385559,-1.7880834341049194,0.0,0.0,-0.0009992303093895316,-0.18169456720352173,0.0,0.0,-0.0990233331307238,-0.05992112452678286,-0.10614162683486938,0.09142311662435532,0.0,0.0,0.0,0.0
15.880534410476685,-0.2821705937385559,-1.7880834341049194,0.0,0.0,-0.0009992303093895316,-0.18169456720352173,0.0,0.0,-0.09934450801751842,-0.059825250727540004,-0.10751485824584961,0.0925675481557846,0.0,0.0,0.0,0.0
15.881996393203735,-0.2821705937385559,-1.7880834341049194,0.0,0.0,-0.0009992303093895316,-0.18169456720352173,0.0,0.0,-0.09934450801751842,-0.059825250727540004,-0.10751485824584961,0.0925675481557846,0.0,0.0,0.0,0.0
15.88399887084961,-0.2821705937385559,-1.7880834341049194,0.0,0.0,-0.0009992303093895316,-0.18169456720352173,0.0,0.0,-0.09962733104394698,-0.05964308816830966,-0.1206088662147522,0.10291565209627151,0.0,0.0,0.0,0.0
15.885336637496948,-0.2821705937385559,-1.7880834341049194,0.0,0.0,-0.0009992303093895316,-0.18169456720352173,0.0,0.0,-0.09965609786505769,-0.05956639029924984,-0.11917832493782043,0.10328757762908936,0.0,0.0,0.0,0.0
15.886676549911499,-0.2821705937385559,-1.7880834341049194,0.0,0.0,-0.0009992303093895316,-0.18169456720352173,0.0,0.0,-0.09965609786505769,-0.05956639029924984,-0.11917832493782043,0.10328757762908936,0.0,0.0,0.0,0.0
15.888307571411133,-0.046951718628406525,-1.723406195640564,0.0,0.0,-0.0003524773637764156,-0.18145683407783508,0.0,0.0,-0.09963691608320234,-0.05959515126868823,-0.11826279014348984,0.10428892076015472,0.0,0.0,0.0,0.0
15.889748096466064,-0.046951718628406525,-1.723406195640564,0.0,0.0,-0.0003524773637764156,-0.18145683407783508,0.0,0.0,-0.09963691608320234,-0.05959515126868823,-0.11826279014348984,0.10428892076015472,0.0,0.0,0.0,0.0
15.89118504524231,-0.046951718628406525,-1.723406195640564,0.0,0.0,-0.0003524773637764156,-0.18145683407783508,0.0,0.0,-0.09963691608320234,-0.05959515126868823,-0.11826279014348984,0.10428892076015472,0.0,0.0,0.0,0.0
15.892958164215088,-0.046951718628406525,-1.723406195640564,0.0,0.0,-0.0003524773637764156,-0.18145683407783508,0.0,0.0,-0.09933492297826306,-0.059969061426404284,-0.1255427896976471,0.12058037519454956,0.0,0.0,0.0,0.0
15.894995212554932,-0.046951718628406525,-1.723406195640564,0.0,0.0,-0.0003524773637764156,-0.18145683407783508,0.0,0.0,-0.09875488181150595,-0.06047719139205694,-0.12042155116796494,0.12444277107715607,0.0,0.0,0.0,0.0
15.897218465805054,-0.046951718628406525,-1.723406195640564,0.0,0.0,-0.0003524773637764156,-0.18145683407783508,0.0,0.0,-0.09793516199831402,-0.06084151065884531,-0.11326899379491806,0.12661714851856232,0.0,0.0,0.0,0.0
15.898801326751709,0.08007890731096268,-1.8655058145523071,0.0,0.0,7.758208084851503e-05,-0.1813199371099472,0.0,0.0,-0.09793516199831402,-0.06084151065884531,-0.11326899379491806,0.12661714851856232,0.0,0.0,0.0,0.0
15.900306463241577,0.08007890731096268,-1.8655058145523071,0.0,0.0,7.758208084851503e-05,-0.1813199371099472,0.0,0.0,-0.09717296412399888,-0.06112913205657387,-0.10871995240449905,0.12601634860038757,0.0,0.0,0.0,0.0
15.901984930038452,0.08007890731096268,-1.8655058145523071,0.0,0.0,7.758208084851503e-05,-0.1813199371099472,0.0,0.0,-0.09612314485195518,-0.061488658803734574,-0.11221152544021606,0.14224086701869965,0.0,0.0,0.0,0.0
15.903393030166626,0.08007890731096268,-1.8655058145523071,0.0,0.0,7.758208084851503e-05,-0.1813199371099472,0.0,0.0,-0.09612314485195518,-0.061488658803734574,-0.11221152544021606,0.14224086701869965,0.0,0.0,0.0,0.0
15.904868125915527,0.08007890731096268,-1.8655058145523071,0.0,0.0,7.758208084851503e-05,-0.1813199371099472,0.0,0.0,-0.09525069561951416,-0.06165643795240956,-0.10829190164804459,0.1414111703634262,0.0,0.0,0.0,0.0
15.906301021575928,0.08007890731096268,-1.8655058145523071,0.0,0.0,7.758208084851503e-05,-0.1813199371099472,0.0,0.0,-0.09525069561951416,-0.06165643795240956,-0.10829190164804459,0.1414111703634262,0.0,0.0,0.0,0.0
15.908446550369263,0.09018194675445557,-2.1337950229644775,0.0,0.0,0.00021671484864782542,-0.18133531510829926,0.0,0.0,-0.09420087634747046,-0.0615941234939051,-0.1002238392829895,0.13943706452846527,0.0,0.0,0.0,0.0
15.909854888916016,0.09018194675445557,-2.1337950229644775,0.0,0.0,0.00021671484864782542,-0.18133531510829926,0.0,0.0,-0.09326610680485264,-0.061761902642580094,-0.09544592350721359,0.14123950898647308,0.0,0.0,0.0,0.0
15.91123914718628,0.09018194675445557,-2.1337950229644775,0.0,0.0,0.00021671484864782542,-0.18133531510829926,0.0,0.0,-0.09326610680485264,-0.061761902642580094,-0.09544592350721359,0.14123950898647308,0.0,0.0,0.0,0.0
15.912660121917725,0.09018194675445557,-2.1337950229644775,0.0,0.0,0.00021671484864782542,-0.18133531510829926,0.0,0.0,-0.09257581427996964,-0.061867361481078305,-0.10500643402338028,0.15340286493301392,0.0,0.0,0.0,0.0
15.914061784744263,0.09018194675445557,-2.1337950229644775,0.0,0.0,0.00021671484864782542,-0.18133531510829926,0.0,0.0,-0.09257581427996964,-0.061867361481078305,-0.10500643402338028,0.15340286493301392,0.0,0.0,0.0,0.0
15.915448427200317,0.09018194675445557,-2.1337950229644775,0.0,0.0,0.00021671484864782542,-0.18133531510829926,0.0,0.0,-0.09175609446677771,-0.06196802779994883,-0.09908411651849747,0.15397506952285767,0.0,0.0,0.0,0.0
15.916965961456299,0.09018194675445557,-2.1337950229644775,0.0,0.0,0.00021671484864782542,-0.18133531510829926,0.0,0.0,-0.09175609446677771,-0.06196802779994883,-0.09908411651849747,0.15397506952285767,0.0,0.0,0.0,0.0
15.919112920761108,-0.021497026085853577,-2.348747968673706,0.0,0.0,5.238359153736383e-05,-0.1813359558582306,0.0,0.0,-0.09115688322150989,-0.06190092082181669,-0.09676671028137207,0.1527734398841858,0.0,0.0,0.0,0.0
15.920695781707764,-0.021497026085853577,-2.348747968673706,0.0,0.0,5.238359153736383e-05,-0.1813359558582306,0.0,0.0,-0.09073983453547241,-0.06190092082181669,-0.0962517037987709,0.1527734398841858,0.0,0.0,0.0,0.0
15.922302484512329,-0.021497026085853577,-2.348747968673706,0.0,0.0,5.238359153736383e-05,-0.1813359558582306,0.0,0.0,-0.09073983453547241,-0.06190092082181669,-0.0962517037987709,0.1527734398841858,0.0,0.0,0.0,0.0
15.92505407333374,-0.021497026085853577,-2.348747968673706,0.0,0.0,5.238359153736383e-05,-0.1813359558582306,0.0,0.0,-0.09014541580983225,-0.06190092082181669,-0.10537392646074295,0.16438476741313934,0.0,0.0,0.0,0.0
15.927109003067017,-0.021497026085853577,-2.348747968673706,0.0,0.0,5.238359153736383e-05,-0.1813359558582306,0.0,0.0,-0.09014541580983225,-0.06190092082181669,-0.10537392646074295,0.16438476741313934,0.0,0.0,0.0,0.0
15.929641723632812,-0.18768171966075897,-2.396083116531372,0.0,0.0,-0.00037201042869128287,-0.18121443688869476,0.0,0.0,-0.08975712809323316,-0.06190092082181669,-0.10242708772420883,0.16438476741313934,0.0,0.0,0.0,0.0
15.93191146850586,-0.18768171966075897,-2.396083116531372,0.0,0.0,-0.00037201042869128287,-0.18121443688869476,0.0,0.0,-0.08961331739436888,-0.06190092082181669,-0.10317093878984451,0.16438476741313934,0.0,0.0,0.0,0.0
15.933679819107056,-0.18768171966075897,-2.396083116531372,0.0,0.0,-0.00037201042869128287,-0.18121443688869476,0.0,0.0,-0.08944553824569389,-0.06190092082181669,-0.11370664089918137,0.17597900331020355,0.0,0.0,0.0,0.0
15.935136556625366,-0.18768171966075897,-2.396083116531372,0.0,0.0,-0.00037201042869128287,-0.18121443688869476,0.0,0.0,-0.08934007355552337,-0.06190092082181669,-0.11256223171949387,0.17597900331020355,0.0,0.0,0.0,0.0
15.936592102050781,-0.18768171966075897,-2.396083116531372,0.0,0.0,-0.00037201042869128287,-0.18121443688869476,0.0,0.0,-0.08934007355552337,-0.06190092082181669,-0.11256223171949387,0.17597900331020355,0.0,0.0,0.0,0.0
15.938332796096802,-0.3127953112125397,-2.4292776584625244,0.0,0.0,-0.0007162151159718633,-0.18104760348796844,0.0,0.0,-0.0890860114985332,-0.06144072190411314,-0.1115608736872673,0.17065750062465668,0.0,0.0,0.0,0.0
15.93976092338562,-0.3127953112125397,-2.4292776584625244,0.0,0.0,-0.0007162151159718633,-0.18104760348796844,0.0,0.0,-0.0887552457208109,-0.06119145236675066,-0.10875707864761353,0.1692555993795395,0.0,0.0,0.0,0.0
15.941200256347656,-0.3127953112125397,-2.4292776584625244,0.0,0.0,-0.0007162151159718633,-0.18104760348796844,0.0,0.0,-0.0887552457208109,-0.06119145236675066,-0.10875707864761353,0.1692555993795395,0.0,0.0,0.0,0.0
15.942759990692139,-0.3127953112125397,-2.4292776584625244,0.0,0.0,-0.0007162151159718633,-0.18104760348796844,0.0,0.0,-0.08850597033177608,-0.060803164650151564,-0.1189778596162796,0.17712964117527008,0.0,0.0,0.0,0.0
15.944547891616821,-0.3127953112125397,-2.4292776584625244,0.0,0.0,-0.0007162151159718633,-0.18104760348796844,0.0,0.0,-0.08827108420496894,-0.06003138173658107,-0.11877758800983429,0.17197981476783752,0.0,0.0,0.0,0.0
15.945988178253174,-0.3127953112125397,-2.4292776584625244,0.0,0.0,-0.0007162151159718633,-0.18104760348796844,0.0,0.0,-0.08827108420496894,-0.06003138173658107,-0.11877758800983429,0.17197981476783752,0.0,0.0,0.0,0.0
15.947474718093872,-0.3127953112125397,-2.4292776584625244,0.0,0.0,-0.0007162151159718633,-0.18104760348796844,0.0,0.0,-0.08797866443594039,-0.05978210634754626,-0.11723262816667557,0.17163649201393127,0.0,0.0,0.0,0.0
15.949834823608398,-0.33834582567214966,-2.5903444290161133,0.0,0.0,-0.0008555275271646678,-0.18095968663692474,0.0,0.0,-0.08780130024801004,-0.05919727851283378,-0.1141999363899231,0.1679457575082779,0.0,0.0,0.0,0.0
15.952142000198364,-0.33834582567214966,-2.5903444290161133,0.0,0.0,-0.0008555275271646678,-0.18095968663692474,0.0,0.0,-0.08739383660122792,-0.05832962180002043,-0.12432922422885895,0.16860505938529968,0.0,0.0,0.0,0.0
15.95414662361145,-0.33834582567214966,-2.5903444290161133,0.0,0.0,-0.0008555275271646678,-0.18095968663692474,0.0,0.0,-0.08739383660122792,-0.05832962180002043,-0.12432922422885895,0.16860505938529968,0.0,0.0,0.0,0.0
15.957181692123413,-0.33834582567214966,-2.5903444290161133,0.0,0.0,-0.0008555275271646678,-0.18095968663692474,0.0,0.0,-0.0866268462072851,-0.0566230634921598,-0.11857856065034866,0.16316910088062286,0.0,0.0,0.0,0.0
15.959935665130615,-0.3647463023662567,-2.7710766792297363,0.0,0.0,-0.0009282260434702039,-0.1809174120426178,0.0,0.0,-0.08586944085259764,-0.055467785381617896,-0.112770676612854,0.1513817012310028,0.0,0.0,0.0,0.0
15.961889028549194,-0.3647463023662567,-2.7710766792297363,0.0,0.0,-0.0009282260434702039,-0.1809174120426178,0.0,0.0,-0.08525105952881909,-0.054509047389189366,-0.12091121822595596,0.15849149227142334,0.0,0.0,0.0,0.0
15.963780641555786,-0.3647463023662567,-2.7710766792297363,0.0,0.0,-0.0009282260434702039,-0.1809174120426178,0.0,0.0,-0.08525105952881909,-0.054509047389189366,-0.12091121822595596,0.15849149227142334,0.0,0.0,0.0,0.0
15.96576189994812,-0.3647463023662567,-2.7710766792297363,0.0,0.0,-0.0009282260434702039,-0.1809174120426178,0.0,0.0,-0.08441216378544414,-0.05325310295977693,-0.11252839863300323,0.14833486080169678,0.0,0.0,0.0,0.0
15.967755556106567,-0.3647463023662567,-2.7710766792297363,0.0,0.0,-0.0009282260434702039,-0.1809174120426178,0.0,0.0,-0.0833719295526558,-0.051469846782856474,-0.10752160847187042,0.1327136754989624,0.0,0.0,0.0,0.0
15.970505237579346,-0.3075372278690338,-2.79473876953125,0.0,0.0,-0.0008550808997824788,-0.18076492846012115,0.0,0.0,-0.08181877283458712,-0.049547578278371744,-0.0931592807173729,0.12407337874174118,0.0,0.0,0.0,0.0
15.972121715545654,-0.3075372278690338,-2.79473876953125,0.0,0.0,-0.0008550808997824788,-0.18076492846012115,0.0,0.0,-0.08001634657915595,-0.04707403542824062,-0.09204741567373276,0.11878446489572525,0.0,0.0,0.0,0.0
15.973607301712036,-0.3075372278690338,-2.79473876953125,0.0,0.0,-0.0008550808997824788,-0.18076492846012115,0.0,0.0,-0.08001634657915595,-0.04707403542824062,-0.09204741567373276,0.11878446489572525,0.0,0.0,0.0,0.0
15.975214719772339,-0.3075372278690338,-2.79473876953125,0.0,0.0,-0.0008550808997824788,-0.18076492846012115,0.0,0.0,-0.0777153753973275,-0.04468198296679698,-0.07722730934619904,0.10070280730724335,0.0,0.0,0.0,0.0
15.976745843887329,-0.3075372278690338,-2.79473876953125,0.0,0.0,-0.0008550808997824788,-0.18076492846012115,0.0,0.0,-0.0777153753973275,-0.04468198296679698,-0.07722730934619904,0.10070280730724335,0.0,0.0,0.0,0.0
15.979936122894287,-0.25779956579208374,-2.752307891845703,0.0,0.0,-0.0007325140759348869,-0.18056441843509674,0.0,0.0,-0.07563012026379545,-0.042275552946470306,-0.06134862080216408,0.08565381169319153,0.0,0.0,0.0,0.0
15.981694459915161,-0.25779956579208374,-2.752307891845703,0.0,0.0,-0.0007325140759348869,-0.18056441843509674,0.0,0.0,-0.07332914908196699,-0.03958149860257892,-0.04678603261709213,0.07569746673107147,0.0,0.0,0.0,0.0
15.983258247375488,-0.25779956579208374,-2.752307891845703,0.0,0.0,-0.0007325140759348869,-0.18056441843509674,0.0,0.0,-0.07121034045936887,-0.03814339161393613,-0.0490327849984169,0.07834477722644806,0.0,0.0,0.0,0.0
15.984714269638062,-0.25779956579208374,-2.752307891845703,0.0,0.0,-0.0007325140759348869,-0.18056441843509674,0.0,0.0,-0.07121034045936887,-0.03814339161393613,-0.0490327849984169,0.07834477722644806,0.0,0.0,0.0,0.0
15.98679780960083,-0.25779956579208374,-2.752307891845703,0.0,0.0,-0.0007325140759348869,-0.18056441843509674,0.0,0.0,-0.07024201157601268,-0.03748665550395536,-0.04640066251158714,0.07843062281608582,0.0,0.0,0.0,0.0
15.98836898803711,-0.2069123387336731,-2.5144262313842773,0.0,0.0,-0.0005893863853998482,-0.18021366000175476,0.0,0.0,-0.06919219815564129,-0.0368538878437853,-0.04394015669822693,0.07785840332508087,0.0,0.0,0.0,0.0
15.989897012710571,-0.2069123387336731,-2.5144262313842773,0.0,0.0,-0.0005893863853998482,-0.18021366000175476,0.0,0.0,-0.06919219815564129,-0.0368538878437853,-0.04394015669822693,0.07785840332508087,0.0,0.0,0.0,0.0
15.992318630218506,-0.2069123387336731,-2.5144262313842773,0.0,0.0,-0.0005893863853998482,-0.18021366000175476,0.0,0.0,-0.06878473450885916,-0.03653271003115451,-0.04385433346033096,0.07845921814441681,0.0,0.0,0.0,0.0
15.994798421859741,-0.2069123387336731,-2.5144262313842773,0.0,0.0,-0.0005893863853998482,-0.18021366000175476,0.0,0.0,-0.06872241419868239,-0.03671007714492102,-0.05988919734954834,0.09366363286972046,0.0,0.0,0.0,0.0
15.996369361877441,-0.2069123387336731,-2.5144262313842773,0.0,0.0,-0.0005893863853998482,-0.18021366000175476,0.0,0.0,-0.06872241419868239,-0.03726614693603126,-0.061491355299949646,0.10207505524158478,0.0,0.0,0.0,0.0
15.997857093811035,-0.2069123387336731,-2.5144262313842773,0.0,0.0,-0.0005893863853998482,-0.18021366000175476,0.0,0.0,-0.06872241419868239,-0.03726614693603126,-0.061491355299949646,0.10207505524158478,0.0,0.0,0.0,0.0
16.00034260749817,-0.15366201102733612,-2.0376029014587402,0.0,0.0,-0.0004273893719073385,-0.1796663999557495,0.0,0.0,-0.0695181655620636,-0.038450186016011564,-0.07121884822845459,0.113032765686512,0.0,0.0,0.0,0.0
16.00242590904236,-0.15366201102733612,-2.0376029014587402,0.0,0.0,-0.0004273893719073385,-0.1796663999557495,0.0,0.0,-0.07041458909598766,-0.03950959325314678,-0.0764545127749443,0.12221664935350418,0.0,0.0,0.0,0.0
16.004212141036987,-0.15366201102733612,-2.0376029014587402,0.0,0.0,-0.0004273893719073385,-0.1796663999557495,0.0,0.0,-0.07116719607937512,-0.040396425896143166,-0.09560663253068924,0.13507595658302307,0.0,0.0,0.0,0.0
16.005735158920288,-0.15366201102733612,-2.0376029014587402,0.0,0.0,-0.0004273893719073385,-0.1796663999557495,0.0,0.0,-0.07178558325482598,-0.041081922975562325,-0.09695131331682205,0.14042606949806213,0.0,0.0,0.0,0.0
16.007237195968628,-0.15366201102733612,-2.0376029014587402,0.0,0.0,-0.0004273893719073385,-0.1796663999557495,0.0,0.0,-0.07178558325482598,-0.041081922975562325,-0.09695131331682205,0.14042606949806213,0.0,0.0,0.0,0.0
16.008726596832275,-0.16684632003307343,-1.2363272905349731,0.0,0.0,-0.00041408854303881526,-0.17875097692012787,0.0,0.0,-0.07206361376162687,-0.041359956408199366,-0.09786683320999146,0.13873806595802307,0.0,0.0,0.0,0.0
16.010244846343994,-0.16684632003307343,-1.2363272905349731,0.0,0.0,-0.00041408854303881526,-0.17875097692012787,0.0,0.0,-0.07206361376162687,-0.041359956408199366,-0.09786683320999146,0.13873806595802307,0.0,0.0,0.0,0.0
16.01210927963257,-0.16684632003307343,-1.2363272905349731,0.0,0.0,-0.00041408854303881526,-0.17875097692012787,0.0,0.0,-0.07204923620274382,-0.04138392485801008,-0.09397581964731216,0.1359056681394577,0.0,0.0,0.0,0.0
16.013599634170532,-0.16684632003307343,-1.2363272905349731,0.0,0.0,-0.00041408854303881526,-0.17875097692012787,0.0,0.0,-0.0719485698838733,-0.04134557592348017,-0.10468544065952301,0.146586611866951,0.0,0.0,0.0,0.0
16.015132188796997,-0.16684632003307343,-1.2363272905349731,0.0,0.0,-0.00041408854303881526,-0.17875097692012787,0.0,0.0,-0.0719485698838733,-0.04134557592348017,-0.10468544065952301,0.146586611866951,0.0,0.0,0.0,0.0
16.017592191696167,-0.16684632003307343,-1.2363272905349731,0.0,0.0,-0.00041408854303881526,-0.17875097692012787,0.0,0.0,-0.07096586344163407,-0.0403436935510579,-0.09172497689723969,0.13499946892261505,0.0,0.0,0.0,0.0
16.019707441329956,-0.19340285658836365,-1.4917786121368408,0.0,0.0,-0.0005077419918961823,-0.1785489171743393,0.0,0.0,-0.06999274203865018,-0.03932743361975259,-0.08580265939235687,0.12624473869800568,0.0,0.0,0.0,0.0
16.021358251571655,-0.19340285658836365,-1.4917786121368408,0.0,0.0,-0.0005077419918961823,-0.1785489171743393,0.0,0.0,-0.06892854520772344,-0.03839266407713478,-0.0783926248550415,0.12175294011831284,0.0,0.0,0.0,0.0
16.02338719367981,-0.19340285658836365,-1.4917786121368408,0.0,0.0,-0.0005077419918961823,-0.1785489171743393,0.0,0.0,-0.06818552326359134,-0.03770237155225178,-0.08601513504981995,0.12991833686828613,0.0,0.0,0.0,0.0
16.024985551834106,-0.19340285658836365,-1.4917786121368408,0.0,0.0,-0.0005077419918961823,-0.1785489171743393,0.0,0.0,-0.06818552326359134,-0.03770237155225178,-0.08601513504981995,0.12991833686828613,0.0,0.0,0.0,0.0
16.026427268981934,-0.19340285658836365,-1.4917786121368408,0.0,0.0,-0.0005077419918961823,-0.1785489171743393,0.0,0.0,-0.0675863120183235,-0.03726135149056742,-0.08409826457500458,0.12963221967220306,0.0,0.0,0.0,0.0
16.027859449386597,-0.19340285658836365,-1.4917786121368408,0.0,0.0,-0.0005077419918961823,-0.1785489171743393,0.0,0.0,-0.0675863120183235,-0.03726135149056742,-0.08409826457500458,0.12963221967220306,0.0,0.0,0.0,0.0
16.030325889587402,-0.2284189611673355,-2.2376787662506104,0.0,0.0,-0.00061968615045771,-0.1788642257452011,0.0,0.0,-0.06724595534967352,-0.03688744425868753,-0.08295384049415588,0.12791560590267181,0.0,0.0,0.0,0.0
16.03176999092102,-0.2284189611673355,-2.2376787662506104,0.0,0.0,-0.00061968615045771,-0.1788642257452011,0.0,0.0,-0.06688642860251283,-0.036604615380586646,-0.09408418834209442,0.13927553594112396,0.0,0.0,0.0,0.0
16.033782958984375,-0.2284189611673355,-2.2376787662506104,0.0,0.0,-0.00061968615045771,-0.1788642257452011,0.0,0.0,-0.06691998794325121,-0.03655667848096522,-0.09680216759443283,0.1405629962682724,0.0,0.0,0.0,0.0
16.03523826599121,-0.2284189611673355,-2.2376787662506104,0.0,0.0,-0.00061968615045771,-0.1788642257452011,0.0,0.0,-0.06691998794325121,-0.03655667848096522,-0.09680216759443283,0.1405629962682724,0.0,0.0,0.0,0.0
16.036680459976196,-0.2284189611673355,-2.2376787662506104,0.0,0.0,-0.00061968615045771,-0.1788642257452011,0.0,0.0,-0.06688163608288515,-0.03658544237623977,-0.09737434983253479,0.14156435430049896,0.0,0.0,0.0,0.0
16.038308143615723,-0.2284189611673355,-2.2376787662506104,0.0,0.0,-0.00061968615045771,-0.1788642257452011,0.0,0.0,-0.06688163608288515,-0.03658544237623977,-0.09737434983253479,0.14156435430049896,0.0,0.0,0.0,0.0
16.039804458618164,-0.2427910715341568,-2.4363455772399902,0.0,0.0,-0.000635013566352427,-0.1789533793926239,0.0,0.0,-0.06688163608288515,-0.03658544237623977,-0.09737434983253479,0.14156435430049896,0.0,0.0,0.0,0.0
16.041213274002075,-0.2427910715341568,-2.4363455772399902,0.0,0.0,-0.000635013566352427,-0.1789533793926239,0.0,0.0,-0.06688163608288515,-0.03658544237623977,-0.09737434983253479,0.14156435430049896,0.0,0.0,0.0,0.0
16.043277740478516,-0.2427910715341568,-2.4363455772399902,0.0,0.0,-0.000635013566352427,-0.1789533793926239,0.0,0.0,-0.06734662752021638,-0.0370600159269902,-0.11450369656085968,0.15857857465744019,0.0,0.0,0.0,0.0
16.044737577438354,-0.2427910715341568,-2.4363455772399902,0.0,0.0,-0.000635013566352427,-0.1789533793926239,0.0,0.0,-0.06734662752021638,-0.0370600159269902,-0.11450369656085968,0.15857857465744019,0.0,0.0,0.0,0.0
16.046159744262695,-0.2427910715341568,-2.4363455772399902,0.0,0.0,-0.000635013566352427,-0.1789533793926239,0.0,0.0,-0.06779722969531993,-0.03708398437680091,-0.11782248318195343,0.15714801847934723,0.0,0.0,0.0,0.0
16.047643184661865,-0.2427910715341568,-2.4363455772399902,0.0,0.0,-0.000635013566352427,-0.1789533793926239,0.0,0.0,-0.06779722969531993,-0.03708398437680091,-0.11782248318195343,0.15714801847934723,0.0,0.0,0.0,0.0
16.049922227859497,-0.2534259855747223,-2.0974340438842773,0.0,0.0,-0.0006443889578804374,-0.1785719096660614,0.0,0.0,-0.06775888368662618,-0.03705043088773484,-0.11519034951925278,0.15611809492111206,0.0,0.0,0.0,0.0
16.051974534988403,-0.2534259855747223,-2.0974340438842773,0.0,0.0,-0.0006443889578804374,-0.1785719096660614,0.0,0.0,-0.06773012271718779,-0.03705043088773484,-0.114217609167099,0.15611809492111206,0.0,0.0,0.0,0.0
16.053467988967896,-0.2534259855747223,-2.0974340438842773,0.0,0.0,-0.0006443889578804374,-0.1785719096660614,0.0,0.0,-0.06773012271718779,-0.03705043088773484,-0.12592282891273499,0.16782329976558685,0.0,0.0,0.0,0.0
16.055267333984375,-0.2534259855747223,-2.0974340438842773,0.0,0.0,-0.0006443889578804374,-0.1785719096660614,0.0,0.0,-0.06773012271718779,-0.03705043088773484,-0.12592282891273499,0.16782329976558685,0.0,0.0,0.0,0.0
16.057402849197388,-0.2534259855747223,-2.0974340438842773,0.0,0.0,-0.0006443889578804374,-0.1785719096660614,0.0,0.0,-0.06773012271718779,-0.03705043088773484,-0.12592282891273499,0.16782329976558685,0.0,0.0,0.0,0.0
16.05967092514038,-0.25369372963905334,-2.307091474533081,0.0,0.0,-0.0006546202348545194,-0.17844784259796143,0.0,0.0,-0.06747126228889762,-0.03679157045944467,-0.12592282891273499,0.16645000874996185,0.0,0.0,0.0,0.0
16.06164789199829,-0.25369372963905334,-2.307091474533081,0.0,0.0,-0.0006546202348545194,-0.17844784259796143,0.0,0.0,-0.06696313232324497,-0.03641286778210094,-0.1171967163681984,0.16081379354000092,0.0,0.0,0.0,0.0
16.06314468383789,-0.25369372963905334,-2.307091474533081,0.0,0.0,-0.0006546202348545194,-0.17844784259796143,0.0,0.0,-0.06648855584665839,-0.03605813648040408,-0.12622681260108948,0.1703016757965088,0.0,0.0,0.0,0.0
16.065101623535156,-0.25369372963905334,-2.307091474533081,0.0,0.0,-0.0006546202348545194,-0.17844784259796143,0.0,0.0,-0.06603315530025483,-0.0354301613398617,-0.12336579710245132,0.16506598889827728,0.0,0.0,0.0,0.0
16.06659507751465,-0.25369372963905334,-2.307091474533081,0.0,0.0,-0.0006546202348545194,-0.17844784259796143,0.0,0.0,-0.06603315530025483,-0.0354301613398617,-0.12336579710245132,0.16506598889827728,0.0,0.0,0.0,0.0
16.06828022003174,-0.22961968183517456,-2.6719226837158203,0.0,0.0,-0.0006236018380150199,-0.17852020263671875,0.0,0.0,-0.06545791250479771,-0.03499872924326887,-0.11893119663000107,0.16300605237483978,0.0,0.0,0.0,0.0
16.07020926475525,-0.22961968183517456,-2.6719226837158203,0.0,0.0,-0.0006236018380150199,-0.17852020263671875,0.0,0.0,-0.06503606544746024,-0.034859713989868424,-0.11710016429424286,0.1638929694890976,0.0,0.0,0.0,0.0
16.07172179222107,-0.22961968183517456,-2.6719226837158203,0.0,0.0,-0.0006236018380150199,-0.17852020263671875,0.0,0.0,-0.06503606544746024,-0.034859713989868424,-0.11710016429424286,0.1638929694890976,0.0,0.0,0.0,0.0
16.073840618133545,-0.22961968183517456,-2.6719226837158203,0.0,0.0,-0.0006236018380150199,-0.17852020263671875,0.0,0.0,-0.06449438199274152,-0.034279675748947476,-0.12432406097650528,0.17083293199539185,0.0,0.0,0.0,0.0
16.075868844985962,-0.22961968183517456,-2.6719226837158203,0.0,0.0,-0.0006236018380150199,-0.17852020263671875,0.0,0.0,-0.06403898144633796,-0.033795514233105534,-0.12349437177181244,0.16654138267040253,0.0,0.0,0.0,0.0
16.078601837158203,-0.24473616480827332,-2.854438304901123,0.0,0.0,-0.0006266055861487985,-0.1785150021314621,0.0,0.0,-0.06353564400031299,-0.033186715022746185,-0.11885951459407806,0.16356591880321503,0.0,0.0,0.0,0.0
16.081547498703003,-0.24473616480827332,-2.854438304901123,0.0,0.0,-0.0006266055861487985,-0.1785150021314621,0.0,0.0,-0.06308982849316479,-0.0327984273061471,-0.11768648028373718,0.16373759508132935,0.0,0.0,0.0,0.0
16.083443880081177,-0.24473616480827332,-2.854438304901123,0.0,0.0,-0.0006266055861487985,-0.1785150021314621,0.0,0.0,-0.06246185627845857,-0.032074578366361864,-0.12640994787216187,0.16773967444896698,0.0,0.0,0.0,0.0
16.08513379096985,-0.24473616480827332,-2.854438304901123,0.0,0.0,-0.0006266055861487985,-0.1785150021314621,0.0,0.0,-0.06215985147017466,-0.03149933557090475,-0.12477919459342957,0.16430644690990448,0.0,0.0,0.0,0.0
16.086719274520874,-0.24473616480827332,-2.854438304901123,0.0,0.0,-0.0006266055861487985,-0.1785150021314621,0.0,0.0,-0.06215985147017466,-0.03149933557090475,-0.12477919459342957,0.16430644690990448,0.0,0.0,0.0,0.0
16.08883547782898,-0.24377226829528809,-2.805137872695923,0.0,0.0,-0.0006328526069410145,-0.17834439873695374,0.0,0.0,-0.061546262666023796,-0.030636471377719077,-0.1194576695561409,0.1585843861103058,0.0,0.0,0.0,0.0
16.090396881103516,-0.24377226829528809,-2.805137872695923,0.0,0.0,-0.0006328526069410145,-0.17834439873695374,0.0,0.0,-0.0608272091717024,-0.029864688464148578,-0.11453671753406525,0.1539495438337326,0.0,0.0,0.0,0.0
16.091936111450195,-0.24377226829528809,-2.805137872695923,0.0,0.0,-0.0006328526069410145,-0.17834439873695374,0.0,0.0,-0.0608272091717024,-0.029864688464148578,-0.11453671753406525,0.1539495438337326,0.0,0.0,0.0,0.0
16.0939998626709,-0.24377226829528809,-2.805137872695923,0.0,0.0,-0.0006328526069410145,-0.17834439873695374,0.0,0.0,-0.06009856478645333,-0.028853221052470946,-0.12233582884073257,0.15739916265010834,0.0,0.0,0.0,0.0
16.095906972885132,-0.24377226829528809,-2.805137872695923,0.0,0.0,-0.0006328526069410145,-0.17834439873695374,0.0,0.0,-0.05925966904307837,-0.027630830112124576,-0.11669961363077164,0.1476430743932724,0.0,0.0,0.0,0.0
16.097363471984863,-0.24377226829528809,-2.805137872695923,0.0,0.0,-0.0006328526069410145,-0.17834439873695374,0.0,0.0,-0.05810918345216414,-0.02631735789216303,-0.10665742307901382,0.13877391815185547,0.0,0.0,0.0,0.0
16.098838806152344,-0.25214874744415283,-2.8232808113098145,0.0,0.0,-0.000664218096062541,-0.17815786600112915,0.0,0.0,-0.05810918345216414,-0.02631735789216303,-0.10665742307901382,0.13877391815185547,0.0,0.0,0.0,0.0
16.100341081619263,-0.25214874744415283,-2.8232808113098145,0.0,0.0,-0.000664218096062541,-0.17815786600112915,0.0,0.0,-0.05654164917521243,-0.024059529627410238,-0.094812773168087,0.1235818862915039,0.0,0.0,0.0,0.0
16.102141857147217,-0.25214874744415283,-2.8232808113098145,0.0,0.0,-0.000664218096062541,-0.17815786600112915,0.0,0.0,-0.05514668656656339,-0.02233380124103889,-0.09821567684412003,0.12332335859537125,0.0,0.0,0.0,0.0
16.103875875473022,-0.25214874744415283,-2.8232808113098145,0.0,0.0,-0.000664218096062541,-0.17815786600112915,0.0,0.0,-0.05514668656656339,-0.02233380124103889,-0.09821567684412003,0.12332335859537125,0.0,0.0,0.0,0.0
16.105827808380127,-0.25214874744415283,-2.8232808113098145,0.0,0.0,-0.000664218096062541,-0.17815786600112915,0.0,0.0,-0.053325084380949184,-0.019941750242513337,-0.08525523543357849,0.107387475669384,0.0,0.0,0.0,0.0
16.107274055480957,-0.25214874744415283,-2.8232808113098145,0.0,0.0,-0.000664218096062541,-0.17815786600112915,0.0,0.0,-0.05118230145686804,-0.01772706489483621,-0.06949099898338318,0.09362594038248062,0.0,0.0,0.0,0.0
16.108776330947876,-0.23204953968524933,-2.8171651363372803,0.0,0.0,-0.0006263397517614067,-0.17794373631477356,0.0,0.0,-0.05118230145686804,-0.01772706489483621,-0.06949099898338318,0.09362594038248062,0.0,0.0,0.0,0.0
16.11033606529236,-0.23204953968524933,-2.8171651363372803,0.0,0.0,-0.0006263397517614067,-0.17794373631477356,0.0,0.0,-0.049097046323335995,-0.015493206542812207,-0.05507144331932068,0.0790061205625534,0.0,0.0,0.0,0.0
16.11173391342163,-0.23204953968524933,-2.8171651363372803,0.0,0.0,-0.0006263397517614067,-0.17794373631477356,0.0,0.0,-0.049097046323335995,-0.015493206542812207,-0.05507144331932068,0.0790061205625534,0.0,0.0,0.0,0.0
16.113122701644897,-0.23204953968524933,-2.8171651363372803,0.0,0.0,-0.0006263397517614067,-0.17794373631477356,0.0,0.0,-0.04735214493261777,-0.0134942372434315,-0.060172490775585175,0.0781562477350235,0.0,0.0,0.0,0.0
16.11469864845276,-0.23204953968524933,-2.8171651363372803,0.0,0.0,-0.0006263397517614067,-0.17794373631477356,0.0,0.0,-0.04586130559888972,-0.012334163687425752,-0.05293411388993263,0.07555271685123444,0.0,0.0,0.0,0.0
16.11617946624756,-0.23204953968524933,-2.8171651363372803,0.0,0.0,-0.0006263397517614067,-0.17794373631477356,0.0,0.0,-0.04586130559888972,-0.012334163687425752,-0.05293411388993263,0.07555271685123444,0.0,0.0,0.0,0.0
16.117706298828125,-0.23204953968524933,-2.8171651363372803,0.0,0.0,-0.0006263397517614067,-0.17794373631477356,0.0,0.0,-0.04484504566758441,-0.011408982109899456,-0.04766982048749924,0.0763252004981041,0.0,0.0,0.0,0.0
16.119075536727905,-0.18206821382045746,-2.580740451812744,0.0,0.0,-0.0005391213344410062,-0.17759713530540466,0.0,0.0,-0.04484504566758441,-0.011408982109899456,-0.04766982048749924,0.0763252004981041,0.0,0.0,0.0,0.0
16.1211941242218,-0.18206821382045746,-2.580740451812744,0.0,0.0,-0.0005391213344410062,-0.17759713530540466,0.0,0.0,-0.044327324811004085,-0.011068629830003713,-0.05144638568162918,0.07807041704654694,0.0,0.0,0.0,0.0
16.12317991256714,-0.18206821382045746,-2.580740451812744,0.0,0.0,-0.0005391213344410062,-0.17759713530540466,0.0,0.0,-0.044212278007414355,-0.011054249345284518,-0.0651712492108345,0.09356912225484848,0.0,0.0,0.0,0.0
16.12515878677368,-0.18206821382045746,-2.580740451812744,0.0,0.0,-0.0005391213344410062,-0.17759713530540466,0.0,0.0,-0.04419789752269516,-0.011121360712170899,-0.0672311782836914,0.09562907367944717,0.0,0.0,0.0,0.0
16.126537084579468,-0.18206821382045746,-2.580740451812744,0.0,0.0,-0.0005391213344410062,-0.17759713530540466,0.0,0.0,-0.04419789752269516,-0.011121360712170899,-0.0672311782836914,0.09562907367944717,0.0,0.0,0.0,0.0
16.128790616989136,-0.12918508052825928,-1.8875821828842163,0.0,0.0,-0.0003818401601165533,-0.176901176571846,0.0,0.0,-0.04417872159251213,-0.011408982109899456,-0.0679178312420845,0.09840425103902817,0.0,0.0,0.0,0.0
16.130348205566406,-0.12918508052825928,-1.8875821828842163,0.0,0.0,-0.0003818401601165533,-0.176901176571846,0.0,0.0,-0.04489777508683352,-0.012789564233829301,-0.07650090754032135,0.11471209675073624,0.0,0.0,0.0,0.0
16.132550954818726,-0.12918508052825928,-1.8875821828842163,0.0,0.0,-0.0003818401601165533,-0.176901176571846,0.0,0.0,-0.04611537350755221,-0.013944843807289291,-0.09842433780431747,0.1335727870464325,0.0,0.0,0.0,0.0
16.1339910030365,-0.12918508052825928,-1.8875821828842163,0.0,0.0,-0.0003818401601165533,-0.176901176571846,0.0,0.0,-0.04611537350755221,-0.013944843807289291,-0.09842433780431747,0.1335727870464325,0.0,0.0,0.0,0.0
16.135501861572266,-0.12918508052825928,-1.8875821828842163,0.0,0.0,-0.0003818401601165533,-0.176901176571846,0.0,0.0,-0.04691112487093342,-0.01481729596556648,-0.10388887673616409,0.13714908063411713,0.0,0.0,0.0,0.0
16.137761116027832,-0.12918508052825928,-1.8875821828842163,0.0,0.0,-0.0003818401601165533,-0.176901176571846,0.0,0.0,-0.04751033611620125,-0.01562263529403921,-0.10557690262794495,0.14215587079524994,0.0,0.0,0.0,0.0
16.139814138412476,-0.1310543566942215,-1.2639412879943848,0.0,0.0,-0.0003675016632769257,-0.17613379657268524,0.0,0.0,-0.047682907784503924,-0.01591505067431353,-0.10411778092384338,0.14166948199272156,0.0,0.0,0.0,0.0
16.141530990600586,-0.1310543566942215,-1.2639412879943848,0.0,0.0,-0.0003675016632769257,-0.17613379657268524,0.0,0.0,-0.047682907784503924,-0.01591505067431353,-0.10411778092384338,0.14166948199272156,0.0,0.0,0.0,0.0
16.143712759017944,-0.1310543566942215,-1.2639412879943848,0.0,0.0,-0.0003675016632769257,-0.17613379657268524,0.0,0.0,-0.04783151392883204,-0.015886288241957057,-0.11514443159103394,0.14992095530033112,0.0,0.0,0.0,0.0
16.145115852355957,-0.1310543566942215,-1.2639412879943848,0.0,0.0,-0.0003675016632769257,-0.17613379657268524,0.0,0.0,-0.04778836954883829,-0.015881494259411297,-0.11322755366563797,0.14780379831790924,0.0,0.0,0.0,0.0
16.146514892578125,-0.1310543566942215,-1.2639412879943848,0.0,0.0,-0.0003675016632769257,-0.17613379657268524,0.0,0.0,-0.04778836954883829,-0.015881494259411297,-0.11322755366563797,0.14780379831790924,0.0,0.0,0.0,0.0
16.14804172515869,-0.16506950557231903,-1.6032862663269043,0.0,0.0,-0.00040684783016331494,-0.1759876012802124,0.0,0.0,-0.04669061630300932,-0.015579492376963542,-0.10361452400684357,0.14359810948371887,0.0,0.0,0.0,0.0
16.14995574951172,-0.16506950557231903,-1.6032862663269043,0.0,0.0,-0.00040684783016331494,-0.1759876012802124,0.0,0.0,-0.04562641654624643,-0.014491324170389935,-0.09222765266895294,0.13203957676887512,0.0,0.0,0.0,0.0
16.151543617248535,-0.16506950557231903,-1.6032862663269043,0.0,0.0,-0.00040684783016331494,-0.1759876012802124,0.0,0.0,-0.04562641654624643,-0.014491324170389935,-0.09222765266895294,0.13203957676887512,0.0,0.0,0.0,0.0
16.153720378875732,-0.16506950557231903,-1.6032862663269043,0.0,0.0,-0.00040684783016331494,-0.1759876012802124,0.0,0.0,-0.04462453417382416,-0.013369601011832176,-0.09815014153718948,0.1371324062347412,0.0,0.0,0.0,0.0
16.15510082244873,-0.16506950557231903,-1.6032862663269043,0.0,0.0,-0.00040684783016331494,-0.1759876012802124,0.0,0.0,-0.04348842906762912,-0.012348545635063027,-0.09002484381198883,0.1294076293706894,0.0,0.0,0.0,0.0
16.15672016143799,-0.16506950557231903,-1.6032862663269043,0.0,0.0,-0.00040684783016331494,-0.1759876012802124,0.0,0.0,-0.04348842906762912,-0.012348545635063027,-0.09002484381198883,0.1294076293706894,0.0,0.0,0.0,0.0
16.158610343933105,-0.19528314471244812,-2.368842363357544,0.0,0.0,-0.000494237698148936,-0.17631308734416962,0.0,0.0,-0.042352326887270246,-0.01170619074126049,-0.08347310870885849,0.12651799619197845,0.0,0.0,0.0,0.0
16.160106897354126,-0.19528314471244812,-2.368842363357544,0.0,0.0,-0.000494237698148936,-0.17631308734416962,0.0,0.0,-0.04165244639729573,-0.011231615727591987,-0.08195675909519196,0.12671828269958496,0.0,0.0,0.0,0.0
16.16158962249756,-0.19528314471244812,-2.368842363357544,0.0,0.0,-0.000494237698148936,-0.17631308734416962,0.0,0.0,-0.04165244639729573,-0.011231615727591987,-0.08195675909519196,0.12671828269958496,0.0,0.0,0.0,0.0
16.16307759284973,-0.19528314471244812,-2.368842363357544,0.0,0.0,-0.000494237698148936,-0.17631308734416962,0.0,0.0,-0.04118266536617298,-0.010920025880052716,-0.09249962121248245,0.13866443932056427,0.0,0.0,0.0,0.0
16.164790630340576,-0.19528314471244812,-2.368842363357544,0.0,0.0,-0.000494237698148936,-0.17631308734416962,0.0,0.0,-0.040847107068822996,-0.010771421198642678,-0.09098327904939651,0.13932248950004578,0.0,0.0,0.0,0.0
16.166306734085083,-0.19528314471244812,-2.368842363357544,0.0,0.0,-0.000494237698148936,-0.17631308734416962,0.0,0.0,-0.040847107068822996,-0.010771421198642678,-0.09098327904939651,0.13932248950004578,0.0,0.0,0.0,0.0
16.168437242507935,-0.2034243643283844,-2.5640017986297607,0.0,0.0,-0.0005110020283609629,-0.17641183733940125,0.0,0.0,-0.040866282999006034,-0.010814564847177386,-0.09473121166229248,0.1399519145488739,0.0,0.0,0.0,0.0
16.169926404953003,-0.2034243643283844,-2.5640017986297607,0.0,0.0,-0.0005110020283609629,-0.17641183733940125,0.0,0.0,-0.040631391020526576,-0.010814564847177386,-0.09264267235994339,0.14123935997486115,0.0,0.0,0.0,0.0
16.171616315841675,-0.2034243643283844,-2.5640017986297607,0.0,0.0,-0.0005110020283609629,-0.17641183733940125,0.0,0.0,-0.04055469315146676,-0.010814564847177386,-0.10444376617670059,0.15321141481399536,0.0,0.0,0.0,0.0
16.173088788986206,-0.2034243643283844,-2.5640017986297607,0.0,0.0,-0.0005110020283609629,-0.17641183733940125,0.0,0.0,-0.04055469315146676,-0.010814564847177386,-0.10444376617670059,0.15321141481399536,0.0,0.0,0.0,0.0
16.17452335357666,-0.2034243643283844,-2.5640017986297607,0.0,0.0,-0.0005110020283609629,-0.17641183733940125,0.0,0.0,-0.040497168286753815,-0.010814564847177386,-0.10535929352045059,0.15321141481399536,0.0,0.0,0.0,0.0
16.175957679748535,-0.2034243643283844,-2.5640017986297607,0.0,0.0,-0.0005110020283609629,-0.17641183733940125,0.0,0.0,-0.040497168286753815,-0.010814564847177386,-0.10535929352045059,0.15321141481399536,0.0,0.0,0.0,0.0
16.17739987373352,-0.2034243643283844,-2.5640017986297607,0.0,0.0,-0.0005110020283609629,-0.17641183733940125,0.0,0.0,-0.040497168286753815,-0.010814564847177386,-0.10535929352045059,0.15321141481399536,0.0,0.0,0.0,0.0
16.179235458374023,-0.2308325618505478,-2.159675359725952,0.0,0.0,-0.0005773280863650143,-0.17601341009140015,0.0,0.0,-0.040497168286753815,-0.011217234511413751,-0.10535929352045059,0.1581895798444748,0.0,0.0,0.0,0.0
16.180711269378662,-0.2308325618505478,-2.159675359725952,0.0,0.0,-0.0005773280863650143,-0.17601341009140015,0.0,0.0,-0.040497168286753815,-0.011217234511413751,-0.10535929352045059,0.1581895798444748,0.0,0.0,0.0,0.0
16.182933807373047,-0.2308325618505478,-2.159675359725952,0.0,0.0,-0.0005773280863650143,-0.17601341009140015,0.0,0.0,-0.04096215679824888,-0.011298727094478368,-0.12251094728708267,0.1688460260629654,0.0,0.0,0.0,0.0
16.184454202651978,-0.2308325618505478,-2.159675359725952,0.0,0.0,-0.0005773280863650143,-0.17601341009140015,0.0,0.0,-0.04104844263240022,-0.011279552627213413,-0.12262538075447083,0.16787326335906982,0.0,0.0,0.0,0.0
16.185874700546265,-0.2308325618505478,-2.159675359725952,0.0,0.0,-0.0005773280863650143,-0.17601341009140015,0.0,0.0,-0.04104844263240022,-0.011279552627213413,-0.12262538075447083,0.16787326335906982,0.0,0.0,0.0,0.0
16.188218355178833,-0.2836185097694397,-2.2689993381500244,0.0,0.0,-0.0006701774545945227,-0.17579896748065948,0.0,0.0,-0.0410388546673087,-0.011279552627213413,-0.12047962099313736,0.16787326335906982,0.0,0.0,0.0,0.0
16.19013786315918,-0.2836185097694397,-2.2689993381500244,0.0,0.0,-0.0006701774545945227,-0.17579896748065948,0.0,0.0,-0.04076561375429934,-0.011279552627213413,-0.11910634487867355,0.16787326335906982,0.0,0.0,0.0,0.0
16.19154167175293,-0.2836185097694397,-2.2689993381500244,0.0,0.0,-0.0006701774545945227,-0.17579896748065948,0.0,0.0,-0.04023351533883597,-0.011035074146560523,-0.12337425351142883,0.17986594140529633,0.0,0.0,0.0,0.0
16.19291377067566,-0.2836185097694397,-2.2689993381500244,0.0,0.0,-0.0006701774545945227,-0.17579896748065948,0.0,0.0,-0.04023351533883597,-0.011035074146560523,-0.12337425351142883,0.17986594140529633,0.0,0.0,0.0,0.0
16.194286346435547,-0.2836185097694397,-2.2689993381500244,0.0,0.0,-0.0006701774545945227,-0.17579896748065948,0.0,0.0,-0.039826051692053846,-0.010541323934168024,-0.12225843220949173,0.17116843163967133,0.0,0.0,0.0,0.0
16.19641399383545,-0.2836185097694397,-2.2689993381500244,0.0,0.0,-0.0006701774545945227,-0.17579896748065948,0.0,0.0,-0.03899674391377041,-0.009884588555646293,-0.11387563496828079,0.16496002674102783,0.0,0.0,0.0,0.0
16.197773218154907,-0.2836185097694397,-2.2689993381500244,0.0,0.0,-0.0006701774545945227,-0.17579896748065948,0.0,0.0,-0.03899674391377041,-0.009884588555646293,-0.11387563496828079,0.16496002674102783,0.0,0.0,0.0,0.0
16.200299978256226,-0.2824353575706482,-2.547764778137207,0.0,0.0,-0.0007046519313007593,-0.17578326165676117,0.0,0.0,-0.038239338559082944,-0.009146360594059943,-0.11001327633857727,0.16126929223537445,0.0,0.0,0.0,0.0
16.201741695404053,-0.2824353575706482,-2.547764778137207,0.0,0.0,-0.0007046519313007593,-0.17578326165676117,0.0,0.0,-0.03748193613023164,-0.008326639317949937,-0.10306096822023392,0.1572924703359604,0.0,0.0,0.0,0.0
16.20333218574524,-0.2824353575706482,-2.547764778137207,0.0,0.0,-0.0007046519313007593,-0.17578326165676117,0.0,0.0,-0.03649443716836472,-0.007578824122731111,-0.11027318984270096,0.16441886126995087,0.0,0.0,0.0,0.0
16.20497465133667,-0.2824353575706482,-2.547764778137207,0.0,0.0,-0.0007046519313007593,-0.17578326165676117,0.0,0.0,-0.03649443716836472,-0.007578824122731111,-0.11027318984270096,0.16441886126995087,0.0,0.0,0.0,0.0
16.20671272277832,-0.2824353575706482,-2.547764778137207,0.0,0.0,-0.0007046519313007593,-0.17578326165676117,0.0,0.0,-0.035482966830850934,-0.0069364692289285755,-0.10180456936359406,0.15901152789592743,0.0,0.0,0.0,0.0
16.20846724510193,-0.26868075132369995,-2.861776113510132,0.0,0.0,-0.0006973125855438411,-0.17583486437797546,0.0,0.0,-0.0344858799038925,-0.00601128728567276,-0.09585364162921906,0.15366141498088837,0.0,0.0,0.0,0.0
16.209904670715332,-0.26868075132369995,-2.861776113510132,0.0,0.0,-0.0006973125855438411,-0.17583486437797546,0.0,0.0,-0.0344858799038925,-0.00601128728567276,-0.09585364162921906,0.15366141498088837,0.0,0.0,0.0,0.0
16.211472749710083,-0.26868075132369995,-2.861776113510132,0.0,0.0,-0.0006973125855438411,-0.17583486437797546,0.0,0.0,-0.03297586756581757,-0.004654672880094589,-0.08601172268390656,0.1414734572172165,0.0,0.0,0.0,0.0
16.212915182113647,-0.26868075132369995,-2.861776113510132,0.0,0.0,-0.0006973125855438411,-0.17583486437797546,0.0,0.0,-0.03297586756581757,-0.004654672880094589,-0.08601172268390656,0.1414734572172165,0.0,0.0,0.0,0.0
16.21433663368225,-0.26868075132369995,-2.861776113510132,0.0,0.0,-0.0006973125855438411,-0.17583486437797546,0.0,0.0,-0.03143709425830425,-0.0031206920922089475,-0.0870838314294815,0.1444624662399292,0.0,0.0,0.0,0.0
16.215903759002686,-0.26868075132369995,-2.861776113510132,0.0,0.0,-0.0006973125855438411,-0.17583486437797546,0.0,0.0,-0.029562759727604786,-0.0015387744047018798,-0.074037566781044,0.1302717924118042,0.0,0.0,0.0,0.0
16.217642068862915,-0.26868075132369995,-2.861776113510132,0.0,0.0,-0.0006973125855438411,-0.17583486437797546,0.0,0.0,-0.029562759727604786,-0.0015387744047018798,-0.074037566781044,0.1302717924118042,0.0,0.0,0.0,0.0
16.21958875656128,-0.2904845178127289,-2.8920185565948486,0.0,0.0,-0.0007394033018499613,-0.1757352203130722,0.0,0.0,-0.027463124109353546,8.14927945019954e-05,-0.05844498425722122,0.12028681486845016,0.0,0.0,0.0,0.0
16.221054315567017,-0.2904845178127289,-2.8920185565948486,0.0,0.0,-0.0007394033018499613,-0.1757352203130722,0.0,0.0,-0.025234058276957225,0.0026796729448483932,-0.04465484619140625,0.10154710710048676,0.0,0.0,0.0,0.0
16.22243595123291,-0.2904845178127289,-2.8920185565948486,0.0,0.0,-0.0007394033018499613,-0.1757352203130722,0.0,0.0,-0.025234058276957225,0.0026796729448483932,-0.04465484619140625,0.10154710710048676,0.0,0.0,0.0,0.0
16.223812580108643,-0.2904845178127289,-2.8920185565948486,0.0,0.0,-0.0007394033018499613,-0.1757352203130722,0.0,0.0,-0.022463306064006018,0.004712197379078012,-0.03628857806324959,0.10391108691692352,0.0,0.0,0.0,0.0
16.22520399093628,-0.2904845178127289,-2.8920185565948486,0.0,0.0,-0.0007394033018499613,-0.1757352203130722,0.0,0.0,-0.022463306064006018,0.004712197379078012,-0.03628857806324959,0.10391108691692352,0.0,0.0,0.0,0.0
16.226590633392334,-0.2904845178127289,-2.8920185565948486,0.0,0.0,-0.0007394033018499613,-0.1757352203130722,0.0,0.0,-0.020195891297079785,0.006658435796291535,-0.02241261675953865,0.09057871252298355,0.0,0.0,0.0,0.0
16.228405475616455,-0.32058054208755493,-2.711761951446533,0.0,0.0,-0.000770474027376622,-0.17541620135307312,0.0,0.0,-0.01822089044750979,0.008436895064830066,-0.014573410153388977,0.08365503698587418,0.0,0.0,0.0,0.0
16.23001456260681,-0.32058054208755493,-2.711761951446533,0.0,0.0,-0.000770474027376622,-0.17541620135307312,0.0,0.0,-0.01822089044750979,0.008436895064830066,-0.014573410153388977,0.08365503698587418,0.0,0.0,0.0,0.0
16.231696605682373,-0.32058054208755493,-2.711761951446533,0.0,0.0,-0.000770474027376622,-0.17541620135307312,0.0,0.0,-0.016389700296804074,0.009836653118942945,-0.0063050598837435246,0.0776468962430954,0.0,0.0,0.0,0.0
16.233105897903442,-0.32058054208755493,-2.711761951446533,0.0,0.0,-0.000770474027376622,-0.17541620135307312,0.0,0.0,-0.016389700296804074,0.009836653118942945,-0.0063050598837435246,0.0776468962430954,0.0,0.0,0.0,0.0
16.2344868183136,-0.32058054208755493,-2.711761951446533,0.0,0.0,-0.000770474027376622,-0.17541620135307312,0.0,0.0,-0.015349470452769971,0.010704310563215337,-0.015436557121574879,0.0854630246758461,0.0,0.0,0.0,0.0
16.23587989807129,-0.32058054208755493,-2.711761951446533,0.0,0.0,-0.000770474027376622,-0.17541620135307312,0.0,0.0,-0.015349470452769971,0.010704310563215337,-0.015436557121574879,0.0854630246758461,0.0,0.0,0.0,0.0
16.23766326904297,-0.32058054208755493,-2.711761951446533,0.0,0.0,-0.000770474027376622,-0.17541620135307312,0.0,0.0,-0.014707116290426476,0.010996725943489653,-0.015264898538589478,0.08938262611627579,0.0,0.0,0.0,0.0
16.239692449569702,-0.3387511968612671,-2.291431188583374,0.0,0.0,-0.0008207877981476486,-0.17493490874767303,0.0,0.0,-0.01448181227703854,0.010967963511133182,-0.01824036054313183,0.09290168434381485,0.0,0.0,0.0,0.0
16.24164390563965,-0.3387511968612671,-2.291431188583374,0.0,0.0,-0.0008207877981476486,-0.17493490874767303,0.0,0.0,-0.014462637809773585,0.010967963511133182,-0.032837167382240295,0.10689554363489151,0.0,0.0,0.0,0.0
16.243098497390747,-0.3387511968612671,-2.291431188583374,0.0,0.0,-0.0008207877981476486,-0.17493490874767303,0.0,0.0,-0.014462637809773585,0.010967963511133182,-0.032837167382240295,0.10689554363489151,0.0,0.0,0.0,0.0
16.24489426612854,-0.3387511968612671,-2.291431188583374,0.0,0.0,-0.0008207877981476486,-0.17493490874767303,0.0,0.0,-0.014419494892697917,0.01037834023095687,-0.03340938314795494,0.1119595617055893,0.0,0.0,0.0,0.0
16.246482610702515,-0.3387511968612671,-2.291431188583374,0.0,0.0,-0.0008207877981476486,-0.17493490874767303,0.0,0.0,-0.015085817504852127,0.009199092207686168,-0.04153468832373619,0.1254635751247406,0.0,0.0,0.0,0.0
16.24883222579956,-0.3957687020301819,-1.3928773403167725,0.0,0.0,-0.000916097778826952,-0.17408785223960876,0.0,0.0,-0.01587677634860566,0.008374577680489444,-0.04851558059453964,0.1298409402370453,0.0,0.0,0.0,0.0
16.250439405441284,-0.3957687020301819,-1.3928773403167725,0.0,0.0,-0.000916097778826952,-0.17408785223960876,0.0,0.0,-0.016720466074526378,0.007928764367718371,-0.05392291396856308,0.1300126165151596,0.0,0.0,0.0,0.0
16.251801013946533,-0.3957687020301819,-1.3928773403167725,0.0,0.0,-0.000916097778826952,-0.17408785223960876,0.0,0.0,-0.016720466074526378,0.007928764367718371,-0.05392291396856308,0.1300126165151596,0.0,0.0,0.0,0.0
16.25331401824951,-0.3957687020301819,-1.3928773403167725,0.0,0.0,-0.000916097778826952,-0.17408785223960876,0.0,0.0,-0.017458694036112728,0.007430220904239154,-0.0715799629688263,0.14535152912139893,0.0,0.0,0.0,0.0
16.25495481491089,-0.3957687020301819,-1.3928773403167725,0.0,0.0,-0.000916097778826952,-0.17408785223960876,0.0,0.0,-0.017458694036112728,0.007430220904239154,-0.0715799629688263,0.14535152912139893,0.0,0.0,0.0,0.0
16.256832361221313,-0.3957687020301819,-1.3928773403167725,0.0,0.0,-0.000916097778826952,-0.17408785223960876,0.0,0.0,-0.018029142849024085,0.007070694157078457,-0.07303908467292786,0.14555180072784424,0.0,0.0,0.0,0.0
16.258241653442383,-0.433734655380249,-1.042802333831787,0.0,0.0,-0.0010399606544524431,-0.173382967710495,0.0,0.0,-0.018388669596184782,0.007104249840521647,-0.0731821283698082,0.14286242425441742,0.0,0.0,0.0,0.0
16.259650230407715,-0.433734655380249,-1.042802333831787,0.0,0.0,-0.0010399606544524431,-0.173382967710495,0.0,0.0,-0.018388669596184782,0.007104249840521647,-0.0731821283698082,0.14286242425441742,0.0,0.0,0.0,0.0
16.261738061904907,-0.433734655380249,-1.042802333831787,0.0,0.0,-0.0010399606544524431,-0.173382967710495,0.0,0.0,-0.018335938714017598,0.00712821829033236,-0.07097914069890976,0.14188969135284424,0.0,0.0,0.0,0.0
16.26361918449402,-0.433734655380249,-1.042802333831787,0.0,0.0,-0.0010399606544524431,-0.173382967710495,0.0,0.0,-0.018335938714017598,0.007732222786686908,-0.08075790107250214,0.1460350751876831,0.0,0.0,0.0,0.0
16.265074253082275,-0.433734655380249,-1.042802333831787,0.0,0.0,-0.0010399606544524431,-0.173382967710495,0.0,0.0,-0.018335938714017598,0.008705341995293669,-0.08075790107250214,0.1366509050130844,0.0,0.0,0.0,0.0
16.266480922698975,-0.433734655380249,-1.042802333831787,0.0,0.0,-0.0010399606544524431,-0.173382967710495,0.0,0.0,-0.018335938714017598,0.008705341995293669,-0.08075790107250214,0.1366509050130844,0.0,0.0,0.0,0.0
16.268142461776733,-0.4949256181716919,-1.6639188528060913,0.0,0.0,-0.0011637122370302677,-0.17349113523960114,0.0,0.0,-0.018062699263926316,0.00971681086988938,-0.07655219733715057,0.1300419420003891,0.0,0.0,0.0,0.0
16.26966881752014,-0.4949256181716919,-1.6639188528060913,0.0,0.0,-0.0011637122370302677,-0.17349113523960114,0.0,0.0,-0.01738199470413483,0.010843328010992897,-0.07025794684886932,0.12248885631561279,0.0,0.0,0.0,0.0
16.271084547042847,-0.4949256181716919,-1.6639188528060913,0.0,0.0,-0.0011637122370302677,-0.17349113523960114,0.0,0.0,-0.01738199470413483,0.010843328010992897,-0.07025794684886932,0.12248885631561279,0.0,0.0,0.0,0.0
16.2725031375885,-0.4949256181716919,-1.6639188528060913,0.0,0.0,-0.0011637122370302677,-0.17349113523960114,0.0,0.0,-0.016969737074806947,0.011859590136675327,-0.08055631816387177,0.13018083572387695,0.0,0.0,0.0,0.0
16.273950815200806,-0.4949256181716919,-1.6639188528060913,0.0,0.0,-0.0011637122370302677,-0.17349113523960114,0.0,0.0,-0.016969737074806947,0.011859590136675327,-0.08055631816387177,0.13018083572387695,0.0,0.0,0.0,0.0
16.275379180908203,-0.4949256181716919,-1.6639188528060913,0.0,0.0,-0.0011637122370302677,-0.17349113523960114,0.0,0.0,-0.01648078157641925,0.012545087216094491,-0.07898276299238205,0.12425851821899414,0.0,0.0,0.0,0.0
16.27693271636963,-0.4949256181716919,-1.6639188528060913,0.0,0.0,-0.0011637122370302677,-0.17349113523960114,0.0,0.0,-0.01605414199945409,0.013182648858810308,-0.07509176433086395,0.12285661697387695,0.0,0.0,0.0,0.0
16.278481245040894,-0.43106189370155334,-2.176433563232422,0.0,0.0,-0.001094664679840207,-0.1737457811832428,0.0,0.0,-0.01605414199945409,0.013182648858810308,-0.07509176433086395,0.12285661697387695,0.0,0.0,0.0,0.0
16.28007936477661,-0.43106189370155334,-2.176433563232422,0.0,0.0,-0.001094664679840207,-0.1737457811832428,0.0,0.0,-0.015713791182476428,0.013494238706349578,-0.07411902397871017,0.12374352663755417,0.0,0.0,0.0,0.0
16.281543016433716,-0.43106189370155334,-2.176433563232422,0.0,0.0,-0.001094664679840207,-0.1737457811832428,0.0,0.0,-0.015713791182476428,0.013494238706349578,-0.07411902397871017,0.12374352663755417,0.0,0.0,0.0,0.0
16.283796787261963,-0.43106189370155334,-2.176433563232422,0.0,0.0,-0.001094664679840207,-0.1737457811832428,0.0,0.0,-0.01570420321738491,0.013786654086623894,-0.08854520320892334,0.13588304817676544,0.0,0.0,0.0,0.0
16.28537082672119,-0.43106189370155334,-2.176433563232422,0.0,0.0,-0.001094664679840207,-0.1737457811832428,0.0,0.0,-0.015646678352671965,0.013781860104078137,-0.08903157711029053,0.13754244148731232,0.0,0.0,0.0,0.0
16.287010192871094,-0.43106189370155334,-2.176433563232422,0.0,0.0,-0.001094664679840207,-0.1737457811832428,0.0,0.0,-0.015646678352671965,0.013781860104078137,-0.08903157711029053,0.13754244148731232,0.0,0.0,0.0,0.0
16.2893967628479,-0.33336153626441956,-2.1663970947265625,0.0,0.0,-0.0009256299817934632,-0.17368018627166748,0.0,0.0,-0.015478899203996975,0.013729129221910951,-0.08722913265228271,0.138715460896492,0.0,0.0,0.0,0.0
16.291013956069946,-0.33336153626441956,-2.1663970947265625,0.0,0.0,-0.0009256299817934632,-0.17368018627166748,0.0,0.0,-0.015368644920034926,0.013729129221910951,-0.0865710973739624,0.138715460896492,0.0,0.0,0.0,0.0
16.29283571243286,-0.33336153626441956,-2.1663970947265625,0.0,0.0,-0.0009256299817934632,-0.17368018627166748,0.0,0.0,-0.015354264435315729,0.013729129221910951,-0.09848077595233917,0.15071025490760803,0.0,0.0,0.0,0.0
16.294394731521606,-0.33336153626441956,-2.1663970947265625,0.0,0.0,-0.0009256299817934632,-0.17368018627166748,0.0,0.0,-0.015354264435315729,0.013729129221910951,-0.09848077595233917,0.15071025490760803,0.0,0.0,0.0,0.0
16.296502113342285,-0.33336153626441956,-2.1663970947265625,0.0,0.0,-0.0009256299817934632,-0.17368018627166748,0.0,0.0,-0.015229628203716405,0.013729129221910951,-0.0977083072066307,0.15071025490760803,0.0,0.0,0.0,0.0
16.29853653907776,-0.26991257071495056,-2.029012680053711,0.0,0.0,-0.000752049672883004,-0.17339570820331573,0.0,0.0,-0.014908450391085617,0.013729129221910951,-0.09318789094686508,0.15071025490760803,0.0,0.0,0.0,0.0
16.300212621688843,-0.26991257071495056,-2.029012680053711,0.0,0.0,-0.000752049672883004,-0.17339570820331573,0.0,0.0,-0.014908450391085617,0.013729129221910951,-0.09318789094686508,0.15071025490760803,0.0,0.0,0.0,0.0
16.30178737640381,-0.26991257071495056,-2.029012680053711,0.0,0.0,-0.000752049672883004,-0.17339570820331573,0.0,0.0,-0.014635210940994335,0.013729129221910951,-0.09401758760213852,0.15071025490760803,0.0,0.0,0.0,0.0
16.30393099784851,-0.26991257071495056,-2.029012680053711,0.0,0.0,-0.000752049672883004,-0.17339570820331573,0.0,0.0,-0.01419898486185574,0.013729129221910951,-0.10124282538890839,0.16288363933563232,0.0,0.0,0.0,0.0
16.30618190765381,-0.26991257071495056,-2.029012680053711,0.0,0.0,-0.000752049672883004,-0.17339570820331573,0.0,0.0,-0.013551836716966486,0.013729129221910951,-0.09589271247386932,0.16288363933563232,0.0,0.0,0.0,0.0
16.30765414237976,-0.26991257071495056,-2.029012680053711,0.0,0.0,-0.000752049672883004,-0.17339570820331573,0.0,0.0,-0.013551836716966486,0.013729129221910951,-0.09589271247386932,0.16288363933563232,0.0,0.0,0.0,0.0
16.309149742126465,-0.2823655903339386,-2.2419614791870117,0.0,0.0,-0.0007112866151146591,-0.17329491674900055,0.0,0.0,-0.012875926139720759,0.013729129221910951,-0.09054259955883026,0.16288363933563232,0.0,0.0,0.0,0.0
16.310614347457886,-0.2823655903339386,-2.2419614791870117,0.0,0.0,-0.0007112866151146591,-0.17329491674900055,0.0,0.0,-0.012875926139720759,0.013729129221910951,-0.09054259955883026,0.16288363933563232,0.0,0.0,0.0,0.0
16.312209367752075,-0.2823655903339386,-2.2419614791870117,0.0,0.0,-0.0007112866151146591,-0.17329491674900055,0.0,0.0,-0.012032236413800041,0.013729129221910951,-0.08416252583265305,0.16288363933563232,0.0,0.0,0.0,0.0
16.3136305809021,-0.2823655903339386,-2.2419614791870117,0.0,0.0,-0.0007112866151146591,-0.17329491674900055,0.0,0.0,-0.01129880243475945,0.013829797003699563,-0.09295324236154556,0.17356336116790771,0.0,0.0,0.0,0.0
16.31519651412964,-0.2823655903339386,-2.2419614791870117,0.0,0.0,-0.0007112866151146591,-0.17329491674900055,0.0,0.0,-0.01129880243475945,0.013829797003699563,-0.09295324236154556,0.17356336116790771,0.0,0.0,0.0,0.0
16.316922664642334,-0.2823655903339386,-2.2419614791870117,0.0,0.0,-0.0007112866151146591,-0.17329491674900055,0.0,0.0,-0.010196253743466645,0.0144673571834973,-0.0834832563996315,0.16784131526947021,0.0,0.0,0.0,0.0
16.31848692893982,-0.31214195489883423,-2.4894869327545166,0.0,0.0,-0.0007465493399649858,-0.17328013479709625,0.0,0.0,-0.008700621890110914,0.014913171227727413,-0.07355550676584244,0.16360700130462646,0.0,0.0,0.0,0.0
16.32007098197937,-0.31214195489883423,-2.4894869327545166,0.0,0.0,-0.0007465493399649858,-0.17328013479709625,0.0,0.0,-0.008700621890110914,0.014913171227727413,-0.07355550676584244,0.16360700130462646,0.0,0.0,0.0,0.0
16.32196021080017,-0.31214195489883423,-2.4894869327545166,0.0,0.0,-0.0007465493399649858,-0.17328013479709625,0.0,0.0,-0.007540549065564206,0.015373364293758641,-0.06528715044260025,0.16277731955051422,0.0,0.0,0.0,0.0
16.323448419570923,-0.31214195489883423,-2.4894869327545166,0.0,0.0,-0.0007465493399649858,-0.17328013479709625,0.0,0.0,-0.0060065682776785645,0.01604448088845861,-0.06648507714271545,0.16755151748657227,0.0,0.0,0.0,0.0
16.325029611587524,-0.31214195489883423,-2.4894869327545166,0.0,0.0,-0.0007465493399649858,-0.17328013479709625,0.0,0.0,-0.0060065682776785645,0.01604448088845861,-0.06648507714271545,0.16755151748657227,0.0,0.0,0.0,0.0
16.327032327651978,-0.31214195489883423,-2.4894869327545166,0.0,0.0,-0.0007465493399649858,-0.17328013479709625,0.0,0.0,-0.004141823174988697,0.01674915389806081,-0.055527351796627045,0.1631455421447754,0.0,0.0,0.0,0.0
16.32852816581726,-0.3687441647052765,-2.639207124710083,0.0,0.0,-0.0008463687263429165,-0.1732218712568283,0.0,0.0,-0.002248315457077599,0.017492175842192915,-0.040735870599746704,0.15759514272212982,0.0,0.0,0.0,0.0
16.33010768890381,-0.3687441647052765,-2.639207124710083,0.0,0.0,-0.0008463687263429165,-0.1732218712568283,0.0,0.0,-0.002248315457077599,0.017492175842192915,-0.040735870599746704,0.15759514272212982,0.0,0.0,0.0,0.0
16.33199644088745,-0.3687441647052765,-2.639207124710083,0.0,0.0,-0.0008463687263429165,-0.1732218712568283,0.0,0.0,-6.239282176860842e-05,0.018369420520097785,-0.026659635826945305,0.15181587636470795,0.0,0.0,0.0,0.0
16.3336021900177,-0.3687441647052765,-2.639207124710083,0.0,0.0,-0.0008463687263429165,-0.1732218712568283,0.0,0.0,0.0021714667245908564,0.019380889394693495,-0.02436411753296852,0.15724441409111023,0.0,0.0,0.0,0.0
16.33541774749756,-0.3687441647052765,-2.639207124710083,0.0,0.0,-0.0008463687263429165,-0.1732218712568283,0.0,0.0,0.0036047800964174063,0.020435499723446795,-0.01867067813873291,0.14986300468444824,0.0,0.0,0.0,0.0
16.33690094947815,-0.3687441647052765,-2.639207124710083,0.0,0.0,-0.0008463687263429165,-0.1732218712568283,0.0,0.0,0.0036047800964174063,0.020435499723446795,-0.01867067813873291,0.14986300468444824,0.0,0.0,0.0,0.0
16.338391065597534,-0.48251134157180786,-2.664207696914673,0.0,0.0,-0.0010878933826461434,-0.17307054996490479,0.0,0.0,0.005555812496176688,0.021283983431913272,-0.005624411627650261,0.1456286907196045,0.0,0.0,0.0,0.0
16.339890718460083,-0.48251134157180786,-2.664207696914673,0.0,0.0,-0.0010878933826461434,-0.17307054996490479,0.0,0.0,0.005555812496176688,0.021283983431913272,-0.005624411627650261,0.1456286907196045,0.0,0.0,0.0,0.0
16.341423988342285,-0.48251134157180786,-2.664207696914673,0.0,0.0,-0.0010878933826461434,-0.17307054996490479,0.0,0.0,0.00729592209872627,0.02227148385669827,0.001327871228568256,0.14030717313289642,0.0,0.0,0.0,0.0
16.34277319908142,-0.48251134157180786,-2.664207696914673,0.0,0.0,-0.0010878933826461434,-0.17307054996490479,0.0,0.0,0.00729592209872627,0.02227148385669827,0.001327871228568256,0.14030717313289642,0.0,0.0,0.0,0.0
16.344539165496826,-0.48251134157180786,-2.664207696914673,0.0,0.0,-0.0010878933826461434,-0.17307054996490479,0.0,0.0,0.008249866108609036,0.023052854735360284,-0.005999974440783262,0.14783813059329987,0.0,0.0,0.0,0.0
16.345879793167114,-0.48251134157180786,-2.664207696914673,0.0,0.0,-0.0010878933826461434,-0.17307054996490479,0.0,0.0,0.009175048417594372,0.023767114247135922,-0.003997256979346275,0.14606428146362305,0.0,0.0,0.0,0.0
16.34730100631714,-0.48251134157180786,-2.664207696914673,0.0,0.0,-0.0010878933826461434,-0.17307054996490479,0.0,0.0,0.009175048417594372,0.023767114247135922,-0.003997256979346275,0.14606428146362305,0.0,0.0,0.0,0.0
16.348649740219116,-0.6420397162437439,-2.1895010471343994,0.0,0.0,-0.0014503308339044452,-0.17256514728069305,0.0,0.0,0.009970801243893665,0.024184165859009562,-0.001393726677633822,0.14326047897338867,0.0,0.0,0.0,0.0
16.350230932235718,-0.6420397162437439,-2.1895010471343994,0.0,0.0,-0.0014503308339044452,-0.17256514728069305,0.0,0.0,0.010430995772842972,0.02481693351917962,0.00038010982098057866,0.13962699472904205,0.0,0.0,0.0,0.0
16.35179853439331,-0.6420397162437439,-2.1895010471343994,0.0,0.0,-0.0014503308339044452,-0.17256514728069305,0.0,0.0,0.010430995772842972,0.02481693351917962,0.00038010982098057866,0.13962699472904205,0.0,0.0,0.0,0.0
16.353681802749634,-0.6420397162437439,-2.1895010471343994,0.0,0.0,-0.0014503308339044452,-0.17256514728069305,0.0,0.0,0.01036867765704331,0.02568938567745681,-0.017210567370057106,0.14645808935165405,0.0,0.0,0.0,0.0
16.355262994766235,-0.6420397162437439,-2.1895010471343994,0.0,0.0,-0.0014503308339044452,-0.17256514728069305,0.0,0.0,0.01036867765704331,0.02568938567745681,-0.017210567370057106,0.14645808935165405,0.0,0.0,0.0,0.0
16.357398509979248,-0.6420397162437439,-2.1895010471343994,0.0,0.0,-0.0014503308339044452,-0.17256514728069305,0.0,0.0,0.010430995772842972,0.0266433282244215,-0.018126098439097404,0.13761751353740692,0.0,0.0,0.0,0.0
16.359487771987915,-0.7906765937805176,-1.819605827331543,0.0,0.0,-0.001763432170264423,-0.172117218375206,0.0,0.0,0.010430995772842972,0.027285683849683075,-0.018126098439097404,0.13612979650497437,0.0,0.0,0.0,0.0
16.361406087875366,-0.7906765937805176,-1.819605827331543,0.0,0.0,-0.001763432170264423,-0.172117218375206,0.0,0.0,0.010186517292190084,0.027875307129859386,-0.018126098439097404,0.13189548254013062,0.0,0.0,0.0,0.0
16.36332941055298,-0.7906765937805176,-1.819605827331543,0.0,0.0,-0.001763432170264423,-0.172117218375206,0.0,0.0,0.009270922948296265,0.028805284152849518,-0.03214511275291443,0.12625926733016968,0.0,0.0,0.0,0.0
16.365124702453613,-0.7906765937805176,-1.819605827331543,0.0,0.0,-0.001763432170264423,-0.172117218375206,0.0,0.0,0.009270922948296265,0.028805284152849518,-0.03214511275291443,0.12625926733016968,0.0,0.0,0.0,0.0
16.36724090576172,-0.7906765937805176,-1.819605827331543,0.0,0.0,-0.001763432170264423,-0.172117218375206,0.0,0.0,0.008364915106575884,0.029979738193574464,-0.036865800619125366,0.11764758080244064,0.0,0.0,0.0,0.0
16.36896276473999,-0.844079315662384,-1.5430787801742554,0.0,0.0,-0.001965041970834136,-0.17163123190402985,0.0,0.0,0.00757395626282235,0.030770697037327998,-0.04049929976463318,0.11535876244306564,0.0,0.0,0.0,0.0
16.370482206344604,-0.844079315662384,-1.5430787801742554,0.0,0.0,-0.001965041970834136,-0.17163123190402985,0.0,0.0,0.00757395626282235,0.030770697037327998,-0.04049929976463318,0.11535876244306564,0.0,0.0,0.0,0.0
16.371952295303345,-0.844079315662384,-1.5430787801742554,0.0,0.0,-0.001965041970834136,-0.17163123190402985,0.0,0.0,0.006514551220064253,0.03177737192937795,-0.05025538429617882,0.1090645045042038,0.0,0.0,0.0,0.0
16.373372554779053,-0.844079315662384,-1.5430787801742554,0.0,0.0,-0.001965041970834136,-0.17163123190402985,0.0,0.0,0.006514551220064253,0.03177737192937795,-0.05025538429617882,0.1090645045042038,0.0,0.0,0.0,0.0
16.37525963783264,-0.844079315662384,-1.5430787801742554,0.0,0.0,-0.001965041970834136,-0.17163123190402985,0.0,0.0,0.005388033713231216,0.032764870891244864,-0.05571994557976723,0.09893649071455002,0.0,0.0,0.0,0.0
16.376752853393555,-0.844079315662384,-1.5430787801742554,0.0,0.0,-0.001965041970834136,-0.17163123190402985,0.0,0.0,0.0043909464205432605,0.033714020918581875,-0.06330165266990662,0.09616129845380783,0.0,0.0,0.0,0.0
16.37833881378174,-0.7725006341934204,-1.645674705505371,0.0,0.0,-0.0019179278751835227,-0.17139635980129242,0.0,0.0,0.0043909464205432605,0.033714020918581875,-0.06330165266990662,0.09616129845380783,0.0,0.0,0.0,0.0
16.380059242248535,-0.7725006341934204,-1.645674705505371,0.0,0.0,-0.0019179278751835227,-0.17139635980129242,0.0,0.0,0.0036191620440546818,0.03433720061366042,-0.06467494368553162,0.09381525218486786,0.0,0.0,0.0,0.0
16.381475925445557,-0.7725006341934204,-1.645674705505371,0.0,0.0,-0.0019179278751835227,-0.17139635980129242,0.0,0.0,0.002813822349852432,0.03502269769307958,-0.07285746932029724,0.09261362999677658,0.0,0.0,0.0,0.0
16.382968425750732,-0.7725006341934204,-1.645674705505371,0.0,0.0,-0.0019179278751835227,-0.17139635980129242,0.0,0.0,0.002813822349852432,0.03502269769307958,-0.07285746932029724,0.09261362999677658,0.0,0.0,0.0,0.0
16.384382724761963,-0.7725006341934204,-1.645674705505371,0.0,0.0,-0.0019179278751835227,-0.17139635980129242,0.0,0.0,0.0018934338405480952,0.035703402252871067,-0.07754954695701599,0.08700601756572723,0.0,0.0,0.0,0.0
16.385854959487915,-0.7725006341934204,-1.645674705505371,0.0,0.0,-0.0019179278751835227,-0.17139635980129242,0.0,0.0,0.0014763827772687347,0.03600540413531882,-0.07654818892478943,0.08634798973798752,0.0,0.0,0.0,0.0
16.387444496154785,-0.7725006341934204,-1.645674705505371,0.0,0.0,-0.0019179278751835227,-0.17139635980129242,0.0,0.0,0.0014763827772687347,0.03600540413531882,-0.07654818892478943,0.08634798973798752,0.0,0.0,0.0,0.0
16.389578819274902,-0.5639156699180603,-1.5969253778457642,0.0,0.0,-0.0015559423482045531,-0.17130021750926971,0.0,0.0,0.0009586642979302827,0.03632178942832193,-0.0798097550868988,0.08528941124677658,0.0,0.0,0.0,0.0
16.391034364700317,-0.5639156699180603,-1.5969253778457642,0.0,0.0,-0.0015559423482045531,-0.17130021750926971,0.0,0.0,0.0006278996631127273,0.03648956857699692,-0.0811830461025238,0.0859474465250969,0.0,0.0,0.0,0.0
16.39243984222412,-0.5639156699180603,-1.5969253778457642,0.0,0.0,-0.0015559423482045531,-0.17130021750926971,0.0,0.0,0.0006278996631127273,0.03648956857699692,-0.0811830461025238,0.0859474465250969,0.0,0.0,0.0,0.0
16.393924236297607,-0.5639156699180603,-1.5969253778457642,0.0,0.0,-0.0015559423482045531,-0.17130021750926971,0.0,0.0,0.0006422807421423932,0.03665734772567191,-0.07734927535057068,0.08494608849287033,0.0,0.0,0.0,0.0
16.395476579666138,-0.5639156699180603,-1.5969253778457642,0.0,0.0,-0.0015559423482045531,-0.17130021750926971,0.0,0.0,0.0006422807421423932,0.03665734772567191,-0.07734927535057068,0.08494608849287033,0.0,0.0,0.0,0.0
16.397605657577515,-0.5639156699180603,-1.5969253778457642,0.0,0.0,-0.0015559423482045531,-0.17130021750926971,0.0,0.0,0.0006854239335152008,0.03675322152491477,-0.07629069685935974,0.08385889232158661,0.0,0.0,0.0,0.0
16.400028705596924,-0.2603505551815033,-1.562790870666504,0.0,0.0,-0.0008841980597935617,-0.1713012009859085,0.0,0.0,0.0006854239335152008,0.03673884104019557,-0.07629069685935974,0.08611910045146942,0.0,0.0,0.0,0.0
16.40155839920044,-0.2603505551815033,-1.562790870666504,0.0,0.0,-0.0008841980597935617,-0.1713012009859085,0.0,0.0,0.0006854239335152008,0.03673884104019557,-0.07629069685935974,0.08611910045146942,0.0,0.0,0.0,0.0
16.40331244468689,-0.2603505551815033,-1.562790870666504,0.0,0.0,-0.0008841980597935617,-0.1713012009859085,0.0,0.0,0.0013038099203451239,0.03633616991304112,-0.06845149397850037,0.09101144969463348,0.0,0.0,0.0,0.0
16.4056715965271,-0.2603505551815033,-1.562790870666504,0.0,0.0,-0.0008841980597935617,-0.1713012009859085,0.0,0.0,0.0016825114090679156,0.035943086750978195,-0.06604823470115662,0.09249918162822723,0.0,0.0,0.0,0.0
16.407126903533936,-0.2603505551815033,-1.562790870666504,0.0,0.0,-0.0008841980597935617,-0.1713012009859085,0.0,0.0,0.0016825114090679156,0.035943086750978195,-0.06604823470115662,0.09249918162822723,0.0,0.0,0.0,0.0
16.40906262397766,-0.058430224657058716,-1.6638389825820923,0.0,0.0,-0.0003332158667035401,-0.17133064568042755,0.0,0.0,0.0025885188850587764,0.035137747422505465,-0.05963953956961632,0.1012825220823288,0.0,0.0,0.0,0.0
16.41092610359192,-0.058430224657058716,-1.6638389825820923,0.0,0.0,-0.0003332158667035401,-0.17133064568042755,0.0,0.0,0.003317159795877408,0.034878886994215305,-0.053946103900671005,0.10053866356611252,0.0,0.0,0.0,0.0
16.41246271133423,-0.058430224657058716,-1.6638389825820923,0.0,0.0,-0.0003332158667035401,-0.17133064568042755,0.0,0.0,0.003317159795877408,0.034878886994215305,-0.053946103900671005,0.10053866356611252,0.0,0.0,0.0,0.0
16.413973093032837,-0.058430224657058716,-1.6638389825820923,0.0,0.0,-0.0003332158667035401,-0.17133064568042755,0.0,0.0,0.004156055539252368,0.034341996059124254,-0.04916819930076599,0.10365717113018036,0.0,0.0,0.0,0.0
16.415728092193604,-0.058430224657058716,-1.6638389825820923,0.0,0.0,-0.0003332158667035401,-0.17133064568042755,0.0,0.0,0.004827172133952336,0.03398246931196356,-0.04596384987235069,0.10454410314559937,0.0,0.0,0.0,0.0
16.417455434799194,-0.058430224657058716,-1.6638389825820923,0.0,0.0,-0.0003332158667035401,-0.17133064568042755,0.0,0.0,0.004827172133952336,0.03398246931196356,-0.04596384987235069,0.10454410314559937,0.0,0.0,0.0,0.0
16.419594049453735,-0.04571852833032608,-1.640910029411316,0.0,0.0,-0.0001443450601072982,-0.17134563624858856,0.0,0.0,0.005666067877327296,0.033795514233105534,-0.040442079305648804,0.10660402476787567,0.0,0.0,0.0,0.0
16.421106576919556,-0.04571852833032608,-1.640910029411316,0.0,0.0,-0.0001443450601072982,-0.17134563624858856,0.0,0.0,0.00631800963903279,0.03375236985311179,-0.03760966286063194,0.10477297008037567,0.0,0.0,0.0,0.0
16.42284369468689,-0.04571852833032608,-1.640910029411316,0.0,0.0,-0.0001443450601072982,-0.17134563624858856,0.0,0.0,0.006730267268360671,0.033670879464424285,-0.03477725386619568,0.10525935143232346,0.0,0.0,0.0,0.0
16.424267768859863,-0.04571852833032608,-1.640910029411316,0.0,0.0,-0.0001443450601072982,-0.17134563624858856,0.0,0.0,0.006730267268360671,0.033670879464424285,-0.03477725386619568,0.10525935143232346,0.0,0.0,0.0,0.0
16.42570209503174,-0.04571852833032608,-1.640910029411316,0.0,0.0,-0.0001443450601072982,-0.17134563624858856,0.0,0.0,0.0070945872666080875,0.033249032407086807,-0.03383311629295349,0.11038056761026382,0.0,0.0,0.0,0.0
16.427115440368652,-0.04571852833032608,-1.640910029411316,0.0,0.0,-0.0001443450601072982,-0.17134563624858856,0.0,0.0,0.0070945872666080875,0.033249032407086807,-0.03383311629295349,0.11038056761026382,0.0,0.0,0.0,0.0
16.42925786972046,-0.15714333951473236,-1.6029423475265503,0.0,0.0,-0.00029465253464877605,-0.1713293045759201,0.0,0.0,0.007425352312871353,0.03313877812312476,-0.033690065145492554,0.10926477611064911,0.0,0.0,0.0,0.0
16.4314386844635,-0.15714333951473236,-1.6029423475265503,0.0,0.0,-0.00029465253464877605,-0.1713293045759201,0.0,0.0,0.007669830062065203,0.03320589095292922,-0.03203066810965538,0.10854952782392502,0.0,0.0,0.0,0.0
16.43349838256836,-0.15714333951473236,-1.6029423475265503,0.0,0.0,-0.00029465253464877605,-0.1713293045759201,0.0,0.0,0.00764586161225449,0.03320589095292922,-0.033918946981430054,0.10720483213663101,0.0,0.0,0.0,0.0
16.435117483139038,-0.15714333951473236,-1.6029423475265503,0.0,0.0,-0.00029465253464877605,-0.1713293045759201,0.0,0.0,0.007669830062065203,0.03320589095292922,-0.034605592489242554,0.10720483213663101,0.0,0.0,0.0,0.0
16.43665337562561,-0.15714333951473236,-1.6029423475265503,0.0,0.0,-0.00029465253464877605,-0.1713293045759201,0.0,0.0,0.007669830062065203,0.03320589095292922,-0.034605592489242554,0.10720483213663101,0.0,0.0,0.0,0.0
16.439087390899658,-0.3485337495803833,-1.5209845304489136,0.0,0.0,-0.0007317207055166364,-0.1712694615125656,0.0,0.0,0.007669830062065203,0.03320589095292922,-0.034605592489242554,0.10720483213663101,0.0,0.0,0.0,0.0
16.44068717956543,-0.3485337495803833,-1.5209845304489136,0.0,0.0,-0.0007317207055166364,-0.1712694615125656,0.0,0.0,0.0075116381470226885,0.03320589095292922,-0.034605592489242554,0.10720483213663101,0.0,0.0,0.0,0.0
16.442614316940308,-0.3485337495803833,-1.5209845304489136,0.0,0.0,-0.0007317207055166364,-0.1712694615125656,0.0,0.0,0.0068357283012360015,0.03320589095292922,-0.04373225197196007,0.10720483213663101,0.0,0.0,0.0,0.0
16.444920778274536,-0.3485337495803833,-1.5209845304489136,0.0,0.0,-0.0007317207055166364,-0.1712694615125656,0.0,0.0,0.0063563593050217386,0.03320589095292922,-0.04659327492117882,0.10720483213663101,0.0,0.0,0.0,0.0
16.446420192718506,-0.3485337495803833,-1.5209845304489136,0.0,0.0,-0.0007317207055166364,-0.1712694615125656,0.0,0.0,0.0063563593050217386,0.03320589095292922,-0.04659327492117882,0.10720483213663101,0.0,0.0,0.0,0.0
16.448385000228882,-0.45555341243743896,-1.4568599462509155,0.0,0.0,-0.0009882900631055236,-0.17119233310222626,0.0,0.0,0.0057619416765701485,0.03320589095292922,-0.05114230141043663,0.10720483213663101,0.0,0.0,0.0,0.0
16.449856281280518,-0.45555341243743896,-1.4568599462509155,0.0,0.0,-0.0009882900631055236,-0.17119233310222626,0.0,0.0,0.0052202545645562235,0.03320589095292922,-0.05420359969139099,0.10720483213663101,0.0,0.0,0.0,0.0
16.451300144195557,-0.45555341243743896,-1.4568599462509155,0.0,0.0,-0.0009882900631055236,-0.17119233310222626,0.0,0.0,0.0052202545645562235,0.03320589095292922,-0.05420359969139099,0.10720483213663101,0.0,0.0,0.0,0.0
16.452757358551025,-0.45555341243743896,-1.4568599462509155,0.0,0.0,-0.0009882900631055236,-0.17119233310222626,0.0,0.0,0.004616249702472156,0.03320589095292922,-0.05895289406180382,0.10720483213663101,0.0,0.0,0.0,0.0
16.45473599433899,-0.45555341243743896,-1.4568599462509155,0.0,0.0,-0.0009882900631055236,-0.17119233310222626,0.0,0.0,0.004338215538376076,0.03320589095292922,-0.05912455543875694,0.10720483213663101,0.0,0.0,0.0,0.0
16.456182956695557,-0.45555341243743896,-1.4568599462509155,0.0,0.0,-0.0009882900631055236,-0.17119233310222626,0.0,0.0,0.004338215538376076,0.03320589095292922,-0.05912455543875694,0.10720483213663101,0.0,0.0,0.0,0.0
16.457648515701294,-0.45555341243743896,-1.4568599462509155,0.0,0.0,-0.0009882900631055236,-0.17119233310222626,0.0,0.0,0.0038157036250861453,0.03320589095292922,-0.06161364167928696,0.10720483213663101,0.0,0.0,0.0,0.0
16.459646463394165,-0.432859867811203,-1.4327688217163086,0.0,0.0,-0.0010410271352156997,-0.17116577923297882,0.0,0.0,0.00362395602660044,0.03355103721537072,-0.061241719871759415,0.10274164378643036,0.0,0.0,0.0,0.0
16.46111536026001,-0.432859867811203,-1.4327688217163086,0.0,0.0,-0.0010410271352156997,-0.17116577923297882,0.0,0.0,0.00362395602660044,0.03355103721537072,-0.061241719871759415,0.10274164378643036,0.0,0.0,0.0,0.0
16.463170051574707,-0.432859867811203,-1.4327688217163086,0.0,0.0,-0.0010410271352156997,-0.17116577923297882,0.0,0.0,0.0034417956617472122,0.034030406211584985,-0.0628724992275238,0.0976204127073288,0.0,0.0,0.0,0.0
16.464624643325806,-0.432859867811203,-1.4327688217163086,0.0,0.0,-0.0010410271352156997,-0.17116577923297882,0.0,0.0,0.003384271528493309,0.034308439644222026,-0.06098422780632973,0.09681932628154755,0.0,0.0,0.0,0.0
16.466842889785767,-0.432859867811203,-1.4327688217163086,0.0,0.0,-0.0010410271352156997,-0.17116577923297882,0.0,0.0,0.003446589278563451,0.03463440997648049,-0.05981120094656944,0.09618990868330002,0.0,0.0,0.0,0.0
16.468876361846924,-0.3624066114425659,-1.5541510581970215,0.0,0.0,-0.0009289906010963023,-0.17123128473758698,0.0,0.0,0.003446589278563451,0.03464399794157201,-0.05981120094656944,0.0978206917643547,0.0,0.0,0.0,0.0
16.47036838531494,-0.3624066114425659,-1.5541510581970215,0.0,0.0,-0.0009289906010963023,-0.17123128473758698,0.0,0.0,0.003446589278563451,0.03464399794157201,-0.05981120094656944,0.0978206917643547,0.0,0.0,0.0,0.0
16.471842288970947,-0.3624066114425659,-1.5541510581970215,0.0,0.0,-0.0009289906010963023,-0.17123128473758698,0.0,0.0,0.003446589278563451,0.03471590329100415,-0.05981120094656944,0.09733431786298752,0.0,0.0,0.0,0.0
16.473301887512207,-0.3624066114425659,-1.5541510581970215,0.0,0.0,-0.0009289906010963023,-0.17123128473758698,0.0,0.0,0.003446589278563451,0.03471590329100415,-0.05981120094656944,0.09733431786298752,0.0,0.0,0.0,0.0
16.474748134613037,-0.3624066114425659,-1.5541510581970215,0.0,0.0,-0.0009289906010963023,-0.17123128473758698,0.0,0.0,0.003446589278563451,0.03481656960987468,-0.05981120094656944,0.09679071605205536,0.0,0.0,0.0,0.0
16.476231575012207,-0.3624066114425659,-1.5541510581970215,0.0,0.0,-0.0009289906010963023,-0.17123128473758698,0.0,0.0,0.003446589278563451,0.03481656960987468,-0.05981120094656944,0.09679071605205536,0.0,0.0,0.0,0.0
16.478585481643677,-0.2880482077598572,-1.6806035041809082,0.0,0.0,-0.0007566197891719639,-0.17133192718029022,0.0,0.0,0.003446589278563451,0.034902855444026014,-0.05981120094656944,0.0962471291422844,0.0,0.0,0.0,0.0
16.481083869934082,-0.2880482077598572,-1.6806035041809082,0.0,0.0,-0.0007566197891719639,-0.17133192718029022,0.0,0.0,0.003446589278563451,0.034898062924398336,-0.05981120094656944,0.09710543602705002,0.0,0.0,0.0,0.0
16.48332142829895,-0.2880482077598572,-1.6806035041809082,0.0,0.0,-0.0007566197891719639,-0.17133192718029022,0.0,0.0,0.0038636405247075714,0.034898062924398336,-0.05474719777703285,0.09710543602705002,0.0,0.0,0.0,0.0
16.484811305999756,-0.2880482077598572,-1.6806035041809082,0.0,0.0,-0.0007566197891719639,-0.17133192718029022,0.0,0.0,0.003935545874139711,0.03455291666195683,-0.05606325715780258,0.1014828085899353,0.0,0.0,0.0,0.0
16.486287593841553,-0.2880482077598572,-1.6806035041809082,0.0,0.0,-0.0007566197891719639,-0.17133192718029022,0.0,0.0,0.003935545874139711,0.03455291666195683,-0.05606325715780258,0.1014828085899353,0.0,0.0,0.0,0.0
16.489206790924072,-0.21456807851791382,-1.5950028896331787,0.0,0.0,-0.000580454827286303,-0.17132525146007538,0.0,0.0,0.004482026237240355,0.03403999125084034,-0.05122813209891319,0.10483019798994064,0.0,0.0,0.0,0.0
16.49073839187622,-0.21456807851791382,-1.5950028896331787,0.0,0.0,-0.000580454827286303,-0.17132525146007538,0.0,0.0,0.004482026237240355,0.03403999125084034,-0.05122813209891319,0.10483019798994064,0.0,0.0,0.0,0.0
16.492961406707764,-0.21456807851791382,-1.5950028896331787,0.0,0.0,-0.000580454827286303,-0.17132525146007538,0.0,0.0,0.004764854018152674,0.033805102198197046,-0.049454301595687866,0.10660402476787567,0.0,0.0,0.0,0.0
16.494409561157227,-0.21456807851791382,-1.5950028896331787,0.0,0.0,-0.000580454827286303,-0.17132525146007538,0.0,0.0,0.004841552984401052,0.0337619578182033,-0.0493684746325016,0.10474436730146408,0.0,0.0,0.0,0.0
16.495864152908325,-0.21456807851791382,-1.5950028896331787,0.0,0.0,-0.000580454827286303,-0.17132525146007538,0.0,0.0,0.004841552984401052,0.0337619578182033,-0.0493684746325016,0.10474436730146408,0.0,0.0,0.0,0.0
16.497308492660522,-0.21456807851791382,-1.5950028896331787,0.0,0.0,-0.000580454827286303,-0.17132525146007538,0.0,0.0,0.005086031465053942,0.03381948268291624,-0.04836711660027504,0.10354273021221161,0.0,0.0,0.0,0.0
16.499215841293335,-0.22088974714279175,-1.5831506252288818,0.0,0.0,-0.0005421326495707035,-0.17129717767238617,0.0,0.0,0.005272985080993889,0.03381948268291624,-0.04725131019949913,0.10354273021221161,0.0,0.0,0.0,0.0
16.500879049301147,-0.22088974714279175,-1.5831506252288818,0.0,0.0,-0.0005421326495707035,-0.17129717767238617,0.0,0.0,0.005272985080993889,0.03381948268291624,-0.04725131019949913,0.10354273021221161,0.0,0.0,0.0,0.0
16.5030677318573,-0.22088974714279175,-1.5831506252288818,0.0,0.0,-0.0005421326495707035,-0.17129717767238617,0.0,0.0,0.005474320278841591,0.03381948268291624,-0.04610690101981163,0.10354273021221161,0.0,0.0,0.0,0.0
16.504740953445435,-0.22088974714279175,-1.5831506252288818,0.0,0.0,-0.0005421326495707035,-0.17129717767238617,0.0,0.0,0.005522257178463017,0.03381948268291624,-0.04659327492117882,0.10354273021221161,0.0,0.0,0.0,0.0
16.506515979766846,-0.22088974714279175,-1.5831506252288818,0.0,0.0,-0.0005421326495707035,-0.17129717767238617,0.0,0.0,0.005522257178463017,0.03381948268291624,-0.04659327492117882,0.10354273021221161,0.0,0.0,0.0,0.0
16.5093674659729,-0.2708079516887665,-1.592550277709961,0.0,0.0,-0.0006065802299417555,-0.17128582298755646,0.0,0.0,0.005522257178463017,0.03381948268291624,-0.04742297902703285,0.10354273021221161,0.0,0.0,0.0,0.0
16.510942220687866,-0.2708079516887665,-1.592550277709961,0.0,0.0,-0.0006065802299417555,-0.17128582298755646,0.0,0.0,0.005522257178463017,0.03381948268291624,-0.04742297902703285,0.10354273021221161,0.0,0.0,0.0,0.0
16.512421369552612,-0.2708079516887665,-1.592550277709961,0.0,0.0,-0.0006065802299417555,-0.17128582298755646,0.0,0.0,0.005522257178463017,0.03381948268291624,-0.04742297902703285,0.10354273021221161,0.0,0.0,0.0,0.0
16.51390528678894,-0.2708079516887665,-1.592550277709961,0.0,0.0,-0.0006065802299417555,-0.17128582298755646,0.0,0.0,0.005522257178463017,0.03381948268291624,-0.04742297902703285,0.10354273021221161,0.0,0.0,0.0,0.0
16.516226768493652,-0.2708079516887665,-1.592550277709961,0.0,0.0,-0.0006065802299417555,-0.17128582298755646,0.0,0.0,0.005522257178463017,0.03381948268291624,-0.04742297902703285,0.10354273021221161,0.0,0.0,0.0,0.0
16.519752979278564,-0.33014383912086487,-1.5573935508728027,0.0,0.0,-0.0007518964121118188,-0.17127954959869385,0.0,0.0,0.004970982832816615,0.03381948268291624,-0.05320223793387413,0.10354273021221161,0.0,0.0,0.0,0.0
16.52189064025879,-0.33014383912086487,-1.5573935508728027,0.0,0.0,-0.0007518964121118188,-0.17127954959869385,0.0,0.0,0.004692948668720534,0.03381948268291624,-0.05477580055594444,0.10354273021221161,0.0,0.0,0.0,0.0
16.523410320281982,-0.33014383912086487,-1.5573935508728027,0.0,0.0,-0.0007518964121118188,-0.17127954959869385,0.0,0.0,0.004692948668720534,0.03381948268291624,-0.05477580055594444,0.10354273021221161,0.0,0.0,0.0,0.0
16.525339365005493,-0.33014383912086487,-1.5573935508728027,0.0,0.0,-0.0007518964121118188,-0.17127954959869385,0.0,0.0,0.0046498053859153465,0.03381948268291624,-0.0534883476793766,0.10354273021221161,0.0,0.0,0.0,0.0
16.526814222335815,-0.33014383912086487,-1.5573935508728027,0.0,0.0,-0.0007518964121118188,-0.17127954959869385,0.0,0.0,0.004573106419666969,0.03381948268291624,-0.05388888344168663,0.10354273021221161,0.0,0.0,0.0,0.0
16.52832341194153,-0.3396989703178406,-1.5173605680465698,0.0,0.0,-0.0008050570613704622,-0.1712428331375122,0.0,0.0,0.004573106419666969,0.03381948268291624,-0.05388888344168663,0.10354273021221161,0.0,0.0,0.0,0.0
16.52981925010681,-0.3396989703178406,-1.5173605680465698,0.0,0.0,-0.0008050570613704622,-0.1712428331375122,0.0,0.0,0.004472439003607878,0.03381948268291624,-0.054518312215805054,0.10354273021221161,0.0,0.0,0.0,0.0
16.531545639038086,-0.3396989703178406,-1.5173605680465698,0.0,0.0,-0.0008050570613704622,-0.1712428331375122,0.0,0.0,0.004386152437997502,0.03381948268291624,-0.05503329634666443,0.10354273021221161,0.0,0.0,0.0,0.0
16.533124446868896,-0.3396989703178406,-1.5173605680465698,0.0,0.0,-0.0008050570613704622,-0.1712428331375122,0.0,0.0,0.004386152437997502,0.03381948268291624,-0.05503329634666443,0.10354273021221161,0.0,0.0,0.0,0.0
16.53514313697815,-0.3396989703178406,-1.5173605680465698,0.0,0.0,-0.0008050570613704622,-0.1712428331375122,0.0,0.0,0.0043669779707325475,0.03381948268291624,-0.05520496144890785,0.10354273021221161,0.0,0.0,0.0,0.0
16.53663444519043,-0.3396989703178406,-1.5173605680465698,0.0,0.0,-0.0008050570613704622,-0.1712428331375122,0.0,0.0,0.0043669779707325475,0.03381948268291624,-0.05431803688406944,0.10354273021221161,0.0,0.0,0.0,0.0
16.538158416748047,-0.3348934054374695,-1.5257774591445923,0.0,0.0,-0.0008050570613704622,-0.1712428331375122,0.0,0.0,0.0043669779707325475,0.03381948268291624,-0.05431803688406944,0.10354273021221161,0.0,0.0,0.0,0.0
16.54028820991516,-0.3348934054374695,-1.5257774591445923,0.0,0.0,-0.0008050570613704622,-0.1712428331375122,0.0,0.0,0.0043669779707325475,0.03381948268291624,-0.05431803688406944,0.10354273021221161,0.0,0.0,0.0,0.0
16.54181981086731,-0.3348934054374695,-1.5257774591445923,0.0,0.0,-0.0008050570613704622,-0.1712428331375122,0.0,0.0,0.0043669779707325475,0.03381948268291624,-0.05431803688406944,0.10354273021221161,0.0,0.0,0.0,0.0
16.54366660118103,-0.3348934054374695,-1.5257774591445923,0.0,0.0,-0.0008050570613704622,-0.1712428331375122,0.0,0.0,0.0043669779707325475,0.03381948268291624,-0.05431803688406944,0.10354273021221161,0.0,0.0,0.0,0.0
16.54511547088623,-0.3348934054374695,-1.5257774591445923,0.0,0.0,-0.0008050570613704622,-0.1712428331375122,0.0,0.0,0.0043669779707325475,0.03381948268291624,-0.05431803688406944,0.10354273021221161,0.0,0.0,0.0,0.0
16.54651689529419,-0.3348934054374695,-1.5257774591445923,0.0,0.0,-0.0008050570613704622,-0.1712428331375122,0.0,0.0,0.0043669779707325475,0.03381948268291624,-0.05431803688406944,0.10354273021221161,0.0,0.0,0.0,0.0
16.548508405685425,-0.29899537563323975,-1.5870201587677002,0.0,0.0,-0.0007305673789232969,-0.17128627002239227,0.0,0.0,0.0043669779707325475,0.03381948268291624,-0.05431803688406944,0.10354273021221161,0.0,0.0,0.0,0.0
16.549943923950195,-0.29899537563323975,-1.5870201587677002,0.0,0.0,-0.0007305673789232969,-0.17128627002239227,0.0,0.0,0.0043669779707325475,0.03381948268291624,-0.05431803688406944,0.10354273021221161,0.0,0.0,0.0,0.0
16.551788568496704,-0.29899537563323975,-1.5870201587677002,0.0,0.0,-0.0007305673789232969,-0.17128627002239227,0.0,0.0,0.0043669779707325475,0.03381948268291624,-0.05431803688406944,0.10354273021221161,0.0,0.0,0.0,0.0
16.55350971221924,-0.29899537563323975,-1.5870201587677002,0.0,0.0,-0.0007305673789232969,-0.17128627002239227,0.0,0.0,0.0043669779707325475,0.03381948268291624,-0.05431803688406944,0.10354273021221161,0.0,0.0,0.0,0.0
16.554962635040283,-0.29899537563323975,-1.5870201587677002,0.0,0.0,-0.0007305673789232969,-0.17128627002239227,0.0,0.0,0.0043669779707325475,0.03381948268291624,-0.05431803688406944,0.10354273021221161,0.0,0.0,0.0,0.0
16.556362628936768,-0.29899537563323975,-1.5870201587677002,0.0,0.0,-0.0007305673789232969,-0.17128627002239227,0.0,0.0,0.0043669779707325475,0.03381948268291624,-0.05431803688406944,0.10354273021221161,0.0,0.0,0.0,0.0
16.558460474014282,-0.2887972891330719,-1.6043294668197632,0.0,0.0,-0.0007064081728458405,-0.17130035161972046,0.0,0.0,0.0043669779707325475,0.03381948268291624,-0.05431803688406944,0.10354273021221161,0.0,0.0,0.0,0.0
16.560065269470215,-0.2887972891330719,-1.6043294668197632,0.0,0.0,-0.0007064081728458405,-0.17130035161972046,0.0,0.0,0.0043669779707325475,0.03381948268291624,-0.05431803688406944,0.10354273021221161,0.0,0.0,0.0,0.0
16.56209707260132,-0.2887972891330719,-1.6043294668197632,0.0,0.0,-0.0007064081728458405,-0.17130035161972046,0.0,0.0,0.0048127909177741,0.03381948268291624,-0.04925403371453285,0.10354273021221161,0.0,0.0,0.0,0.0
16.563918828964233,-0.2887972891330719,-1.6043294668197632,0.0,0.0,-0.0007064081728458405,-0.17130035161972046,0.0,0.0,0.004865521434211765,0.03381948268291624,-0.0505128875374794,0.10354273021221161,0.0,0.0,0.0,0.0
16.56552815437317,-0.2887972891330719,-1.6043294668197632,0.0,0.0,-0.0007064081728458405,-0.17130035161972046,0.0,0.0,0.004865521434211765,0.03381948268291624,-0.0505128875374794,0.10354273021221161,0.0,0.0,0.0,0.0
16.567171335220337,-0.2887972891330719,-1.6043294668197632,0.0,0.0,-0.0007064081728458405,-0.17130035161972046,0.0,0.0,0.004908664717016953,0.03381948268291624,-0.051085080951452255,0.10354273021221161,0.0,0.0,0.0,0.0
16.568695783615112,-0.2939378321170807,-1.5953383445739746,0.0,0.0,-0.0007064081728458405,-0.17130035161972046,0.0,0.0,0.004908664717016953,0.03381948268291624,-0.051085080951452255,0.10354273021221161,0.0,0.0,0.0,0.0
16.57023024559021,-0.2939378321170807,-1.5953383445739746,0.0,0.0,-0.0007064081728458405,-0.17130035161972046,0.0,0.0,0.004908664717016953,0.03381948268291624,-0.051085080951452255,0.10354273021221161,0.0,0.0,0.0,0.0
16.571680784225464,-0.2939378321170807,-1.5953383445739746,0.0,0.0,-0.0007064081728458405,-0.17130035161972046,0.0,0.0,0.004908664717016953,0.03381948268291624,-0.051085080951452255,0.10354273021221161,0.0,0.0,0.0,0.0
16.57318687438965,-0.2939378321170807,-1.5953383445739746,0.0,0.0,-0.0007064081728458405,-0.17130035161972046,0.0,0.0,0.004908664717016953,0.03381948268291624,-0.051085080951452255,0.10354273021221161,0.0,0.0,0.0,0.0
16.574971199035645,-0.2939378321170807,-1.5953383445739746,0.0,0.0,-0.0007064081728458405,-0.17130035161972046,0.0,0.0,0.004908664717016953,0.03381948268291624,-0.051085080951452255,0.10354273021221161,0.0,0.0,0.0,0.0
16.576440572738647,-0.2939378321170807,-1.5953383445739746,0.0,0.0,-0.0007064081728458405,-0.17130035161972046,0.0,0.0,0.004908664717016953,0.03381948268291624,-0.051085080951452255,0.10354273021221161,0.0,0.0,0.0,0.0
16.57797408103943,-0.2939378321170807,-1.5953383445739746,0.0,0.0,-0.0007064081728458405,-0.17130035161972046,0.0,0.0,0.004908664717016953,0.03381948268291624,-0.051085080951452255,0.10354273021221161,0.0,0.0,0.0,0.0
16.58042287826538,-0.2939378321170807,-1.5953383445739746,0.0,0.0,-0.0007064081728458405,-0.17130035161972046,0.0,0.0,0.004908664717016953,0.03381948268291624,-0.051085080951452255,0.10354273021221161,0.0,0.0,0.0,0.0
16.58236312866211,-0.2939378321170807,-1.5953383445739746,0.0,0.0,-0.0007064081728458405,-0.17130035161972046,0.0,0.0,0.004908664717016953,0.03381948268291624,-0.051085080951452255,0.10354273021221161,0.0,0.0,0.0,0.0
16.58385729789734,-0.2939378321170807,-1.5953383445739746,0.0,0.0,-0.0007064081728458405,-0.17130035161972046,0.0,0.0,0.004908664717016953,0.03381948268291624,-0.051085080951452255,0.10354273021221161,0.0,0.0,0.0,0.0
16.585420608520508,-0.2939378321170807,-1.5953383445739746,0.0,0.0,-0.0007064081728458405,-0.17130035161972046,0.0,0.0,0.004908664717016953,0.03381948268291624,-0.051085080951452255,0.10354273021221161,0.0,0.0,0.0,0.0
16.58694839477539,-0.2939378321170807,-1.5953383445739746,0.0,0.0,-0.0007064081728458405,-0.17130035161972046,0.0,0.0,0.004908664717016953,0.03381948268291624,-0.051085080951452255,0.10354273021221161,0.0,0.0,0.0,0.0
16.58887243270874,-0.3164254426956177,-1.5569185018539429,0.0,0.0,-0.0007489794516004622,-0.1712755411863327,0.0,0.0,0.004908664717016953,0.03381948268291624,-0.051085080951452255,0.10354273021221161,0.0,0.0,0.0,0.0
16.59049654006958,-0.3164254426956177,-1.5569185018539429,0.0,0.0,-0.0007489794516004622,-0.1712755411863327,0.0,0.0,0.004908664717016953,0.03381948268291624,-0.051085080951452255,0.10354273021221161,0.0,0.0,0.0,0.0
16.592064380645752,-0.3164254426956177,-1.5569185018539429,0.0,0.0,-0.0007489794516004622,-0.1712755411863327,0.0,0.0,0.004908664717016953,0.03381948268291624,-0.051085080951452255,0.10354273021221161,0.0,0.0,0.0,0.0
16.593637943267822,-0.3164254426956177,-1.5569185018539429,0.0,0.0,-0.0007489794516004622,-0.1712755411863327,0.0,0.0,0.004908664717016953,0.03381948268291624,-0.051085080951452255,0.10354273021221161,0.0,0.0,0.0,0.0
16.596109867095947,-0.3164254426956177,-1.5569185018539429,0.0,0.0,-0.0007489794516004622,-0.1712755411863327,0.0,0.0,0.004908664717016953,0.03381948268291624,-0.051085080951452255,0.10354273021221161,0.0,0.0,0.0,0.0
16.598185300827026,-0.3131479024887085,-1.5627343654632568,0.0,0.0,-0.0007526859408244491,-0.1712733656167984,0.0,0.0,0.004908664717016953,0.03381948268291624,-0.051085080951452255,0.10354273021221161,0.0,0.0,0.0,0.0
16.5998797416687,-0.3131479024887085,-1.5627343654632568,0.0,0.0,-0.0007526859408244491,-0.1712733656167984,0.0,0.0,0.004908664717016953,0.03381948268291624,-0.051085080951452255,0.10354273021221161,0.0,0.0,0.0,0.0
16.601419925689697,-0.3131479024887085,-1.5627343654632568,0.0,0.0,-0.0007526859408244491,-0.1712733656167984,0.0,0.0,0.004908664717016953,0.03381948268291624,-0.051085080951452255,0.10354273021221161,0.0,0.0,0.0,0.0
16.603395223617554,-0.3131479024887085,-1.5627343654632568,0.0,0.0,-0.0007526859408244491,-0.1712733656167984,0.0,0.0,0.004908664717016953,0.03381948268291624,-0.051085080951452255,0.10354273021221161,0.0,0.0,0.0,0.0
16.605201721191406,-0.3131479024887085,-1.5627343654632568,0.0,0.0,-0.0007526859408244491,-0.1712733656167984,0.0,0.0,0.004908664717016953,0.03381948268291624,-0.051085080951452255,0.10354273021221161,0.0,0.0,0.0,0.0
16.607055187225342,-0.3131479024887085,-1.5627343654632568,0.0,0.0,-0.0007526859408244491,-0.1712733656167984,0.0,0.0,0.004908664717016953,0.03381948268291624,-0.051085080951452255,0.10354273021221161,0.0,0.0,0.0,0.0
16.608535289764404,-0.3131479024887085,-1.5627343654632568,0.0,0.0,-0.0007526859408244491,-0.1712733656167984,0.0,0.0,0.004908664717016953,0.03381948268291624,-0.051085080951452255,0.10354273021221161,0.0,0.0,0.0,0.0
16.61047077178955,-0.3131479024887085,-1.5627343654632568,0.0,0.0,-0.0007526859408244491,-0.1712733656167984,0.0,0.0,0.004908664717016953,0.03381948268291624,-0.051085080951452255,0.10354273021221161,0.0,0.0,0.0,0.0
16.611963272094727,-0.3131479024887085,-1.5627343654632568,0.0,0.0,-0.0007526859408244491,-0.1712733656167984,0.0,0.0,0.004908664717016953,0.03381948268291624,-0.051085080951452255,0.10354273021221161,0.0,0.0,0.0,0.0
16.613438606262207,-0.3131479024887085,-1.5627343654632568,0.0,0.0,-0.0007526859408244491,-0.1712733656167984,0.0,0.0,0.004908664717016953,0.03381948268291624,-0.051085080951452255,0.10354273021221161,0.0,0.0,0.0,0.0
16.614925622940063,-0.3131479024887085,-1.5627343654632568,0.0,0.0,-0.0007526859408244491,-0.1712733656167984,0.0,0.0,0.004908664717016953,0.03381948268291624,-0.051085080951452255,0.10354273021221161,0.0,0.0,0.0,0.0
16.616905212402344,-0.3131479024887085,-1.5627343654632568,0.0,0.0,-0.0007526859408244491,-0.1712733656167984,0.0,0.0,0.004908664717016953,0.03381948268291624,-0.051085080951452255,0.10354273021221161,0.0,0.0,0.0,0.0
16.618493795394897,-0.3131479024887085,-1.5627343654632568,0.0,0.0,-0.0007526859408244491,-0.1712733656167984,0.0,0.0,0.004908664717016953,0.03381948268291624,-0.051085080951452255,0.10354273021221161,0.0,0.0,0.0,0.0
16.62045979499817,-0.3131479024887085,-1.5627343654632568,0.0,0.0,-0.0007526859408244491,-0.1712733656167984,0.0,0.0,0.004908664717016953,0.03381948268291624,-0.051085080951452255,0.10354273021221161,0.0,0.0,0.0,0.0
16.622427940368652,-0.3131479024887085,-1.5627343654632568,0.0,0.0,-0.0007526859408244491,-0.1712733656167984,0.0,0.0,0.004908664717016953,0.03381948268291624,-0.051085080951452255,0.10354273021221161,0.0,0.0,0.0,0.0
16.623975038528442,-0.3131479024887085,-1.5627343654632568,0.0,0.0,-0.0007526859408244491,-0.1712733656167984,0.0,0.0,0.004908664717016953,0.03381948268291624,-0.051085080951452255,0.10354273021221161,0.0,0.0,0.0,0.0
16.62601947784424,-0.3131479024887085,-1.5627343654632568,0.0,0.0,-0.0007526859408244491,-0.1712733656167984,0.0,0.0,0.004908664717016953,0.03381948268291624,-0.051085080951452255,0.10354273021221161,0.0,0.0,0.0,0.0
16.62756848335266,-0.3131479024887085,-1.5627343654632568,0.0,0.0,-0.0007526859408244491,-0.1712733656167984,0.0,0.0,0.004908664717016953,0.03381948268291624,-0.051085080951452255,0.10354273021221161,0.0,0.0,0.0,0.0
16.629603147506714,-0.3131479024887085,-1.5627343654632568,0.0,0.0,-0.0007526859408244491,-0.1712733656167984,0.0,0.0,0.004908664717016953,0.03381948268291624,-0.051085080951452255,0.10354273021221161,0.0,0.0,0.0,0.0
16.63148069381714,-0.3131479024887085,-1.5627343654632568,0.0,0.0,-0.0007526859408244491,-0.1712733656167984,0.0,0.0,0.004908664717016953,0.03381948268291624,-0.051085080951452255,0.10354273021221161,0.0,0.0,0.0,0.0
16.632959604263306,-0.3131479024887085,-1.5627343654632568,0.0,0.0,-0.0007526859408244491,-0.1712733656167984,0.0,0.0,0.004908664717016953,0.03381948268291624,-0.051085080951452255,0.10354273021221161,0.0,0.0,0.0,0.0
16.6344051361084,-0.3131479024887085,-1.5627343654632568,0.0,0.0,-0.0007526859408244491,-0.1712733656167984,0.0,0.0,0.004908664717016953,0.03381948268291624,-0.051085080951452255,0.10354273021221161,0.0,0.0,0.0,0.0
16.63589882850647,-0.3131479024887085,-1.5627343654632568,0.0,0.0,-0.0007526859408244491,-0.1712733656167984,0.0,0.0,0.004908664717016953,0.03381948268291624,-0.051085080951452255,0.10354273021221161,0.0,0.0,0.0,0.0
16.637944221496582,-0.3131479024887085,-1.5627343654632568,0.0,0.0,-0.0007526859408244491,-0.1712733656167984,0.0,0.0,0.004908664717016953,0.03381948268291624,-0.051085080951452255,0.10354273021221161,0.0,0.0,0.0,0.0
16.639936208724976,-0.3131479024887085,-1.5627343654632568,0.0,0.0,-0.0007526859408244491,-0.1712733656167984,0.0,0.0,0.004908664717016953,0.03381948268291624,-0.051085080951452255,0.10354273021221161,0.0,0.0,0.0,0.0
16.641435623168945,-0.3131479024887085,-1.5627343654632568,0.0,0.0,-0.0007526859408244491,-0.1712733656167984,0.0,0.0,0.004908664717016953,0.03381948268291624,-0.051085080951452255,0.10354273021221161,0.0,0.0,0.0,0.0
16.642881155014038,-0.3131479024887085,-1.5627343654632568,0.0,0.0,-0.0007526859408244491,-0.1712733656167984,0.0,0.0,0.004908664717016953,0.03381948268291624,-0.051085080951452255,0.10354273021221161,0.0,0.0,0.0,0.0
16.644665956497192,-0.3131479024887085,-1.5627343654632568,0.0,0.0,-0.0007526859408244491,-0.1712733656167984,0.0,0.0,0.004908664717016953,0.03381948268291624,-0.051085080951452255,0.10354273021221161,0.0,0.0,0.0,0.0
16.646292448043823,-0.3131479024887085,-1.5627343654632568,0.0,0.0,-0.0007526859408244491,-0.1712733656167984,0.0,0.0,0.004908664717016953,0.03381948268291624,-0.051085080951452255,0.10354273021221161,0.0,0.0,0.0,0.0
16.647680521011353,-0.3131479024887085,-1.5627343654632568,0.0,0.0,-0.0007526859408244491,-0.1712733656167984,0.0,0.0,0.004908664717016953,0.03381948268291624,-0.051085080951452255,0.10354273021221161,0.0,0.0,0.0,0.0
16.649836540222168,-0.3131479024887085,-1.5627343654632568,0.0,0.0,-0.0007526859408244491,-0.1712733656167984,0.0,0.0,0.004908664717016953,0.03381948268291624,-0.051085080951452255,0.10354273021221161,0.0,0.0,0.0,0.0
16.65125060081482,-0.3131479024887085,-1.5627343654632568,0.0,0.0,-0.0007526859408244491,-0.1712733656167984,0.0,0.0,0.004908664717016953,0.03381948268291624,-0.051085080951452255,0.10354273021221161,0.0,0.0,0.0,0.0
16.65261697769165,-0.3131479024887085,-1.5627343654632568,0.0,0.0,-0.0007526859408244491,-0.1712733656167984,0.0,0.0,0.004908664717016953,0.03381948268291624,-0.051085080951452255,0.10354273021221161,0.0,0.0,0.0,0.0
16.653995275497437,-0.3131479024887085,-1.5627343654632568,0.0,0.0,-0.0007526859408244491,-0.1712733656167984,0.0,0.0,0.004908664717016953,0.03381948268291624,-0.051085080951452255,0.10354273021221161,0.0,0.0,0.0,0.0
16.65539002418518,-0.3131479024887085,-1.5627343654632568,0.0,0.0,-0.0007526859408244491,-0.1712733656167984,0.0,0.0,0.004908664717016953,0.03381948268291624,-0.051085080951452255,0.10354273021221161,0.0,0.0,0.0,0.0
16.656855583190918,-0.3131479024887085,-1.5627343654632568,0.0,0.0,-0.0007526859408244491,-0.1712733656167984,0.0,0.0,0.004908664717016953,0.03381948268291624,-0.051085080951452255,0.10354273021221161,0.0,0.0,0.0,0.0
16.658241033554077,-0.3131479024887085,-1.5627343654632568,0.0,0.0,-0.0007526859408244491,-0.1712733656167984,0.0,0.0,0.004908664717016953,0.03381948268291624,-0.051085080951452255,0.10354273021221161,0.0,0.0,0.0,0.0
16.659648895263672,-0.3131479024887085,-1.5627343654632568,0.0,0.0,-0.0007526859408244491,-0.1712733656167984,0.0,0.0,0.004908664717016953,0.03381948268291624,-0.051085080951452255,0.10354273021221161,0.0,0.0,0.0,0.0
16.661033391952515,-0.3131479024887085,-1.5627343654632568,0.0,0.0,-0.0007526859408244491,-0.1712733656167984,0.0,0.0,0.004908664717016953,0.03381948268291624,-0.051085080951452255,0.10354273021221161,0.0,0.0,0.0,0.0
16.66272282600403,-0.3131479024887085,-1.5627343654632568,0.0,0.0,-0.0007526859408244491,-0.1712733656167984,0.0,0.0,0.004908664717016953,0.03381948268291624,-0.051085080951452255,0.10354273021221161,0.0,0.0,0.0,0.0
16.66406798362732,-0.3131479024887085,-1.5627343654632568,0.0,0.0,-0.0007526859408244491,-0.1712733656167984,0.0,0.0,0.004908664717016953,0.03381948268291624,-0.051085080951452255,0.10354273021221161,0.0,0.0,0.0,0.0
16.665441036224365,-0.3131479024887085,-1.5627343654632568,0.0,0.0,-0.0007526859408244491,-0.1712733656167984,0.0,0.0,0.004908664717016953,0.03381948268291624,-0.051085080951452255,0.10354273021221161,0.0,0.0,0.0,0.0
16.66727352142334,-0.3131479024887085,-1.5627343654632568,0.0,0.0,-0.0007526859408244491,-0.1712733656167984,0.0,0.0,0.004908664717016953,0.03381948268291624,-0.051085080951452255,0.10354273021221161,0.0,0.0,0.0,0.0
16.668707132339478,-0.3131479024887085,-1.5627343654632568,0.0,0.0,-0.0007526859408244491,-0.1712733656167984,0.0,0.0,0.004908664717016953,0.03381948268291624,-0.051085080951452255,0.10354273021221161,0.0,0.0,0.0,0.0
16.670092344284058,-0.3131479024887085,-1.5627343654632568,0.0,0.0,-0.0007526859408244491,-0.1712733656167984,0.0,0.0,0.004908664717016953,0.03381948268291624,-0.051085080951452255,0.10354273021221161,0.0,0.0,0.0,0.0
16.671823263168335,-0.3131479024887085,-1.5627343654632568,0.0,0.0,-0.0007526859408244491,-0.1712733656167984,0.0,0.0,0.004908664717016953,0.03381948268291624,-0.051085080951452255,0.10354273021221161,0.0,0.0,0.0,0.0
16.673260927200317,-0.3131479024887085,-1.5627343654632568,0.0,0.0,-0.0007526859408244491,-0.1712733656167984,0.0,0.0,0.004908664717016953,0.03381948268291624,-0.051085080951452255,0.10354273021221161,0.0,0.0,0.0,0.0
16.67467951774597,-0.3131479024887085,-1.5627343654632568,0.0,0.0,-0.0007526859408244491,-0.1712733656167984,0.0,0.0,0.004908664717016953,0.03381948268291624,-0.051085080951452255,0.10354273021221161,0.0,0.0,0.0,0.0
16.676074743270874,-0.3131479024887085,-1.5627343654632568,0.0,0.0,-0.0007526859408244491,-0.1712733656167984,0.0,0.0,0.004908664717016953,0.03381948268291624,-0.051085080951452255,0.10354273021221161,0.0,0.0,0.0,0.0
16.6774685382843,-0.3131479024887085,-1.5627343654632568,0.0,0.0,-0.0007526859408244491,-0.1712733656167984,0.0,0.0,0.004908664717016953,0.03381948268291624,-0.051085080951452255,0.10354273021221161,0.0,0.0,0.0,0.0
16.679344415664673,-0.3131479024887085,-1.5627343654632568,0.0,0.0,-0.0007526859408244491,-0.1712733656167984,0.0,0.0,0.004908664717016953,0.03381948268291624,-0.051085080951452255,0.10354273021221161,0.0,0.0,0.0,0.0
16.680800914764404,-0.3131479024887085,-1.5627343654632568,0.0,0.0,-0.0007526859408244491,-0.1712733656167984,0.0,0.0,0.004908664717016953,0.03381948268291624,-0.051085080951452255,0.10354273021221161,0.0,0.0,0.0,0.0
16.68220353126526,-0.3131479024887085,-1.5627343654632568,0.0,0.0,-0.0007526859408244491,-0.1712733656167984,0.0,0.0,0.004908664717016953,0.03381948268291624,-0.051085080951452255,0.10354273021221161,0.0,0.0,0.0,0.0
16.684003829956055,-0.3131479024887085,-1.5627343654632568,0.0,0.0,-0.0007526859408244491,-0.1712733656167984,0.0,0.0,0.004908664717016953,0.03381948268291624,-0.051085080951452255,0.10354273021221161,0.0,0.0,0.0,0.0
16.6855309009552,-0.3131479024887085,-1.5627343654632568,0.0,0.0,-0.0007526859408244491,-0.1712733656167984,0.0,0.0,0.004908664717016953,0.03381948268291624,-0.051085080951452255,0.10354273021221161,0.0,0.0,0.0,0.0
16.68694305419922,-0.3131479024887085,-1.5627343654632568,0.0,0.0,-0.0007526859408244491,-0.1712733656167984,0.0,0.0,0.004908664717016953,0.03381948268291624,-0.051085080951452255,0.10354273021221161,0.0,0.0,0.0,0.0
16.688770055770874,-0.3131479024887085,-1.5627343654632568,0.0,0.0,-0.0007526859408244491,-0.1712733656167984,0.0,0.0,0.004908664717016953,0.03381948268291624,-0.051085080951452255,0.10354273021221161,0.0,0.0,0.0,0.0
16.690216064453125,-0.3131479024887085,-1.5627343654632568,0.0,0.0,-0.0007526859408244491,-0.1712733656167984,0.0,0.0,0.004908664717016953,0.03381948268291624,-0.051085080951452255,0.10354273021221161,0.0,0.0,0.0,0.0
16.69207525253296,-0.3131479024887085,-1.5627343654632568,0.0,0.0,-0.0007526859408244491,-0.1712733656167984,0.0,0.0,0.004908664717016953,0.03381948268291624,-0.051085080951452255,0.10354273021221161,0.0,0.0,0.0,0.0
16.693853855133057,-0.3131479024887085,-1.5627343654632568,0.0,0.0,-0.0007526859408244491,-0.1712733656167984,0.0,0.0,0.004908664717016953,0.03381948268291624,-0.051085080951452255,0.10354273021221161,0.0,0.0,0.0,0.0
16.695327043533325,-0.3131479024887085,-1.5627343654632568,0.0,0.0,-0.0007526859408244491,-0.1712733656167984,0.0,0.0,0.004908664717016953,0.03381948268291624,-0.051085080951452255,0.10354273021221161,0.0,0.0,0.0,0.0
16.69724464416504,-0.3131479024887085,-1.5627343654632568,0.0,0.0,-0.0007526859408244491,-0.1712733656167984,0.0,0.0,0.004908664717016953,0.03381948268291624,-0.051085080951452255,0.10354273021221161,0.0,0.0,0.0,0.0
16.69870352745056,-0.3131479024887085,-1.5627343654632568,0.0,0.0,-0.0007526859408244491,-0.1712733656167984,0.0,0.0,0.004908664717016953,0.03381948268291624,-0.051085080951452255,0.10354273021221161,0.0,0.0,0.0,0.0
16.700125455856323,-0.3131479024887085,-1.5627343654632568,0.0,0.0,-0.0007526859408244491,-0.1712733656167984,0.0,0.0,0.004908664717016953,0.03381948268291624,-0.051085080951452255,0.10354273021221161,0.0,0.0,0.0,0.0
16.701874256134033,-0.3131479024887085,-1.5627343654632568,0.0,0.0,-0.0007526859408244491,-0.1712733656167984,0.0,0.0,0.004908664717016953,0.03381948268291624,-0.051085080951452255,0.10354273021221161,0.0,0.0,0.0,0.0
16.703388214111328,-0.3131479024887085,-1.5627343654632568,0.0,0.0,-0.0007526859408244491,-0.1712733656167984,0.0,0.0,0.004908664717016953,0.03381948268291624,-0.051085080951452255,0.10354273021221161,0.0,0.0,0.0,0.0
16.705328941345215,-0.3131479024887085,-1.5627343654632568,0.0,0.0,-0.0007526859408244491,-0.1712733656167984,0.0,0.0,0.004908664717016953,0.03381948268291624,-0.051085080951452255,0.10354273021221161,0.0,0.0,0.0,0.0
16.70743727684021,-0.3131479024887085,-1.5627343654632568,0.0,0.0,-0.0007526859408244491,-0.1712733656167984,0.0,0.0,0.004908664717016953,0.03381948268291624,-0.051085080951452255,0.10354273021221161,0.0,0.0,0.0,0.0
16.70949101448059,-0.3131479024887085,-1.5627343654632568,0.0,0.0,-0.0007526859408244491,-0.1712733656167984,0.0,0.0,0.004908664717016953,0.03381948268291624,-0.051085080951452255,0.10354273021221161,0.0,0.0,0.0,0.0
16.711024284362793,-0.3131479024887085,-1.5627343654632568,0.0,0.0,-0.0007526859408244491,-0.1712733656167984,0.0,0.0,0.004908664717016953,0.03381948268291624,-0.051085080951452255,0.10354273021221161,0.0,0.0,0.0,0.0
16.712509870529175,-0.3131479024887085,-1.5627343654632568,0.0,0.0,-0.0007526859408244491,-0.1712733656167984,0.0,0.0,0.004908664717016953,0.03381948268291624,-0.051085080951452255,0.10354273021221161,0.0,0.0,0.0,0.0
16.713993787765503,-0.3131479024887085,-1.5627343654632568,0.0,0.0,-0.0007526859408244491,-0.1712733656167984,0.0,0.0,0.004908664717016953,0.03381948268291624,-0.051085080951452255,0.10354273021221161,0.0,0.0,0.0,0.0
16.71604561805725,-0.3131479024887085,-1.5627343654632568,0.0,0.0,-0.0007526859408244491,-0.1712733656167984,0.0,0.0,0.004908664717016953,0.03381948268291624,-0.051085080951452255,0.10354273021221161,0.0,0.0,0.0,0.0
16.71771740913391,-0.3131479024887085,-1.5627343654632568,0.0,0.0,-0.0007526859408244491,-0.1712733656167984,0.0,0.0,0.004908664717016953,0.03381948268291624,-0.051085080951452255,0.10354273021221161,0.0,0.0,0.0,0.0
16.71986675262451,-0.3131479024887085,-1.5627343654632568,0.0,0.0,-0.0007526859408244491,-0.1712733656167984,0.0,0.0,0.004908664717016953,0.03381948268291624,-0.051085080951452255,0.10354273021221161,0.0,0.0,0.0,0.0
16.721884965896606,-0.3131479024887085,-1.5627343654632568,0.0,0.0,-0.0007526859408244491,-0.1712733656167984,0.0,0.0,0.004908664717016953,0.03381948268291624,-0.051085080951452255,0.10354273021221161,0.0,0.0,0.0,0.0
16.723939418792725,-0.3131479024887085,-1.5627343654632568,0.0,0.0,-0.0007526859408244491,-0.1712733656167984,0.0,0.0,0.004908664717016953,0.03381948268291624,-0.051085080951452255,0.10354273021221161,0.0,0.0,0.0,0.0
16.725496292114258,-0.3131479024887085,-1.5627343654632568,0.0,0.0,-0.0007526859408244491,-0.1712733656167984,0.0,0.0,0.004908664717016953,0.03381948268291624,-0.051085080951452255,0.10354273021221161,0.0,0.0,0.0,0.0
16.726973295211792,-0.3131479024887085,-1.5627343654632568,0.0,0.0,-0.0007526859408244491,-0.1712733656167984,0.0,0.0,0.004908664717016953,0.03381948268291624,-0.051085080951452255,0.10354273021221161,0.0,0.0,0.0,0.0
16.72840452194214,-0.3131479024887085,-1.5627343654632568,0.0,0.0,-0.0007526859408244491,-0.1712733656167984,0.0,0.0,0.004908664717016953,0.03381948268291624,-0.051085080951452255,0.10354273021221161,0.0,0.0,0.0,0.0
16.730265855789185,-0.3131479024887085,-1.5627343654632568,0.0,0.0,-0.0007526859408244491,-0.1712733656167984,0.0,0.0,0.004908664717016953,0.03381948268291624,-0.051085080951452255,0.10354273021221161,0.0,0.0,0.0,0.0
16.73173713684082,-0.3131479024887085,-1.5627343654632568,0.0,0.0,-0.0007526859408244491,-0.1712733656167984,0.0,0.0,0.004908664717016953,0.03381948268291624,-0.051085080951452255,0.10354273021221161,0.0,0.0,0.0,0.0
16.733113050460815,-0.3131479024887085,-1.5627343654632568,0.0,0.0,-0.0007526859408244491,-0.1712733656167984,0.0,0.0,0.004908664717016953,0.03381948268291624,-0.051085080951452255,0.10354273021221161,0.0,0.0,0.0,0.0
16.734500885009766,-0.3131479024887085,-1.5627343654632568,0.0,0.0,-0.0007526859408244491,-0.1712733656167984,0.0,0.0,0.004908664717016953,0.03381948268291624,-0.051085080951452255,0.10354273021221161,0.0,0.0,0.0,0.0
16.73619818687439,-0.3131479024887085,-1.5627343654632568,0.0,0.0,-0.0007526859408244491,-0.1712733656167984,0.0,0.0,0.004908664717016953,0.03381948268291624,-0.051085080951452255,0.10354273021221161,0.0,0.0,0.0,0.0
16.73791003227234,-0.3131479024887085,-1.5627343654632568,0.0,0.0,-0.0007526859408244491,-0.1712733656167984,0.0,0.0,0.004908664717016953,0.03381948268291624,-0.051085080951452255,0.10354273021221161,0.0,0.0,0.0,0.0
16.739914417266846,-0.3131479024887085,-1.5627343654632568,0.0,0.0,-0.0007526859408244491,-0.1712733656167984,0.0,0.0,0.004908664717016953,0.03381948268291624,-0.051085080951452255,0.10354273021221161,0.0,0.0,0.0,0.0
16.74186658859253,-0.3131479024887085,-1.5627343654632568,0.0,0.0,-0.0007526859408244491,-0.1712733656167984,0.0,0.0,0.004908664717016953,0.03381948268291624,-0.051085080951452255,0.10354273021221161,0.0,0.0,0.0,0.0
16.743544101715088,-0.3131479024887085,-1.5627343654632568,0.0,0.0,-0.0007526859408244491,-0.1712733656167984,0.0,0.0,0.004908664717016953,0.03381948268291624,-0.051085080951452255,0.10354273021221161,0.0,0.0,0.0,0.0
16.74493670463562,-0.3131479024887085,-1.5627343654632568,0.0,0.0,-0.0007526859408244491,-0.1712733656167984,0.0,0.0,0.004908664717016953,0.03381948268291624,-0.051085080951452255,0.10354273021221161,0.0,0.0,0.0,0.0
16.746311902999878,-0.3131479024887085,-1.5627343654632568,0.0,0.0,-0.0007526859408244491,-0.1712733656167984,0.0,0.0,0.004908664717016953,0.03381948268291624,-0.051085080951452255,0.10354273021221161,0.0,0.0,0.0,0.0
16.748141050338745,-0.3131479024887085,-1.5627343654632568,0.0,0.0,-0.0007526859408244491,-0.1712733656167984,0.0,0.0,0.004908664717016953,0.03381948268291624,-0.051085080951452255,0.10354273021221161,0.0,0.0,0.0,0.0
16.74952530860901,-0.3131479024887085,-1.5627343654632568,0.0,0.0,-0.0007526859408244491,-0.1712733656167984,0.0,0.0,0.004908664717016953,0.03381948268291624,-0.051085080951452255,0.10354273021221161,0.0,0.0,0.0,0.0
16.750889539718628,-0.3131479024887085,-1.5627343654632568,0.0,0.0,-0.0007526859408244491,-0.1712733656167984,0.0,0.0,0.004908664717016953,0.03381948268291624,-0.051085080951452255,0.10354273021221161,0.0,0.0,0.0,0.0
16.75226402282715,-0.3131479024887085,-1.5627343654632568,0.0,0.0,-0.0007526859408244491,-0.1712733656167984,0.0,0.0,0.004908664717016953,0.03381948268291624,-0.051085080951452255,0.10354273021221161,0.0,0.0,0.0,0.0
16.753594160079956,-0.3131479024887085,-1.5627343654632568,0.0,0.0,-0.0007526859408244491,-0.1712733656167984,0.0,0.0,0.004908664717016953,0.03381948268291624,-0.051085080951452255,0.10354273021221161,0.0,0.0,0.0,0.0
16.755194187164307,-0.3131479024887085,-1.5627343654632568,0.0,0.0,-0.0007526859408244491,-0.1712733656167984,0.0,0.0,0.004908664717016953,0.03381948268291624,-0.051085080951452255,0.10354273021221161,0.0,0.0,0.0,0.0
16.756549835205078,-0.3131479024887085,-1.5627343654632568,0.0,0.0,-0.0007526859408244491,-0.1712733656167984,0.0,0.0,0.004908664717016953,0.03381948268291624,-0.051085080951452255,0.10354273021221161,0.0,0.0,0.0,0.0
16.758023500442505,-0.3131479024887085,-1.5627343654632568,0.0,0.0,-0.0007526859408244491,-0.1712733656167984,0.0,0.0,0.004908664717016953,0.03381948268291624,-0.051085080951452255,0.10354273021221161,0.0,0.0,0.0,0.0
16.759727001190186,-0.3131479024887085,-1.5627343654632568,0.0,0.0,-0.0007526859408244491,-0.1712733656167984,0.0,0.0,0.004908664717016953,0.03381948268291624,-0.051085080951452255,0.10354273021221161,0.0,0.0,0.0,0.0
16.761101007461548,-0.3131479024887085,-1.5627343654632568,0.0,0.0,-0.0007526859408244491,-0.1712733656167984,0.0,0.0,0.004908664717016953,0.03381948268291624,-0.051085080951452255,0.10354273021221161,0.0,0.0,0.0,0.0
16.762534379959106,-0.3131479024887085,-1.5627343654632568,0.0,0.0,-0.0007526859408244491,-0.1712733656167984,0.0,0.0,0.004908664717016953,0.03381948268291624,-0.051085080951452255,0.10354273021221161,0.0,0.0,0.0,0.0
16.764398336410522,-0.3131479024887085,-1.5627343654632568,0.0,0.0,-0.0007526859408244491,-0.1712733656167984,0.0,0.0,0.004908664717016953,0.03381948268291624,-0.051085080951452255,0.10354273021221161,0.0,0.0,0.0,0.0
16.765920639038086,-0.3131479024887085,-1.5627343654632568,0.0,0.0,-0.0007526859408244491,-0.1712733656167984,0.0,0.0,0.004908664717016953,0.03381948268291624,-0.051085080951452255,0.10354273021221161,0.0,0.0,0.0,0.0
16.767442226409912,-0.3131479024887085,-1.5627343654632568,0.0,0.0,-0.0007526859408244491,-0.1712733656167984,0.0,0.0,0.004908664717016953,0.03381948268291624,-0.051085080951452255,0.10354273021221161,0.0,0.0,0.0,0.0
16.769516944885254,-0.3131479024887085,-1.5627343654632568,0.0,0.0,-0.0007526859408244491,-0.1712733656167984,0.0,0.0,0.004908664717016953,0.03381948268291624,-0.051085080951452255,0.10354273021221161,0.0,0.0,0.0,0.0
16.771448612213135,-0.3131479024887085,-1.5627343654632568,0.0,0.0,-0.0007526859408244491,-0.1712733656167984,0.0,0.0,0.004908664717016953,0.03381948268291624,-0.051085080951452255,0.10354273021221161,0.0,0.0,0.0,0.0
16.773301124572754,-0.3131479024887085,-1.5627343654632568,0.0,0.0,-0.0007526859408244491,-0.1712733656167984,0.0,0.0,0.004908664717016953,0.03381948268291624,-0.051085080951452255,0.10354273021221161,0.0,0.0,0.0,0.0
16.774847269058228,-0.3131479024887085,-1.5627343654632568,0.0,0.0,-0.0007526859408244491,-0.1712733656167984,0.0,0.0,0.004908664717016953,0.03381948268291624,-0.051085080951452255,0.10354273021221161,0.0,0.0,0.0,0.0
16.77632784843445,-0.3131479024887085,-1.5627343654632568,0.0,0.0,-0.0007526859408244491,-0.1712733656167984,0.0,0.0,0.004908664717016953,0.03381948268291624,-0.051085080951452255,0.10354273021221161,0.0,0.0,0.0,0.0
16.77807903289795,-0.3131479024887085,-1.5627343654632568,0.0,0.0,-0.0007526859408244491,-0.1712733656167984,0.0,0.0,0.004908664717016953,0.03381948268291624,-0.051085080951452255,0.10354273021221161,0.0,0.0,0.0,0.0
16.779584884643555,-0.3131479024887085,-1.5627343654632568,0.0,0.0,-0.0007526859408244491,-0.1712733656167984,0.0,0.0,0.004908664717016953,0.03381948268291624,-0.051085080951452255,0.10354273021221161,0.0,0.0,0.0,0.0
16.78203773498535,-0.3131479024887085,-1.5627343654632568,0.0,0.0,-0.0007526859408244491,-0.1712733656167984,0.0,0.0,0.004908664717016953,0.03381948268291624,-0.051085080951452255,0.10354273021221161,0.0,0.0,0.0,0.0
16.783583402633667,-0.3131479024887085,-1.5627343654632568,0.0,0.0,-0.0007526859408244491,-0.1712733656167984,0.0,0.0,0.004908664717016953,0.03381948268291624,-0.051085080951452255,0.10354273021221161,0.0,0.0,0.0,0.0
16.785048961639404,-0.3131479024887085,-1.5627343654632568,0.0,0.0,-0.0007526859408244491,-0.1712733656167984,0.0,0.0,0.004908664717016953,0.03381948268291624,-0.051085080951452255,0.10354273021221161,0.0,0.0,0.0,0.0
16.787320852279663,-0.3131479024887085,-1.5627343654632568,0.0,0.0,-0.0007526859408244491,-0.1712733656167984,0.0,0.0,0.004908664717016953,0.03381948268291624,-0.051085080951452255,0.10354273021221161,0.0,0.0,0.0,0.0
16.788910150527954,-0.3131479024887085,-1.5627343654632568,0.0,0.0,-0.0007526859408244491,-0.1712733656167984,0.0,0.0,0.004908664717016953,0.03381948268291624,-0.051085080951452255,0.10354273021221161,0.0,0.0,0.0,0.0
16.791006088256836,-0.3131479024887085,-1.5627343654632568,0.0,0.0,-0.0007526859408244491,-0.1712733656167984,0.0,0.0,0.004908664717016953,0.03381948268291624,-0.051085080951452255,0.10354273021221161,0.0,0.0,0.0,0.0
16.792526960372925,-0.3131479024887085,-1.5627343654632568,0.0,0.0,-0.0007526859408244491,-0.1712733656167984,0.0,0.0,0.004908664717016953,0.03381948268291624,-0.051085080951452255,0.10354273021221161,0.0,0.0,0.0,0.0
16.794052600860596,-0.3131479024887085,-1.5627343654632568,0.0,0.0,-0.0007526859408244491,-0.1712733656167984,0.0,0.0,0.004908664717016953,0.03381948268291624,-0.051085080951452255,0.10354273021221161,0.0,0.0,0.0,0.0
16.796169996261597,-0.3131479024887085,-1.5627343654632568,0.0,0.0,-0.0007526859408244491,-0.1712733656167984,0.0,0.0,0.004908664717016953,0.03381948268291624,-0.051085080951452255,0.10354273021221161,0.0,0.0,0.0,0.0
16.797686100006104,-0.3131479024887085,-1.5627343654632568,0.0,0.0,-0.0007526859408244491,-0.1712733656167984,0.0,0.0,0.004908664717016953,0.03381948268291624,-0.051085080951452255,0.10354273021221161,0.0,0.0,0.0,0.0
16.800408840179443,-0.3131479024887085,-1.5627343654632568,0.0,0.0,-0.0007526859408244491,-0.1712733656167984,0.0,0.0,0.004908664717016953,0.03381948268291624,-0.051085080951452255,0.10354273021221161,0.0,0.0,0.0,0.0
16.801900386810303,-0.3131479024887085,-1.5627343654632568,0.0,0.0,-0.0007526859408244491,-0.1712733656167984,0.0,0.0,0.004908664717016953,0.03381948268291624,-0.051085080951452255,0.10354273021221161,0.0,0.0,0.0,0.0
16.803586721420288,-0.3131479024887085,-1.5627343654632568,0.0,0.0,-0.0007526859408244491,-0.1712733656167984,0.0,0.0,0.004908664717016953,0.03381948268291624,-0.051085080951452255,0.10354273021221161,0.0,0.0,0.0,0.0
16.805021286010742,-0.3131479024887085,-1.5627343654632568,0.0,0.0,-0.0007526859408244491,-0.1712733656167984,0.0,0.0,0.004908664717016953,0.03381948268291624,-0.051085080951452255,0.10354273021221161,0.0,0.0,0.0,0.0
16.807183742523193,-0.3131479024887085,-1.5627343654632568,0.0,0.0,-0.0007526859408244491,-0.1712733656167984,0.0,0.0,0.004908664717016953,0.03381948268291624,-0.051085080951452255,0.10354273021221161,0.0,0.0,0.0,0.0
16.809667110443115,-0.3131479024887085,-1.5627343654632568,0.0,0.0,-0.0007526859408244491,-0.1712733656167984,0.0,0.0,0.004908664717016953,0.03381948268291624,-0.051085080951452255,0.10354273021221161,0.0,0.0,0.0,0.0
16.811559438705444,-0.3131479024887085,-1.5627343654632568,0.0,0.0,-0.0007526859408244491,-0.1712733656167984,0.0,0.0,0.004908664717016953,0.03381948268291624,-0.051085080951452255,0.10354273021221161,0.0,0.0,0.0,0.0
16.812934398651123,-0.3131479024887085,-1.5627343654632568,0.0,0.0,-0.0007526859408244491,-0.1712733656167984,0.0,0.0,0.004908664717016953,0.03381948268291624,-0.051085080951452255,0.10354273021221161,0.0,0.0,0.0,0.0
16.81429934501648,-0.3131479024887085,-1.5627343654632568,0.0,0.0,-0.0007526859408244491,-0.1712733656167984,0.0,0.0,0.004908664717016953,0.03381948268291624,-0.051085080951452255,0.10354273021221161,0.0,0.0,0.0,0.0
16.81567645072937,-0.3131479024887085,-1.5627343654632568,0.0,0.0,-0.0007526859408244491,-0.1712733656167984,0.0,0.0,0.004908664717016953,0.03381948268291624,-0.051085080951452255,0.10354273021221161,0.0,0.0,0.0,0.0
16.817028045654297,-0.3131479024887085,-1.5627343654632568,0.0,0.0,-0.0007526859408244491,-0.1712733656167984,0.0,0.0,0.004908664717016953,0.03381948268291624,-0.051085080951452255,0.10354273021221161,0.0,0.0,0.0,0.0
16.81838583946228,-0.3131479024887085,-1.5627343654632568,0.0,0.0,-0.0007526859408244491,-0.1712733656167984,0.0,0.0,0.004908664717016953,0.03381948268291624,-0.051085080951452255,0.10354273021221161,0.0,0.0,0.0,0.0
16.820167303085327,-0.3131479024887085,-1.5627343654632568,0.0,0.0,-0.0007526859408244491,-0.1712733656167984,0.0,0.0,0.004908664717016953,0.03381948268291624,-0.051085080951452255,0.10354273021221161,0.0,0.0,0.0,0.0
16.821656942367554,-0.3131479024887085,-1.5627343654632568,0.0,0.0,-0.0007526859408244491,-0.1712733656167984,0.0,0.0,0.004908664717016953,0.03381948268291624,-0.051085080951452255,0.10354273021221161,0.0,0.0,0.0,0.0
16.822997570037842,-0.3131479024887085,-1.5627343654632568,0.0,0.0,-0.0007526859408244491,-0.1712733656167984,0.0,0.0,0.004908664717016953,0.03381948268291624,-0.051085080951452255,0.10354273021221161,0.0,0.0,0.0,0.0
16.824410915374756,-0.3131479024887085,-1.5627343654632568,0.0,0.0,-0.0007526859408244491,-0.1712733656167984,0.0,0.0,0.004908664717016953,0.03381948268291624,-0.051085080951452255,0.10354273021221161,0.0,0.0,0.0,0.0
16.826340436935425,-0.3131479024887085,-1.5627343654632568,0.0,0.0,-0.0007526859408244491,-0.1712733656167984,0.0,0.0,0.004908664717016953,0.03381948268291624,-0.051085080951452255,0.10354273021221161,0.0,0.0,0.0,0.0
16.82821035385132,-0.3131479024887085,-1.5627343654632568,0.0,0.0,-0.0007526859408244491,-0.1712733656167984,0.0,0.0,0.004908664717016953,0.03381948268291624,-0.051085080951452255,0.10354273021221161,0.0,0.0,0.0,0.0
16.83009624481201,-0.3131479024887085,-1.5627343654632568,0.0,0.0,-0.0007526859408244491,-0.1712733656167984,0.0,0.0,0.004908664717016953,0.03381948268291624,-0.051085080951452255,0.10354273021221161,0.0,0.0,0.0,0.0
16.832494735717773,-0.3131479024887085,-1.5627343654632568,0.0,0.0,-0.0007526859408244491,-0.1712733656167984,0.0,0.0,0.004908664717016953,0.03381948268291624,-0.051085080951452255,0.10354273021221161,0.0,0.0,0.0,0.0
16.83414912223816,-0.3131479024887085,-1.5627343654632568,0.0,0.0,-0.0007526859408244491,-0.1712733656167984,0.0,0.0,0.004908664717016953,0.03381948268291624,-0.051085080951452255,0.10354273021221161,0.0,0.0,0.0,0.0
16.83552646636963,-0.3131479024887085,-1.5627343654632568,0.0,0.0,-0.0007526859408244491,-0.1712733656167984,0.0,0.0,0.004908664717016953,0.03381948268291624,-0.051085080951452255,0.10354273021221161,0.0,0.0,0.0,0.0
16.837114334106445,-0.3131479024887085,-1.5627343654632568,0.0,0.0,-0.0007526859408244491,-0.1712733656167984,0.0,0.0,0.004908664717016953,0.03381948268291624,-0.051085080951452255,0.10354273021221161,0.0,0.0,0.0,0.0
16.838651657104492,-0.3131479024887085,-1.5627343654632568,0.0,0.0,-0.0007526859408244491,-0.1712733656167984,0.0,0.0,0.004908664717016953,0.03381948268291624,-0.051085080951452255,0.10354273021221161,0.0,0.0,0.0,0.0
16.84000062942505,-0.3131479024887085,-1.5627343654632568,0.0,0.0,-0.0007526859408244491,-0.1712733656167984,0.0,0.0,0.004908664717016953,0.03381948268291624,-0.051085080951452255,0.10354273021221161,0.0,0.0,0.0,0.0
16.841317653656006,-0.3131479024887085,-1.5627343654632568,0.0,0.0,-0.0007526859408244491,-0.1712733656167984,0.0,0.0,0.004908664717016953,0.03381948268291624,-0.051085080951452255,0.10354273021221161,0.0,0.0,0.0,0.0
16.843267679214478,-0.3131479024887085,-1.5627343654632568,0.0,0.0,-0.0007526859408244491,-0.1712733656167984,0.0,0.0,0.004908664717016953,0.03381948268291624,-0.051085080951452255,0.10354273021221161,0.0,0.0,0.0,0.0
16.845430850982666,-0.3131479024887085,-1.5627343654632568,0.0,0.0,-0.0007526859408244491,-0.1712733656167984,0.0,0.0,0.004908664717016953,0.03381948268291624,-0.051085080951452255,0.10354273021221161,0.0,0.0,0.0,0.0
16.84703493118286,-0.3131479024887085,-1.5627343654632568,0.0,0.0,-0.0007526859408244491,-0.1712733656167984,0.0,0.0,0.004908664717016953,0.03381948268291624,-0.051085080951452255,0.10354273021221161,0.0,0.0,0.0,0.0
16.848654985427856,-0.3131479024887085,-1.5627343654632568,0.0,0.0,-0.0007526859408244491,-0.1712733656167984,0.0,0.0,0.004908664717016953,0.03381948268291624,-0.051085080951452255,0.10354273021221161,0.0,0.0,0.0,0.0
16.850067615509033,-0.3131479024887085,-1.5627343654632568,0.0,0.0,-0.0007526859408244491,-0.1712733656167984,0.0,0.0,0.004908664717016953,0.03381948268291624,-0.051085080951452255,0.10354273021221161,0.0,0.0,0.0,0.0
16.851465225219727,-0.3131479024887085,-1.5627343654632568,0.0,0.0,-0.0007526859408244491,-0.1712733656167984,0.0,0.0,0.004908664717016953,0.03381948268291624,-0.051085080951452255,0.10354273021221161,0.0,0.0,0.0,0.0
16.852810621261597,-0.3131479024887085,-1.5627343654632568,0.0,0.0,-0.0007526859408244491,-0.1712733656167984,0.0,0.0,0.004908664717016953,0.03381948268291624,-0.051085080951452255,0.10354273021221161,0.0,0.0,0.0,0.0
16.85465717315674,-0.3131479024887085,-1.5627343654632568,0.0,0.0,-0.0007526859408244491,-0.1712733656167984,0.0,0.0,0.004908664717016953,0.03381948268291624,-0.051085080951452255,0.10354273021221161,0.0,0.0,0.0,0.0
16.85603094100952,-0.3131479024887085,-1.5627343654632568,0.0,0.0,-0.0007526859408244491,-0.1712733656167984,0.0,0.0,0.004908664717016953,0.03381948268291624,-0.051085080951452255,0.10354273021221161,0.0,0.0,0.0,0.0
16.857550621032715,-0.3131479024887085,-1.5627343654632568,0.0,0.0,-0.0007526859408244491,-0.1712733656167984,0.0,0.0,0.004908664717016953,0.03381948268291624,-0.051085080951452255,0.10354273021221161,0.0,0.0,0.0,0.0
16.858962774276733,-0.3131479024887085,-1.5627343654632568,0.0,0.0,-0.0007526859408244491,-0.1712733656167984,0.0,0.0,0.004908664717016953,0.03381948268291624,-0.051085080951452255,0.10354273021221161,0.0,0.0,0.0,0.0
16.86106538772583,-0.3131479024887085,-1.5627343654632568,0.0,0.0,-0.0007526859408244491,-0.1712733656167984,0.0,0.0,0.004908664717016953,0.03381948268291624,-0.051085080951452255,0.10354273021221161,0.0,0.0,0.0,0.0
16.86274003982544,-0.3131479024887085,-1.5627343654632568,0.0,0.0,-0.0007526859408244491,-0.1712733656167984,0.0,0.0,0.004908664717016953,0.03381948268291624,-0.051085080951452255,0.10354273021221161,0.0,0.0,0.0,0.0
16.865060091018677,-0.3131479024887085,-1.5627343654632568,0.0,0.0,-0.0007526859408244491,-0.1712733656167984,0.0,0.0,0.004908664717016953,0.03381948268291624,-0.051085080951452255,0.10354273021221161,0.0,0.0,0.0,0.0
16.866475820541382,-0.3131479024887085,-1.5627343654632568,0.0,0.0,-0.0007526859408244491,-0.1712733656167984,0.0,0.0,0.004908664717016953,0.03381948268291624,-0.051085080951452255,0.10354273021221161,0.0,0.0,0.0,0.0
16.868390560150146,-0.3131479024887085,-1.5627343654632568,0.0,0.0,-0.0007526859408244491,-0.1712733656167984,0.0,0.0,0.004908664717016953,0.03381948268291624,-0.051085080951452255,0.10354273021221161,0.0,0.0,0.0,0.0
16.870041131973267,-0.3131479024887085,-1.5627343654632568,0.0,0.0,-0.0007526859408244491,-0.1712733656167984,0.0,0.0,0.004908664717016953,0.03381948268291624,-0.051085080951452255,0.10354273021221161,0.0,0.0,0.0,0.0
16.871431827545166,-0.3131479024887085,-1.5627343654632568,0.0,0.0,-0.0007526859408244491,-0.1712733656167984,0.0,0.0,0.004908664717016953,0.03381948268291624,-0.051085080951452255,0.10354273021221161,0.0,0.0,0.0,0.0
16.873337507247925,-0.3131479024887085,-1.5627343654632568,0.0,0.0,-0.0007526859408244491,-0.1712733656167984,0.0,0.0,0.004908664717016953,0.03381948268291624,-0.051085080951452255,0.10354273021221161,0.0,0.0,0.0,0.0
16.874727487564087,-0.3131479024887085,-1.5627343654632568,0.0,0.0,-0.0007526859408244491,-0.1712733656167984,0.0,0.0,0.004908664717016953,0.03381948268291624,-0.051085080951452255,0.10354273021221161,0.0,0.0,0.0,0.0
16.876561880111694,-0.3131479024887085,-1.5627343654632568,0.0,0.0,-0.0007526859408244491,-0.1712733656167984,0.0,0.0,0.004908664717016953,0.03381948268291624,-0.051085080951452255,0.10354273021221161,0.0,0.0,0.0,0.0
16.878618478775024,-0.3131479024887085,-1.5627343654632568,0.0,0.0,-0.0007526859408244491,-0.1712733656167984,0.0,0.0,0.004908664717016953,0.03381948268291624,-0.051085080951452255,0.10354273021221161,0.0,0.0,0.0,0.0
16.88056993484497,-0.3131479024887085,-1.5627343654632568,0.0,0.0,-0.0007526859408244491,-0.1712733656167984,0.0,0.0,0.004908664717016953,0.03381948268291624,-0.051085080951452255,0.10354273021221161,0.0,0.0,0.0,0.0
16.882216215133667,-0.3131479024887085,-1.5627343654632568,0.0,0.0,-0.0007526859408244491,-0.1712733656167984,0.0,0.0,0.004908664717016953,0.03381948268291624,-0.051085080951452255,0.10354273021221161,0.0,0.0,0.0,0.0
16.883922338485718,-0.3131479024887085,-1.5627343654632568,0.0,0.0,-0.0007526859408244491,-0.1712733656167984,0.0,0.0,0.004908664717016953,0.03381948268291624,-0.051085080951452255,0.10354273021221161,0.0,0.0,0.0,0.0
16.885932683944702,-0.3131479024887085,-1.5627343654632568,0.0,0.0,-0.0007526859408244491,-0.1712733656167984,0.0,0.0,0.004908664717016953,0.03381948268291624,-0.051085080951452255,0.10354273021221161,0.0,0.0,0.0,0.0
16.887994289398193,-0.3131479024887085,-1.5627343654632568,0.0,0.0,-0.0007526859408244491,-0.1712733656167984,0.0,0.0,0.004908664717016953,0.03381948268291624,-0.051085080951452255,0.10354273021221161,0.0,0.0,0.0,0.0
16.889991283416748,-0.3131479024887085,-1.5627343654632568,0.0,0.0,-0.0007526859408244491,-0.1712733656167984,0.0,0.0,0.004908664717016953,0.03381948268291624,-0.051085080951452255,0.10354273021221161,0.0,0.0,0.0,0.0
16.89157795906067,-0.3131479024887085,-1.5627343654632568,0.0,0.0,-0.0007526859408244491,-0.1712733656167984,0.0,0.0,0.004908664717016953,0.03381948268291624,-0.051085080951452255,0.10354273021221161,0.0,0.0,0.0,0.0
16.89296293258667,-0.3131479024887085,-1.5627343654632568,0.0,0.0,-0.0007526859408244491,-0.1712733656167984,0.0,0.0,0.004908664717016953,0.03381948268291624,-0.051085080951452255,0.10354273021221161,0.0,0.0,0.0,0.0
16.89425015449524,-0.3131479024887085,-1.5627343654632568,0.0,0.0,-0.0007526859408244491,-0.1712733656167984,0.0,0.0,0.004908664717016953,0.03381948268291624,-0.051085080951452255,0.10354273021221161,0.0,0.0,0.0,0.0
16.89555597305298,-0.3131479024887085,-1.5627343654632568,0.0,0.0,-0.0007526859408244491,-0.1712733656167984,0.0,0.0,0.004908664717016953,0.03381948268291624,-0.051085080951452255,0.10354273021221161,0.0,0.0,0.0,0.0
16.89706039428711,-0.3131479024887085,-1.5627343654632568,0.0,0.0,-0.0007526859408244491,-0.1712733656167984,0.0,0.0,0.004908664717016953,0.03381948268291624,-0.051085080951452255,0.10354273021221161,0.0,0.0,0.0,0.0
16.89834427833557,-0.3131479024887085,-1.5627343654632568,0.0,0.0,-0.0007526859408244491,-0.1712733656167984,0.0,0.0,0.004908664717016953,0.03381948268291624,-0.051085080951452255,0.10354273021221161,0.0,0.0,0.0,0.0
16.89985966682434,-0.3131479024887085,-1.5627343654632568,0.0,0.0,-0.0007526859408244491,-0.1712733656167984,0.0,0.0,0.004908664717016953,0.03381948268291624,-0.051085080951452255,0.10354273021221161,0.0,0.0,0.0,0.0
16.90114974975586,-0.3131479024887085,-1.5627343654632568,0.0,0.0,-0.0007526859408244491,-0.1712733656167984,0.0,0.0,0.004908664717016953,0.03381948268291624,-0.051085080951452255,0.10354273021221161,0.0,0.0,0.0,0.0
16.90248394012451,-0.3131479024887085,-1.5627343654632568,0.0,0.0,-0.0007526859408244491,-0.1712733656167984,0.0,0.0,0.004908664717016953,0.03381948268291624,-0.051085080951452255,0.10354273021221161,0.0,0.0,0.0,0.0
16.903858184814453,-0.3131479024887085,-1.5627343654632568,0.0,0.0,-0.0007526859408244491,-0.1712733656167984,0.0,0.0,0.004908664717016953,0.03381948268291624,-0.051085080951452255,0.10354273021221161,0.0,0.0,0.0,0.0
16.90523409843445,-0.3131479024887085,-1.5627343654632568,0.0,0.0,-0.0007526859408244491,-0.1712733656167984,0.0,0.0,0.004908664717016953,0.03381948268291624,-0.051085080951452255,0.10354273021221161,0.0,0.0,0.0,0.0
16.906611919403076,-0.3131479024887085,-1.5627343654632568,0.0,0.0,-0.0007526859408244491,-0.1712733656167984,0.0,0.0,0.004908664717016953,0.03381948268291624,-0.051085080951452255,0.10354273021221161,0.0,0.0,0.0,0.0
16.908493518829346,-0.3131479024887085,-1.5627343654632568,0.0,0.0,-0.0007526859408244491,-0.1712733656167984,0.0,0.0,0.004908664717016953,0.03381948268291624,-0.051085080951452255,0.10354273021221161,0.0,0.0,0.0,0.0
16.910067081451416,-0.3131479024887085,-1.5627343654632568,0.0,0.0,-0.0007526859408244491,-0.1712733656167984,0.0,0.0,0.004908664717016953,0.03381948268291624,-0.051085080951452255,0.10354273021221161,0.0,0.0,0.0,0.0
16.91142702102661,-0.3131479024887085,-1.5627343654632568,0.0,0.0,-0.0007526859408244491,-0.1712733656167984,0.0,0.0,0.004908664717016953,0.03381948268291624,-0.051085080951452255,0.10354273021221161,0.0,0.0,0.0,0.0
16.912776231765747,-0.3131479024887085,-1.5627343654632568,0.0,0.0,-0.0007526859408244491,-0.1712733656167984,0.0,0.0,0.004908664717016953,0.03381948268291624,-0.051085080951452255,0.10354273021221161,0.0,0.0,0.0,0.0
16.9143807888031,-0.3131479024887085,-1.5627343654632568,0.0,0.0,-0.0007526859408244491,-0.1712733656167984,0.0,0.0,0.004908664717016953,0.03381948268291624,-0.051085080951452255,0.10354273021221161,0.0,0.0,0.0,0.0
16.915748596191406,-0.3131479024887085,-1.5627343654632568,0.0,0.0,-0.0007526859408244491,-0.1712733656167984,0.0,0.0,0.004908664717016953,0.03381948268291624,-0.051085080951452255,0.10354273021221161,0.0,0.0,0.0,0.0
16.917455911636353,-0.3131479024887085,-1.5627343654632568,0.0,0.0,-0.0007526859408244491,-0.1712733656167984,0.0,0.0,0.004908664717016953,0.03381948268291624,-0.051085080951452255,0.10354273021221161,0.0,0.0,0.0,0.0
16.91972851753235,-0.3131479024887085,-1.5627343654632568,0.0,0.0,-0.0007526859408244491,-0.1712733656167984,0.0,0.0,0.004908664717016953,0.03381948268291624,-0.051085080951452255,0.10354273021221161,0.0,0.0,0.0,0.0
16.921372413635254,-0.3131479024887085,-1.5627343654632568,0.0,0.0,-0.0007526859408244491,-0.1712733656167984,0.0,0.0,0.004908664717016953,0.03381948268291624,-0.051085080951452255,0.10354273021221161,0.0,0.0,0.0,0.0
16.92286229133606,-0.3131479024887085,-1.5627343654632568,0.0,0.0,-0.0007526859408244491,-0.1712733656167984,0.0,0.0,0.004908664717016953,0.03381948268291624,-0.051085080951452255,0.10354273021221161,0.0,0.0,0.0,0.0
16.92435932159424,-0.3131479024887085,-1.5627343654632568,0.0,0.0,-0.0007526859408244491,-0.1712733656167984,0.0,0.0,0.004908664717016953,0.03381948268291624,-0.051085080951452255,0.10354273021221161,0.0,0.0,0.0,0.0
16.925843715667725,-0.3131479024887085,-1.5627343654632568,0.0,0.0,-0.0007526859408244491,-0.1712733656167984,0.0,0.0,0.004908664717016953,0.03381948268291624,-0.051085080951452255,0.10354273021221161,0.0,0.0,0.0,0.0
16.928398609161377,-0.3131479024887085,-1.5627343654632568,0.0,0.0,-0.0007526859408244491,-0.1712733656167984,0.0,0.0,0.004908664717016953,0.03381948268291624,-0.051085080951452255,0.10354273021221161,0.0,0.0,0.0,0.0
16.93003010749817,-0.3131479024887085,-1.5627343654632568,0.0,0.0,-0.0007526859408244491,-0.1712733656167984,0.0,0.0,0.004908664717016953,0.03381948268291624,-0.051085080951452255,0.10354273021221161,0.0,0.0,0.0,0.0
16.932300567626953,-0.3131479024887085,-1.5627343654632568,0.0,0.0,-0.0007526859408244491,-0.1712733656167984,0.0,0.0,0.004908664717016953,0.03381948268291624,-0.051085080951452255,0.10354273021221161,0.0,0.0,0.0,0.0
16.93461561203003,-0.3131479024887085,-1.5627343654632568,0.0,0.0,-0.0007526859408244491,-0.1712733656167984,0.0,0.0,0.004908664717016953,0.03381948268291624,-0.051085080951452255,0.10354273021221161,0.0,0.0,0.0,0.0
16.936283349990845,-0.3131479024887085,-1.5627343654632568,0.0,0.0,-0.0007526859408244491,-0.1712733656167984,0.0,0.0,0.004908664717016953,0.03381948268291624,-0.051085080951452255,0.10354273021221161,0.0,0.0,0.0,0.0
16.937721490859985,-0.3131479024887085,-1.5627343654632568,0.0,0.0,-0.0007526859408244491,-0.1712733656167984,0.0,0.0,0.004908664717016953,0.03381948268291624,-0.051085080951452255,0.10354273021221161,0.0,0.0,0.0,0.0
16.939883947372437,-0.3131479024887085,-1.5627343654632568,0.0,0.0,-0.0007526859408244491,-0.1712733656167984,0.0,0.0,0.004908664717016953,0.03381948268291624,-0.051085080951452255,0.10354273021221161,0.0,0.0,0.0,0.0
16.94131302833557,-0.3131479024887085,-1.5627343654632568,0.0,0.0,-0.0007526859408244491,-0.1712733656167984,0.0,0.0,0.004908664717016953,0.03381948268291624,-0.051085080951452255,0.10354273021221161,0.0,0.0,0.0,0.0
16.94277286529541,-0.3131479024887085,-1.5627343654632568,0.0,0.0,-0.0007526859408244491,-0.1712733656167984,0.0,0.0,0.004908664717016953,0.03381948268291624,-0.051085080951452255,0.10354273021221161,0.0,0.0,0.0,0.0
16.94421696662903,-0.3131479024887085,-1.5627343654632568,0.0,0.0,-0.0007526859408244491,-0.1712733656167984,0.0,0.0,0.004908664717016953,0.03381948268291624,-0.051085080951452255,0.10354273021221161,0.0,0.0,0.0,0.0
16.945744276046753,-0.3131479024887085,-1.5627343654632568,0.0,0.0,-0.0007526859408244491,-0.1712733656167984,0.0,0.0,0.004908664717016953,0.03381948268291624,-0.051085080951452255,0.10354273021221161,0.0,0.0,0.0,0.0
16.948248147964478,-0.3131479024887085,-1.5627343654632568,0.0,0.0,-0.0007526859408244491,-0.1712733656167984,0.0,0.0,0.004908664717016953,0.03381948268291624,-0.051085080951452255,0.10354273021221161,0.0,0.0,0.0,0.0
16.95021677017212,-0.3131479024887085,-1.5627343654632568,0.0,0.0,-0.0007526859408244491,-0.1712733656167984,0.0,0.0,0.004908664717016953,0.03381948268291624,-0.051085080951452255,0.10354273021221161,0.0,0.0,0.0,0.0
16.95252752304077,-0.3131479024887085,-1.5627343654632568,0.0,0.0,-0.0007526859408244491,-0.1712733656167984,0.0,0.0,0.004908664717016953,0.03381948268291624,-0.051085080951452255,0.10354273021221161,0.0,0.0,0.0,0.0
16.954047203063965,-0.3131479024887085,-1.5627343654632568,0.0,0.0,-0.0007526859408244491,-0.1712733656167984,0.0,0.0,0.004908664717016953,0.03381948268291624,-0.051085080951452255,0.10354273021221161,0.0,0.0,0.0,0.0
16.95553731918335,-0.3131479024887085,-1.5627343654632568,0.0,0.0,-0.0007526859408244491,-0.1712733656167984,0.0,0.0,0.004908664717016953,0.03381948268291624,-0.051085080951452255,0.10354273021221161,0.0,0.0,0.0,0.0
16.95723009109497,-0.3131479024887085,-1.5627343654632568,0.0,0.0,-0.0007526859408244491,-0.1712733656167984,0.0,0.0,0.004908664717016953,0.03381948268291624,-0.051085080951452255,0.10354273021221161,0.0,0.0,0.0,0.0
16.95869731903076,-0.3131479024887085,-1.5627343654632568,0.0,0.0,-0.0007526859408244491,-0.1712733656167984,0.0,0.0,0.004908664717016953,0.03381948268291624,-0.051085080951452255,0.10354273021221161,0.0,0.0,0.0,0.0
16.960127353668213,-0.3131479024887085,-1.5627343654632568,0.0,0.0,-0.0007526859408244491,-0.1712733656167984,0.0,0.0,0.004908664717016953,0.03381948268291624,-0.051085080951452255,0.10354273021221161,0.0,0.0,0.0,0.0
16.96157193183899,-0.3131479024887085,-1.5627343654632568,0.0,0.0,-0.0007526859408244491,-0.1712733656167984,0.0,0.0,0.004908664717016953,0.03381948268291624,-0.051085080951452255,0.10354273021221161,0.0,0.0,0.0,0.0
16.962998628616333,-0.3131479024887085,-1.5627343654632568,0.0,0.0,-0.0007526859408244491,-0.1712733656167984,0.0,0.0,0.004908664717016953,0.03381948268291624,-0.051085080951452255,0.10354273021221161,0.0,0.0,0.0,0.0
16.964438915252686,-0.3131479024887085,-1.5627343654632568,0.0,0.0,-0.0007526859408244491,-0.1712733656167984,0.0,0.0,0.004908664717016953,0.03381948268291624,-0.051085080951452255,0.10354273021221161,0.0,0.0,0.0,0.0
16.965873956680298,-0.3131479024887085,-1.5627343654632568,0.0,0.0,-0.0007526859408244491,-0.1712733656167984,0.0,0.0,0.004908664717016953,0.03381948268291624,-0.051085080951452255,0.10354273021221161,0.0,0.0,0.0,0.0
16.967997074127197,-0.3131479024887085,-1.5627343654632568,0.0,0.0,-0.0007526859408244491,-0.1712733656167984,0.0,0.0,0.004908664717016953,0.03381948268291624,-0.051085080951452255,0.10354273021221161,0.0,0.0,0.0,0.0
16.969943284988403,-0.3131479024887085,-1.5627343654632568,0.0,0.0,-0.0007526859408244491,-0.1712733656167984,0.0,0.0,0.004908664717016953,0.03381948268291624,-0.051085080951452255,0.10354273021221161,0.0,0.0,0.0,0.0
16.97215223312378,-0.3131479024887085,-1.5627343654632568,0.0,0.0,-0.0007526859408244491,-0.1712733656167984,0.0,0.0,0.004908664717016953,0.03381948268291624,-0.051085080951452255,0.10354273021221161,0.0,0.0,0.0,0.0
16.974649667739868,-0.3131479024887085,-1.5627343654632568,0.0,0.0,-0.0007526859408244491,-0.1712733656167984,0.0,0.0,0.004908664717016953,0.03381948268291624,-0.051085080951452255,0.10354273021221161,0.0,0.0,0.0,0.0
16.976764678955078,-0.3131479024887085,-1.5627343654632568,0.0,0.0,-0.0007526859408244491,-0.1712733656167984,0.0,0.0,0.004908664717016953,0.03381948268291624,-0.051085080951452255,0.10354273021221161,0.0,0.0,0.0,0.0
16.978909492492676,-0.3131479024887085,-1.5627343654632568,0.0,0.0,-0.0007526859408244491,-0.1712733656167984,0.0,0.0,0.004908664717016953,0.03381948268291624,-0.051085080951452255,0.10354273021221161,0.0,0.0,0.0,0.0
16.9808349609375,-0.3131479024887085,-1.5627343654632568,0.0,0.0,-0.0007526859408244491,-0.1712733656167984,0.0,0.0,0.004908664717016953,0.03381948268291624,-0.051085080951452255,0.10354273021221161,0.0,0.0,0.0,0.0
16.98267912864685,-0.3131479024887085,-1.5627343654632568,0.0,0.0,-0.0007526859408244491,-0.1712733656167984,0.0,0.0,0.004908664717016953,0.03381948268291624,-0.051085080951452255,0.10354273021221161,0.0,0.0,0.0,0.0
16.984480142593384,-0.3131479024887085,-1.5627343654632568,0.0,0.0,-0.0007526859408244491,-0.1712733656167984,0.0,0.0,0.004908664717016953,0.03381948268291624,-0.051085080951452255,0.10354273021221161,0.0,0.0,0.0,0.0
16.986375093460083,-0.3131479024887085,-1.5627343654632568,0.0,0.0,-0.0007526859408244491,-0.1712733656167984,0.0,0.0,0.004908664717016953,0.03381948268291624,-0.051085080951452255,0.10354273021221161,0.0,0.0,0.0,0.0
16.988230228424072,-0.3131479024887085,-1.5627343654632568,0.0,0.0,-0.0007526859408244491,-0.1712733656167984,0.0,0.0,0.004908664717016953,0.03381948268291624,-0.051085080951452255,0.10354273021221161,0.0,0.0,0.0,0.0
16.99042510986328,-0.3131479024887085,-1.5627343654632568,0.0,0.0,-0.0007526859408244491,-0.1712733656167984,0.0,0.0,0.004908664717016953,0.03381948268291624,-0.051085080951452255,0.10354273021221161,0.0,0.0,0.0,0.0
16.992294311523438,-0.3131479024887085,-1.5627343654632568,0.0,0.0,-0.0007526859408244491,-0.1712733656167984,0.0,0.0,0.004908664717016953,0.03381948268291624,-0.051085080951452255,0.10354273021221161,0.0,0.0,0.0,0.0
16.994392156600952,-0.3131479024887085,-1.5627343654632568,0.0,0.0,-0.0007526859408244491,-0.1712733656167984,0.0,0.0,0.004908664717016953,0.03381948268291624,-0.051085080951452255,0.10354273021221161,0.0,0.0,0.0,0.0
16.99623990058899,-0.3131479024887085,-1.5627343654632568,0.0,0.0,-0.0007526859408244491,-0.1712733656167984,0.0,0.0,0.004908664717016953,0.03381948268291624,-0.051085080951452255,0.10354273021221161,0.0,0.0,0.0,0.0
16.99801468849182,-0.3131479024887085,-1.5627343654632568,0.0,0.0,-0.0007526859408244491,-0.1712733656167984,0.0,0.0,0.004908664717016953,0.03381948268291624,-0.051085080951452255,0.10354273021221161,0.0,0.0,0.0,0.0
16.999844312667847,-0.3131479024887085,-1.5627343654632568,0.0,0.0,-0.0007526859408244491,-0.1712733656167984,0.0,0.0,0.004908664717016953,0.03381948268291624,-0.051085080951452255,0.10354273021221161,0.0,0.0,0.0,0.0
17.0013906955719,-0.3131479024887085,-1.5627343654632568,0.0,0.0,-0.0007526859408244491,-0.1712733656167984,0.0,0.0,0.004908664717016953,0.03381948268291624,-0.051085080951452255,0.10354273021221161,0.0,0.0,0.0,0.0
17.003069162368774,-0.3131479024887085,-1.5627343654632568,0.0,0.0,-0.0007526859408244491,-0.1712733656167984,0.0,0.0,0.004908664717016953,0.03381948268291624,-0.051085080951452255,0.10354273021221161,0.0,0.0,0.0,0.0
17.004491090774536,-0.3131479024887085,-1.5627343654632568,0.0,0.0,-0.0007526859408244491,-0.1712733656167984,0.0,0.0,0.004908664717016953,0.03381948268291624,-0.051085080951452255,0.10354273021221161,0.0,0.0,0.0,0.0
17.005926609039307,-0.3131479024887085,-1.5627343654632568,0.0,0.0,-0.0007526859408244491,-0.1712733656167984,0.0,0.0,0.004908664717016953,0.03381948268291624,-0.051085080951452255,0.10354273021221161,0.0,0.0,0.0,0.0
17.00763988494873,-0.3131479024887085,-1.5627343654632568,0.0,0.0,-0.0007526859408244491,-0.1712733656167984,0.0,0.0,0.004908664717016953,0.03381948268291624,-0.051085080951452255,0.10354273021221161,0.0,0.0,0.0,0.0
17.009514570236206,-0.3131479024887085,-1.5627343654632568,0.0,0.0,-0.0007526859408244491,-0.1712733656167984,0.0,0.0,0.004908664717016953,0.03381948268291624,-0.051085080951452255,0.10354273021221161,0.0,0.0,0.0,0.0
17.01164174079895,-0.3131479024887085,-1.5627343654632568,0.0,0.0,-0.0007526859408244491,-0.1712733656167984,0.0,0.0,0.004908664717016953,0.03381948268291624,-0.051085080951452255,0.10354273021221161,0.0,0.0,0.0,0.0
17.013537168502808,-0.3131479024887085,-1.5627343654632568,0.0,0.0,-0.0007526859408244491,-0.1712733656167984,0.0,0.0,0.004908664717016953,0.03381948268291624,-0.051085080951452255,0.10354273021221161,0.0,0.0,0.0,0.0
17.015610456466675,-0.3131479024887085,-1.5627343654632568,0.0,0.0,-0.0007526859408244491,-0.1712733656167984,0.0,0.0,0.004908664717016953,0.03381948268291624,-0.051085080951452255,0.10354273021221161,0.0,0.0,0.0,0.0
17.018227577209473,-0.3131479024887085,-1.5627343654632568,0.0,0.0,-0.0007526859408244491,-0.1712733656167984,0.0,0.0,0.004908664717016953,0.03381948268291624,-0.051085080951452255,0.10354273021221161,0.0,0.0,0.0,0.0
17.02005648612976,-0.3131479024887085,-1.5627343654632568,0.0,0.0,-0.0007526859408244491,-0.1712733656167984,0.0,0.0,0.004908664717016953,0.03381948268291624,-0.051085080951452255,0.10354273021221161,0.0,0.0,0.0,0.0
17.02177858352661,-0.3131479024887085,-1.5627343654632568,0.0,0.0,-0.0007526859408244491,-0.1712733656167984,0.0,0.0,0.004908664717016953,0.03381948268291624,-0.051085080951452255,0.10354273021221161,0.0,0.0,0.0,0.0
17.023560762405396,-0.3131479024887085,-1.5627343654632568,0.0,0.0,-0.0007526859408244491,-0.1712733656167984,0.0,0.0,0.004908664717016953,0.03381948268291624,-0.051085080951452255,0.10354273021221161,0.0,0.0,0.0,0.0
17.02527165412903,-0.3131479024887085,-1.5627343654632568,0.0,0.0,-0.0007526859408244491,-0.1712733656167984,0.0,0.0,0.004908664717016953,0.03381948268291624,-0.051085080951452255,0.10354273021221161,0.0,0.0,0.0,0.0
17.027387857437134,-0.3131479024887085,-1.5627343654632568,0.0,0.0,-0.0007526859408244491,-0.1712733656167984,0.0,0.0,0.004908664717016953,0.03381948268291624,-0.051085080951452255,0.10354273021221161,0.0,0.0,0.0,0.0
17.029133081436157,-0.3131479024887085,-1.5627343654632568,0.0,0.0,-0.0007526859408244491,-0.1712733656167984,0.0,0.0,0.004908664717016953,0.03381948268291624,-0.051085080951452255,0.10354273021221161,0.0,0.0,0.0,0.0
17.031615734100342,-0.3131479024887085,-1.5627343654632568,0.0,0.0,-0.0007526859408244491,-0.1712733656167984,0.0,0.0,0.004908664717016953,0.03381948268291624,-0.051085080951452255,0.10354273021221161,0.0,0.0,0.0,0.0
17.033286571502686,-0.3131479024887085,-1.5627343654632568,0.0,0.0,-0.0007526859408244491,-0.1712733656167984,0.0,0.0,0.004908664717016953,0.03381948268291624,-0.051085080951452255,0.10354273021221161,0.0,0.0,0.0,0.0
17.03462553024292,-0.3131479024887085,-1.5627343654632568,0.0,0.0,-0.0007526859408244491,-0.1712733656167984,0.0,0.0,0.004908664717016953,0.03381948268291624,-0.051085080951452255,0.10354273021221161,0.0,0.0,0.0,0.0
17.03635573387146,-0.3131479024887085,-1.5627343654632568,0.0,0.0,-0.0007526859408244491,-0.1712733656167984,0.0,0.0,0.004908664717016953,0.03381948268291624,-0.051085080951452255,0.10354273021221161,0.0,0.0,0.0,0.0
17.037909269332886,-0.3131479024887085,-1.5627343654632568,0.0,0.0,-0.0007526859408244491,-0.1712733656167984,0.0,0.0,0.004908664717016953,0.03381948268291624,-0.051085080951452255,0.10354273021221161,0.0,0.0,0.0,0.0
17.039634704589844,-0.3131479024887085,-1.5627343654632568,0.0,0.0,-0.0007526859408244491,-0.1712733656167984,0.0,0.0,0.004908664717016953,0.03381948268291624,-0.051085080951452255,0.10354273021221161,0.0,0.0,0.0,0.0
17.041191816329956,-0.3131479024887085,-1.5627343654632568,0.0,0.0,-0.0007526859408244491,-0.1712733656167984,0.0,0.0,0.004908664717016953,0.03381948268291624,-0.051085080951452255,0.10354273021221161,0.0,0.0,0.0,0.0
17.042603731155396,-0.3131479024887085,-1.5627343654632568,0.0,0.0,-0.0007526859408244491,-0.1712733656167984,0.0,0.0,0.004908664717016953,0.03381948268291624,-0.051085080951452255,0.10354273021221161,0.0,0.0,0.0,0.0
17.04453706741333,-0.3131479024887085,-1.5627343654632568,0.0,0.0,-0.0007526859408244491,-0.1712733656167984,0.0,0.0,0.004908664717016953,0.03381948268291624,-0.051085080951452255,0.10354273021221161,0.0,0.0,0.0,0.0
17.047080516815186,-0.3131479024887085,-1.5627343654632568,0.0,0.0,-0.0007526859408244491,-0.1712733656167984,0.0,0.0,0.004908664717016953,0.03381948268291624,-0.051085080951452255,0.10354273021221161,0.0,0.0,0.0,0.0
17.049458742141724,-0.3131479024887085,-1.5627343654632568,0.0,0.0,-0.0007526859408244491,-0.1712733656167984,0.0,0.0,0.004908664717016953,0.03381948268291624,-0.051085080951452255,0.10354273021221161,0.0,0.0,0.0,0.0
17.051305055618286,-0.3131479024887085,-1.5627343654632568,0.0,0.0,-0.0007526859408244491,-0.1712733656167984,0.0,0.0,0.004908664717016953,0.03381948268291624,-0.051085080951452255,0.10354273021221161,0.0,0.0,0.0,0.0
17.053616046905518,-0.3131479024887085,-1.5627343654632568,0.0,0.0,-0.0007526859408244491,-0.1712733656167984,0.0,0.0,0.004908664717016953,0.03381948268291624,-0.051085080951452255,0.10354273021221161,0.0,0.0,0.0,0.0
17.05603814125061,-0.3131479024887085,-1.5627343654632568,0.0,0.0,-0.0007526859408244491,-0.1712733656167984,0.0,0.0,0.004908664717016953,0.03381948268291624,-0.051085080951452255,0.10354273021221161,0.0,0.0,0.0,0.0
17.060445070266724,-0.3131479024887085,-1.5627343654632568,0.0,0.0,-0.0007526859408244491,-0.1712733656167984,0.0,0.0,0.004908664717016953,0.03381948268291624,-0.051085080951452255,0.10354273021221161,0.0,0.0,0.0,0.0
17.063289880752563,-0.3131479024887085,-1.5627343654632568,0.0,0.0,-0.0007526859408244491,-0.1712733656167984,0.0,0.0,0.004908664717016953,0.03381948268291624,-0.051085080951452255,0.10354273021221161,0.0,0.0,0.0,0.0
17.06630229949951,-0.3131479024887085,-1.5627343654632568,0.0,0.0,-0.0007526859408244491,-0.1712733656167984,0.0,0.0,0.004908664717016953,0.03381948268291624,-0.051085080951452255,0.10354273021221161,0.0,0.0,0.0,0.0
17.067744493484497,-0.3131479024887085,-1.5627343654632568,0.0,0.0,-0.0007526859408244491,-0.1712733656167984,0.0,0.0,0.004908664717016953,0.03381948268291624,-0.051085080951452255,0.10354273021221161,0.0,0.0,0.0,0.0
17.06949734687805,-0.3131479024887085,-1.5627343654632568,0.0,0.0,-0.0007526859408244491,-0.1712733656167984,0.0,0.0,0.004908664717016953,0.03381948268291624,-0.051085080951452255,0.10354273021221161,0.0,0.0,0.0,0.0
17.070996046066284,-0.3131479024887085,-1.5627343654632568,0.0,0.0,-0.0007526859408244491,-0.1712733656167984,0.0,0.0,0.004908664717016953,0.03381948268291624,-0.051085080951452255,0.10354273021221161,0.0,0.0,0.0,0.0
17.072469234466553,-0.3131479024887085,-1.5627343654632568,0.0,0.0,-0.0007526859408244491,-0.1712733656167984,0.0,0.0,0.004908664717016953,0.03381948268291624,-0.051085080951452255,0.10354273021221161,0.0,0.0,0.0,0.0
17.074345588684082,-0.3131479024887085,-1.5627343654632568,0.0,0.0,-0.0007526859408244491,-0.1712733656167984,0.0,0.0,0.004908664717016953,0.03381948268291624,-0.051085080951452255,0.10354273021221161,0.0,0.0,0.0,0.0
17.075851440429688,-0.3131479024887085,-1.5627343654632568,0.0,0.0,-0.0007526859408244491,-0.1712733656167984,0.0,0.0,0.004908664717016953,0.03381948268291624,-0.051085080951452255,0.10354273021221161,0.0,0.0,0.0,0.0
17.07730484008789,-0.3131479024887085,-1.5627343654632568,0.0,0.0,-0.0007526859408244491,-0.1712733656167984,0.0,0.0,0.004908664717016953,0.03381948268291624,-0.051085080951452255,0.10354273021221161,0.0,0.0,0.0,0.0
17.082257509231567,-0.3131479024887085,-1.5627343654632568,0.0,0.0,-0.0007526859408244491,-0.1712733656167984,0.0,0.0,0.004908664717016953,0.03381948268291624,-0.051085080951452255,0.10354273021221161,0.0,0.0,0.0,0.0
17.083866357803345,-0.3131479024887085,-1.5627343654632568,0.0,0.0,-0.0007526859408244491,-0.1712733656167984,0.0,0.0,0.004908664717016953,0.03381948268291624,-0.051085080951452255,0.10354273021221161,0.0,0.0,0.0,0.0
17.085268020629883,-0.3131479024887085,-1.5627343654632568,0.0,0.0,-0.0007526859408244491,-0.1712733656167984,0.0,0.0,0.004908664717016953,0.03381948268291624,-0.051085080951452255,0.10354273021221161,0.0,0.0,0.0,0.0
17.08699870109558,-0.3131479024887085,-1.5627343654632568,0.0,0.0,-0.0007526859408244491,-0.1712733656167984,0.0,0.0,0.004908664717016953,0.03381948268291624,-0.051085080951452255,0.10354273021221161,0.0,0.0,0.0,0.0
17.08871865272522,-0.3131479024887085,-1.5627343654632568,0.0,0.0,-0.0007526859408244491,-0.1712733656167984,0.0,0.0,0.004908664717016953,0.03381948268291624,-0.051085080951452255,0.10354273021221161,0.0,0.0,0.0,0.0
17.09014105796814,-0.3131479024887085,-1.5627343654632568,0.0,0.0,-0.0007526859408244491,-0.1712733656167984,0.0,0.0,0.004908664717016953,0.03381948268291624,-0.051085080951452255,0.10354273021221161,0.0,0.0,0.0,0.0
17.091533422470093,-0.3131479024887085,-1.5627343654632568,0.0,0.0,-0.0007526859408244491,-0.1712733656167984,0.0,0.0,0.004908664717016953,0.03381948268291624,-0.051085080951452255,0.10354273021221161,0.0,0.0,0.0,0.0
17.094237089157104,-0.3131479024887085,-1.5627343654632568,0.0,0.0,-0.0007526859408244491,-0.1712733656167984,0.0,0.0,0.004908664717016953,0.03381948268291624,-0.051085080951452255,0.10354273021221161,0.0,0.0,0.0,0.0
17.09744668006897,-0.3131479024887085,-1.5627343654632568,0.0,0.0,-0.0007526859408244491,-0.1712733656167984,0.0,0.0,0.004908664717016953,0.03381948268291624,-0.051085080951452255,0.10354273021221161,0.0,0.0,0.0,0.0
17.099565744400024,-0.3131479024887085,-1.5627343654632568,0.0,0.0,-0.0007526859408244491,-0.1712733656167984,0.0,0.0,0.004908664717016953,0.03381948268291624,-0.051085080951452255,0.10354273021221161,0.0,0.0,0.0,0.0
17.101316690444946,-0.3131479024887085,-1.5627343654632568,0.0,0.0,-0.0007526859408244491,-0.1712733656167984,0.0,0.0,0.004908664717016953,0.03381948268291624,-0.051085080951452255,0.10354273021221161,0.0,0.0,0.0,0.0
17.104291439056396,-0.3131479024887085,-1.5627343654632568,0.0,0.0,-0.0007526859408244491,-0.1712733656167984,0.0,0.0,0.004908664717016953,0.03381948268291624,-0.051085080951452255,0.10354273021221161,0.0,0.0,0.0,0.0
17.106871366500854,-0.3131479024887085,-1.5627343654632568,0.0,0.0,-0.0007526859408244491,-0.1712733656167984,0.0,0.0,0.004908664717016953,0.03381948268291624,-0.051085080951452255,0.10354273021221161,0.0,0.0,0.0,0.0
17.111128330230713,-0.3131479024887085,-1.5627343654632568,0.0,0.0,-0.0007526859408244491,-0.1712733656167984,0.0,0.0,0.004908664717016953,0.03381948268291624,-0.051085080951452255,0.10354273021221161,0.0,0.0,0.0,0.0
17.11853790283203,-0.3131479024887085,-1.5627343654632568,0.0,0.0,-0.0007526859408244491,-0.1712733656167984,0.0,0.0,0.004908664717016953,0.03381948268291624,-0.051085080951452255,0.10354273021221161,0.0,0.0,0.0,0.0
17.123549699783325,-0.3131479024887085,-1.5627343654632568,0.0,0.0,-0.0007526859408244491,-0.1712733656167984,0.0,0.0,0.004908664717016953,0.03381948268291624,-0.051085080951452255,0.10354273021221161,0.0,0.0,0.0,0.0
17.12538981437683,-0.3131479024887085,-1.5627343654632568,0.0,0.0,-0.0007526859408244491,-0.1712733656167984,0.0,0.0,0.004908664717016953,0.03381948268291624,-0.051085080951452255,0.10354273021221161,0.0,0.0,0.0,0.0
17.126816511154175,-0.3131479024887085,-1.5627343654632568,0.0,0.0,-0.0007526859408244491,-0.1712733656167984,0.0,0.0,0.004908664717016953,0.03381948268291624,-0.051085080951452255,0.10354273021221161,0.0,0.0,0.0,0.0
